timestamp,index,adc0_gpio36,adc1_gpio39,adc2_gpio34,adc3_gpio35,adc4_gpio32,adc5_gpio33,imu0_acc_x,imu0_acc_y,imu0_acc_z,imu0_gyro_x,imu0_gyro_y,imu0_gyro_z,imu0_mag_x,imu0_mag_y,imu0_mag_z,imu1_acc_x,imu1_acc_y,imu1_acc_z,imu1_gyro_x,imu1_gyro_y,imu1_gyro_z,imu1_mag_x,imu1_mag_y,imu1_mag_z
0.000000,150605.000000,528.000000,1861.000000,1873.000000,597.000000,1908.000000,1142.000000,0.000000,0.000000,0.000000,0.000000,0.000000,0.000000,0.000000,0.000000,0.000000,0.120000,9.540000,2.130000,-0.010000,0.010000,0.000000,27.690000,-4.750000,-31.000000
0.002000,150606.000000,0.000000,1819.000000,1825.000000,534.000000,1879.000000,1460.000000,0.000000,0.000000,0.000000,0.000000,0.000000,0.000000,0.000000,0.000000,0.000000,0.120000,9.540000,2.130000,-0.010000,0.010000,0.000000,27.690000,-4.750000,-31.000000
0.004000,150607.000000,0.000000,1793.000000,1830.000000,634.000000,1869.000000,1670.000000,0.000000,0.000000,0.000000,0.000000,0.000000,0.000000,0.000000,0.000000,0.000000,0.120000,9.540000,2.130000,-0.010000,0.010000,0.000000,27.690000,-4.750000,-31.000000
0.006000,150608.000000,0.000000,1771.000000,1815.000000,738.000000,1837.000000,1742.000000,0.000000,0.000000,0.000000,0.000000,0.000000,0.000000,0.000000,0.000000,0.000000,0.120000,9.540000,2.130000,-0.010000,0.010000,0.000000,27.690000,-4.750000,-31.000000
0.008000,150609.000000,0.000000,1774.000000,1811.000000,806.000000,1846.000000,1827.000000,0.000000,0.000000,0.000000,0.000000,0.000000,0.000000,0.000000,0.000000,0.000000,0.120000,9.540000,2.130000,-0.010000,0.010000,0.000000,27.690000,-4.750000,-31.000000
0.010000,150610.000000,41.000000,1776.000000,1801.000000,901.000000,1861.000000,2235.000000,0.000000,0.000000,0.000000,0.000000,0.000000,0.000000,0.000000,0.000000,0.000000,0.130000,9.530000,2.220000,0.000000,0.010000,0.000000,27.690000,-4.750000,-31.000000
0.012000,150611.000000,67.000000,1803.000000,1825.000000,1222.000000,1868.000000,2647.000000,0.000000,0.000000,0.000000,0.000000,0.000000,0.000000,0.000000,0.000000,0.000000,0.130000,9.530000,2.220000,0.000000,0.010000,0.000000,27.690000,-4.750000,-31.000000
0.014000,150612.000000,47.000000,1840.000000,1855.000000,1318.000000,1891.000000,2297.000000,0.000000,0.000000,0.000000,0.000000,0.000000,0.000000,0.000000,0.000000,0.000000,0.130000,9.530000,2.220000,0.000000,0.010000,0.000000,27.690000,-4.750000,-31.000000
0.016000,150613.000000,14.000000,1846.000000,1875.000000,1170.000000,1917.000000,1887.000000,0.000000,0.000000,0.000000,0.000000,0.000000,0.000000,0.000000,0.000000,0.000000,0.130000,9.530000,2.220000,0.000000,0.010000,0.000000,27.690000,-4.750000,-31.000000
0.018000,150614.000000,0.000000,1884.000000,1883.000000,799.000000,1939.000000,1300.000000,0.000000,0.000000,0.000000,0.000000,0.000000,0.000000,0.000000,0.000000,0.000000,0.130000,9.530000,2.220000,0.000000,0.010000,0.000000,27.690000,-4.750000,-31.000000
0.020000,150615.000000,58.000000,1862.000000,1876.000000,579.000000,1914.000000,1099.000000,0.000000,0.000000,0.000000,0.000000,0.000000,0.000000,0.000000,0.000000,0.000000,0.140000,9.550000,2.230000,0.000000,0.010000,0.000000,27.690000,-4.750000,-31.000000
0.022000,150616.000000,0.000000,1834.000000,1860.000000,534.000000,1868.000000,1467.000000,0.000000,0.000000,0.000000,0.000000,0.000000,0.000000,0.000000,0.000000,0.000000,0.140000,9.550000,2.230000,0.000000,0.010000,0.000000,27.690000,-4.750000,-31.000000
0.024000,150617.000000,0.000000,1780.000000,1845.000000,635.000000,1863.000000,1648.000000,0.000000,0.000000,0.000000,0.000000,0.000000,0.000000,0.000000,0.000000,0.000000,0.140000,9.550000,2.230000,0.000000,0.010000,0.000000,27.690000,-4.750000,-31.000000
0.026000,150618.000000,0.000000,1785.000000,1824.000000,727.000000,1819.000000,1739.000000,0.000000,0.000000,0.000000,0.000000,0.000000,0.000000,0.000000,0.000000,0.000000,0.140000,9.550000,2.230000,0.000000,0.010000,0.000000,27.690000,-4.750000,-31.000000
0.028000,150619.000000,0.000000,1778.000000,1827.000000,791.000000,1841.000000,1818.000000,0.000000,0.000000,0.000000,0.000000,0.000000,0.000000,0.000000,0.000000,0.000000,0.140000,9.550000,2.230000,0.000000,0.010000,0.000000,27.690000,-4.750000,-31.000000
0.030000,150620.000000,16.000000,1777.000000,1786.000000,914.000000,1840.000000,2255.000000,0.000000,0.000000,0.000000,0.000000,0.000000,0.000000,0.000000,0.000000,0.000000,0.150000,9.530000,2.250000,0.000000,0.010000,0.000000,27.690000,-4.750000,-31.000000
0.032000,150621.000000,193.000000,1776.000000,1811.000000,1231.000000,1861.000000,2651.000000,0.000000,0.000000,0.000000,0.000000,0.000000,0.000000,0.000000,0.000000,0.000000,0.150000,9.530000,2.250000,0.000000,0.010000,0.000000,27.690000,-4.750000,-31.000000
0.034000,150622.000000,52.000000,1853.000000,1863.000000,1296.000000,1875.000000,2322.000000,0.000000,0.000000,0.000000,0.000000,0.000000,0.000000,0.000000,0.000000,0.000000,0.150000,9.530000,2.250000,0.000000,0.010000,0.000000,27.690000,-4.750000,-31.000000
0.036000,150623.000000,3.000000,1880.000000,1882.000000,1168.000000,1904.000000,1875.000000,0.000000,0.000000,0.000000,0.000000,0.000000,0.000000,0.000000,0.000000,0.000000,0.150000,9.530000,2.250000,0.000000,0.010000,0.000000,27.690000,-4.750000,-31.000000
0.038000,150624.000000,0.000000,1886.000000,1890.000000,806.000000,1914.000000,1305.000000,0.000000,0.000000,0.000000,0.000000,0.000000,0.000000,0.000000,0.000000,0.000000,0.150000,9.530000,2.250000,0.000000,0.010000,0.000000,27.690000,-4.750000,-31.000000
0.040000,150625.000000,0.000000,1872.000000,1893.000000,588.000000,1904.000000,1104.000000,0.000000,0.000000,0.000000,0.000000,0.000000,0.000000,0.000000,0.000000,0.000000,0.120000,9.530000,2.240000,0.000000,0.010000,0.000000,26.880000,-4.060000,-31.750000
0.042000,150626.000000,0.000000,1837.000000,1824.000000,548.000000,1877.000000,1479.000000,0.000000,0.000000,0.000000,0.000000,0.000000,0.000000,0.000000,0.000000,0.000000,0.120000,9.530000,2.240000,0.000000,0.010000,0.000000,26.880000,-4.060000,-31.750000
0.044000,150627.000000,16.000000,1797.000000,1807.000000,653.000000,1853.000000,1652.000000,0.000000,0.000000,0.000000,0.000000,0.000000,0.000000,0.000000,0.000000,0.000000,0.120000,9.530000,2.240000,0.000000,0.010000,0.000000,26.880000,-4.060000,-31.750000
0.046000,150628.000000,0.000000,1775.000000,1829.000000,715.000000,1839.000000,1721.000000,0.000000,0.000000,0.000000,0.000000,0.000000,0.000000,0.000000,0.000000,0.000000,0.120000,9.530000,2.240000,0.000000,0.010000,0.000000,26.880000,-4.060000,-31.750000
0.048000,150629.000000,0.000000,1761.000000,1821.000000,798.000000,1841.000000,1837.000000,0.000000,0.000000,0.000000,0.000000,0.000000,0.000000,0.000000,0.000000,0.000000,0.120000,9.530000,2.240000,0.000000,0.010000,0.000000,26.880000,-4.060000,-31.750000
0.050000,150630.000000,583.000000,1786.000000,1811.000000,880.000000,1810.000000,2114.000000,0.000000,0.000000,0.000000,0.000000,0.000000,0.000000,0.000000,0.000000,0.000000,0.110000,9.520000,2.140000,0.000000,0.000000,0.000000,26.880000,-4.060000,-31.750000
0.052000,150631.000000,80.000000,1799.000000,1791.000000,1237.000000,1825.000000,2635.000000,0.000000,0.000000,0.000000,0.000000,0.000000,0.000000,0.000000,0.000000,0.000000,0.110000,9.520000,2.140000,0.000000,0.000000,0.000000,26.880000,-4.060000,-31.750000
0.054000,150632.000000,51.000000,1857.000000,1866.000000,1296.000000,1867.000000,2329.000000,0.000000,0.000000,0.000000,0.000000,0.000000,0.000000,0.000000,0.000000,0.000000,0.110000,9.520000,2.140000,0.000000,0.000000,0.000000,26.880000,-4.060000,-31.750000
0.056000,150633.000000,16.000000,1883.000000,1862.000000,1169.000000,1899.000000,1888.000000,0.000000,0.000000,0.000000,0.000000,0.000000,0.000000,0.000000,0.000000,0.000000,0.110000,9.520000,2.140000,0.000000,0.000000,0.000000,26.880000,-4.060000,-31.750000
0.058000,150634.000000,0.000000,1903.000000,1927.000000,786.000000,1903.000000,1253.000000,0.000000,0.000000,0.000000,0.000000,0.000000,0.000000,0.000000,0.000000,0.000000,0.110000,9.520000,2.140000,0.000000,0.000000,0.000000,26.880000,-4.060000,-31.750000
0.060000,150635.000000,0.000000,1873.000000,1865.000000,590.000000,1879.000000,1105.000000,0.000000,0.000000,0.000000,0.000000,0.000000,0.000000,0.000000,0.000000,0.000000,0.110000,9.540000,2.250000,0.000000,0.010000,0.000000,26.880000,-4.060000,-31.750000
0.062000,150636.000000,0.000000,1843.000000,1850.000000,525.000000,1875.000000,1474.000000,0.000000,0.000000,0.000000,0.000000,0.000000,0.000000,0.000000,0.000000,0.000000,0.110000,9.540000,2.250000,0.000000,0.010000,0.000000,26.880000,-4.060000,-31.750000
0.064000,150637.000000,0.000000,1815.000000,1856.000000,624.000000,1847.000000,1655.000000,0.000000,0.000000,0.000000,0.000000,0.000000,0.000000,0.000000,0.000000,0.000000,0.110000,9.540000,2.250000,0.000000,0.010000,0.000000,26.880000,-4.060000,-31.750000
0.066000,150638.000000,0.000000,1808.000000,1815.000000,715.000000,1850.000000,1718.000000,0.000000,0.000000,0.000000,0.000000,0.000000,0.000000,0.000000,0.000000,0.000000,0.110000,9.540000,2.250000,0.000000,0.010000,0.000000,26.880000,-4.060000,-31.750000
0.068000,150639.000000,0.000000,1786.000000,1833.000000,795.000000,1810.000000,1805.000000,0.000000,0.000000,0.000000,0.000000,0.000000,0.000000,0.000000,0.000000,0.000000,0.110000,9.540000,2.250000,0.000000,0.010000,0.000000,26.880000,-4.060000,-31.750000
0.070000,150640.000000,90.000000,1779.000000,1794.000000,887.000000,1814.000000,2197.000000,0.000000,0.000000,0.000000,0.000000,0.000000,0.000000,0.000000,0.000000,0.000000,0.110000,9.510000,2.270000,-0.010000,0.010000,0.000000,26.880000,-4.060000,-31.750000
0.072000,150641.000000,69.000000,1806.000000,1825.000000,1241.000000,1841.000000,2619.000000,0.000000,0.000000,0.000000,0.000000,0.000000,0.000000,0.000000,0.000000,0.000000,0.110000,9.510000,2.270000,-0.010000,0.010000,0.000000,26.880000,-4.060000,-31.750000
0.074000,150642.000000,48.000000,1871.000000,1850.000000,1321.000000,1879.000000,2321.000000,0.000000,0.000000,0.000000,0.000000,0.000000,0.000000,0.000000,0.000000,0.000000,0.110000,9.510000,2.270000,-0.010000,0.010000,0.000000,26.880000,-4.060000,-31.750000
0.076000,150643.000000,15.000000,1886.000000,1903.000000,1152.000000,1872.000000,1889.000000,0.000000,0.000000,0.000000,0.000000,0.000000,0.000000,0.000000,0.000000,0.000000,0.110000,9.510000,2.270000,-0.010000,0.010000,0.000000,26.880000,-4.060000,-31.750000
0.078000,150644.000000,0.000000,1875.000000,1893.000000,835.000000,1897.000000,1277.000000,0.000000,0.000000,0.000000,0.000000,0.000000,0.000000,0.000000,0.000000,0.000000,0.110000,9.510000,2.270000,-0.010000,0.010000,0.000000,26.880000,-4.060000,-31.750000
0.080000,150645.000000,0.000000,1875.000000,1885.000000,560.000000,1889.000000,1088.000000,0.000000,0.000000,0.000000,0.000000,0.000000,0.000000,0.000000,0.000000,0.000000,0.100000,9.530000,2.290000,-0.010000,0.010000,0.000000,26.880000,-4.060000,-31.750000
0.082000,150646.000000,1.000000,1837.000000,1858.000000,533.000000,1852.000000,1462.000000,0.000000,0.000000,0.000000,0.000000,0.000000,0.000000,0.000000,0.000000,0.000000,0.100000,9.530000,2.290000,-0.010000,0.010000,0.000000,26.880000,-4.060000,-31.750000
0.084000,150647.000000,0.000000,1806.000000,1827.000000,639.000000,1834.000000,1623.000000,0.000000,0.000000,0.000000,0.000000,0.000000,0.000000,0.000000,0.000000,0.000000,0.100000,9.530000,2.290000,-0.010000,0.010000,0.000000,26.880000,-4.060000,-31.750000
0.086000,150648.000000,0.000000,1801.000000,1809.000000,723.000000,1814.000000,1741.000000,0.000000,0.000000,0.000000,0.000000,0.000000,0.000000,0.000000,0.000000,0.000000,0.100000,9.530000,2.290000,-0.010000,0.010000,0.000000,26.880000,-4.060000,-31.750000
0.088000,150649.000000,0.000000,1797.000000,1776.000000,775.000000,1807.000000,1837.000000,0.000000,0.000000,0.000000,0.000000,0.000000,0.000000,0.000000,0.000000,0.000000,0.100000,9.530000,2.290000,-0.010000,0.010000,0.000000,26.880000,-4.060000,-31.750000
0.090000,150650.000000,39.000000,1807.000000,1821.000000,900.000000,1821.000000,2177.000000,0.000000,0.000000,0.000000,0.000000,0.000000,0.000000,0.000000,0.000000,0.000000,0.120000,9.570000,2.260000,-0.010000,0.010000,0.000000,27.690000,-3.250000,-31.750000
0.092000,150651.000000,62.000000,1794.000000,1806.000000,1232.000000,1805.000000,2640.000000,0.000000,0.000000,0.000000,0.000000,0.000000,0.000000,0.000000,0.000000,0.000000,0.120000,9.570000,2.260000,-0.010000,0.010000,0.000000,27.690000,-3.250000,-31.750000
0.094000,150652.000000,87.000000,1847.000000,1825.000000,1277.000000,1839.000000,2323.000000,0.000000,0.000000,0.000000,0.000000,0.000000,0.000000,0.000000,0.000000,0.000000,0.120000,9.570000,2.260000,-0.010000,0.010000,0.000000,27.690000,-3.250000,-31.750000
0.096000,150653.000000,16.000000,1899.000000,1827.000000,1158.000000,1872.000000,1887.000000,0.000000,0.000000,0.000000,0.000000,0.000000,0.000000,0.000000,0.000000,0.000000,0.120000,9.570000,2.260000,-0.010000,0.010000,0.000000,27.690000,-3.250000,-31.750000
0.098000,150654.000000,0.000000,1859.000000,1886.000000,829.000000,1882.000000,1300.000000,0.000000,0.000000,0.000000,0.000000,0.000000,0.000000,0.000000,0.000000,0.000000,0.120000,9.570000,2.260000,-0.010000,0.010000,0.000000,27.690000,-3.250000,-31.750000
0.100000,150655.000000,543.000000,1872.000000,1867.000000,592.000000,1872.000000,1139.000000,0.000000,0.000000,0.000000,0.000000,0.000000,0.000000,0.000000,0.000000,0.000000,0.100000,9.540000,2.170000,-0.010000,0.010000,0.000000,27.690000,-3.250000,-31.750000
0.102000,150656.000000,0.000000,1838.000000,1833.000000,543.000000,1837.000000,1483.000000,0.000000,0.000000,0.000000,0.000000,0.000000,0.000000,0.000000,0.000000,0.000000,0.100000,9.540000,2.170000,-0.010000,0.010000,0.000000,27.690000,-3.250000,-31.750000
0.104000,150657.000000,0.000000,1810.000000,1840.000000,630.000000,1794.000000,1629.000000,0.000000,0.000000,0.000000,0.000000,0.000000,0.000000,0.000000,0.000000,0.000000,0.100000,9.540000,2.170000,-0.010000,0.010000,0.000000,27.690000,-3.250000,-31.750000
0.106000,150658.000000,0.000000,1818.000000,1827.000000,719.000000,1802.000000,1731.000000,0.000000,0.000000,0.000000,0.000000,0.000000,0.000000,0.000000,0.000000,0.000000,0.100000,9.540000,2.170000,-0.010000,0.010000,0.000000,27.690000,-3.250000,-31.750000
0.108000,150659.000000,1.000000,1793.000000,1815.000000,778.000000,1789.000000,1825.000000,0.000000,0.000000,0.000000,0.000000,0.000000,0.000000,0.000000,0.000000,0.000000,0.100000,9.540000,2.170000,-0.010000,0.010000,0.000000,27.690000,-3.250000,-31.750000
0.110000,150660.000000,51.000000,1801.000000,1807.000000,897.000000,1796.000000,2212.000000,0.000000,0.000000,0.000000,0.000000,0.000000,0.000000,0.000000,0.000000,0.000000,0.080000,9.570000,2.160000,-0.010000,0.010000,-0.010000,27.690000,-3.250000,-31.750000
0.112000,150661.000000,67.000000,1810.000000,1799.000000,1227.000000,1818.000000,2630.000000,0.000000,0.000000,0.000000,0.000000,0.000000,0.000000,0.000000,0.000000,0.000000,0.080000,9.570000,2.160000,-0.010000,0.010000,-0.010000,27.690000,-3.250000,-31.750000
0.114000,150662.000000,48.000000,1852.000000,1840.000000,1299.000000,1847.000000,2300.000000,0.000000,0.000000,0.000000,0.000000,0.000000,0.000000,0.000000,0.000000,0.000000,0.080000,9.570000,2.160000,-0.010000,0.010000,-0.010000,27.690000,-3.250000,-31.750000
0.116000,150663.000000,14.000000,1889.000000,1878.000000,1182.000000,1863.000000,1911.000000,0.000000,0.000000,0.000000,0.000000,0.000000,0.000000,0.000000,0.000000,0.000000,0.080000,9.570000,2.160000,-0.010000,0.010000,-0.010000,27.690000,-3.250000,-31.750000
0.118000,150664.000000,0.000000,1883.000000,1887.000000,816.000000,1859.000000,1291.000000,0.000000,0.000000,0.000000,0.000000,0.000000,0.000000,0.000000,0.000000,0.000000,0.080000,9.570000,2.160000,-0.010000,0.010000,-0.010000,27.690000,-3.250000,-31.750000
0.120000,150665.000000,0.000000,1861.000000,1883.000000,585.000000,1872.000000,1104.000000,0.000000,0.000000,0.000000,0.000000,0.000000,0.000000,0.000000,0.000000,0.000000,0.120000,9.540000,2.240000,-0.010000,0.000000,-0.010000,27.690000,-3.250000,-31.750000
0.122000,150666.000000,17.000000,1851.000000,1859.000000,547.000000,1822.000000,1467.000000,0.000000,0.000000,0.000000,0.000000,0.000000,0.000000,0.000000,0.000000,0.000000,0.120000,9.540000,2.240000,-0.010000,0.000000,-0.010000,27.690000,-3.250000,-31.750000
0.124000,150667.000000,0.000000,1808.000000,1844.000000,624.000000,1805.000000,1638.000000,0.000000,0.000000,0.000000,0.000000,0.000000,0.000000,0.000000,0.000000,0.000000,0.120000,9.540000,2.240000,-0.010000,0.000000,-0.010000,27.690000,-3.250000,-31.750000
0.126000,150668.000000,0.000000,1803.000000,1803.000000,742.000000,1809.000000,1734.000000,0.000000,0.000000,0.000000,0.000000,0.000000,0.000000,0.000000,0.000000,0.000000,0.120000,9.540000,2.240000,-0.010000,0.000000,-0.010000,27.690000,-3.250000,-31.750000
0.128000,150669.000000,0.000000,1791.000000,1808.000000,784.000000,1808.000000,1820.000000,0.000000,0.000000,0.000000,0.000000,0.000000,0.000000,0.000000,0.000000,0.000000,0.120000,9.540000,2.240000,-0.010000,0.000000,-0.010000,27.690000,-3.250000,-31.750000
0.130000,150670.000000,33.000000,1799.000000,1827.000000,910.000000,1825.000000,2192.000000,0.000000,0.000000,0.000000,0.000000,0.000000,0.000000,0.000000,0.000000,0.000000,0.130000,9.520000,2.220000,-0.010000,0.010000,0.000000,27.690000,-3.250000,-31.750000
0.132000,150671.000000,71.000000,1776.000000,1821.000000,1232.000000,1851.000000,2635.000000,0.000000,0.000000,0.000000,0.000000,0.000000,0.000000,0.000000,0.000000,0.000000,0.130000,9.520000,2.220000,-0.010000,0.010000,0.000000,27.690000,-3.250000,-31.750000
0.134000,150672.000000,44.000000,1849.000000,1831.000000,1311.000000,1855.000000,2315.000000,0.000000,0.000000,0.000000,0.000000,0.000000,0.000000,0.000000,0.000000,0.000000,0.130000,9.520000,2.220000,-0.010000,0.010000,0.000000,27.690000,-3.250000,-31.750000
0.136000,150673.000000,15.000000,1890.000000,1875.000000,1178.000000,1865.000000,1915.000000,0.000000,0.000000,0.000000,0.000000,0.000000,0.000000,0.000000,0.000000,0.000000,0.130000,9.520000,2.220000,-0.010000,0.010000,0.000000,27.690000,-3.250000,-31.750000
0.138000,150674.000000,0.000000,1907.000000,1885.000000,799.000000,1893.000000,1280.000000,0.000000,0.000000,0.000000,0.000000,0.000000,0.000000,0.000000,0.000000,0.000000,0.130000,9.520000,2.220000,-0.010000,0.010000,0.000000,27.690000,-3.250000,-31.750000
0.140000,150675.000000,34.000000,1873.000000,1853.000000,592.000000,1865.000000,1124.000000,0.000000,0.000000,0.000000,0.000000,0.000000,0.000000,0.000000,0.000000,0.000000,0.110000,9.550000,2.240000,-0.010000,0.010000,0.000000,27.250000,-4.060000,-32.190000
0.142000,150676.000000,0.000000,1825.000000,1829.000000,556.000000,1839.000000,1487.000000,0.000000,0.000000,0.000000,0.000000,0.000000,0.000000,0.000000,0.000000,0.000000,0.110000,9.550000,2.240000,-0.010000,0.010000,0.000000,27.250000,-4.060000,-32.190000
0.144000,150677.000000,23.000000,1808.000000,1831.000000,626.000000,1838.000000,1664.000000,0.000000,0.000000,0.000000,0.000000,0.000000,0.000000,0.000000,0.000000,0.000000,0.110000,9.550000,2.240000,-0.010000,0.010000,0.000000,27.250000,-4.060000,-32.190000
0.146000,150678.000000,0.000000,1785.000000,1813.000000,730.000000,1833.000000,1739.000000,0.000000,0.000000,0.000000,0.000000,0.000000,0.000000,0.000000,0.000000,0.000000,0.110000,9.550000,2.240000,-0.010000,0.010000,0.000000,27.250000,-4.060000,-32.190000
0.148000,150679.000000,1.000000,1798.000000,1827.000000,807.000000,1796.000000,1840.000000,0.000000,0.000000,0.000000,0.000000,0.000000,0.000000,0.000000,0.000000,0.000000,0.110000,9.550000,2.240000,-0.010000,0.010000,0.000000,27.250000,-4.060000,-32.190000
0.150000,150680.000000,387.000000,1801.000000,1797.000000,872.000000,1810.000000,2161.000000,0.000000,0.000000,0.000000,0.000000,0.000000,0.000000,0.000000,0.000000,0.000000,0.100000,9.550000,2.140000,0.000000,0.010000,0.000000,27.250000,-4.060000,-32.190000
0.152000,150681.000000,71.000000,1779.000000,1797.000000,1216.000000,1838.000000,2641.000000,0.000000,0.000000,0.000000,0.000000,0.000000,0.000000,0.000000,0.000000,0.000000,0.100000,9.550000,2.140000,0.000000,0.010000,0.000000,27.250000,-4.060000,-32.190000
0.154000,150682.000000,48.000000,1815.000000,1829.000000,1301.000000,1875.000000,2326.000000,0.000000,0.000000,0.000000,0.000000,0.000000,0.000000,0.000000,0.000000,0.000000,0.100000,9.550000,2.140000,0.000000,0.010000,0.000000,27.250000,-4.060000,-32.190000
0.156000,150683.000000,21.000000,1897.000000,1866.000000,1175.000000,1910.000000,1909.000000,0.000000,0.000000,0.000000,0.000000,0.000000,0.000000,0.000000,0.000000,0.000000,0.100000,9.550000,2.140000,0.000000,0.010000,0.000000,27.250000,-4.060000,-32.190000
0.158000,150684.000000,0.000000,1919.000000,1891.000000,797.000000,1915.000000,1313.000000,0.000000,0.000000,0.000000,0.000000,0.000000,0.000000,0.000000,0.000000,0.000000,0.100000,9.550000,2.140000,0.000000,0.010000,0.000000,27.250000,-4.060000,-32.190000
0.160000,150685.000000,0.000000,1875.000000,1869.000000,567.000000,1878.000000,1111.000000,0.000000,0.000000,0.000000,0.000000,0.000000,0.000000,0.000000,0.000000,0.000000,0.100000,9.540000,2.220000,0.000000,0.010000,0.000000,27.250000,-4.060000,-32.190000
0.162000,150686.000000,0.000000,1830.000000,1834.000000,545.000000,1845.000000,1478.000000,0.000000,0.000000,0.000000,0.000000,0.000000,0.000000,0.000000,0.000000,0.000000,0.100000,9.540000,2.220000,0.000000,0.010000,0.000000,27.250000,-4.060000,-32.190000
0.164000,150687.000000,0.000000,1805.000000,1841.000000,618.000000,1843.000000,1663.000000,0.000000,0.000000,0.000000,0.000000,0.000000,0.000000,0.000000,0.000000,0.000000,0.100000,9.540000,2.220000,0.000000,0.010000,0.000000,27.250000,-4.060000,-32.190000
0.166000,150688.000000,0.000000,1770.000000,1820.000000,699.000000,1809.000000,1728.000000,0.000000,0.000000,0.000000,0.000000,0.000000,0.000000,0.000000,0.000000,0.000000,0.100000,9.540000,2.220000,0.000000,0.010000,0.000000,27.250000,-4.060000,-32.190000
0.168000,150689.000000,0.000000,1790.000000,1813.000000,789.000000,1830.000000,1824.000000,0.000000,0.000000,0.000000,0.000000,0.000000,0.000000,0.000000,0.000000,0.000000,0.100000,9.540000,2.220000,0.000000,0.010000,0.000000,27.250000,-4.060000,-32.190000
0.170000,150690.000000,31.000000,1783.000000,1764.000000,887.000000,1808.000000,2181.000000,0.000000,0.000000,0.000000,0.000000,0.000000,0.000000,0.000000,0.000000,0.000000,0.090000,9.530000,2.250000,0.000000,0.010000,0.000000,27.250000,-4.060000,-32.190000
0.172000,150691.000000,63.000000,1806.000000,1815.000000,1209.000000,1839.000000,2640.000000,0.000000,0.000000,0.000000,0.000000,0.000000,0.000000,0.000000,0.000000,0.000000,0.090000,9.530000,2.250000,0.000000,0.010000,0.000000,27.250000,-4.060000,-32.190000
0.174000,150692.000000,42.000000,1846.000000,1844.000000,1309.000000,1871.000000,2321.000000,0.000000,0.000000,0.000000,0.000000,0.000000,0.000000,0.000000,0.000000,0.000000,0.090000,9.530000,2.250000,0.000000,0.010000,0.000000,27.250000,-4.060000,-32.190000
0.176000,150693.000000,16.000000,1875.000000,1840.000000,1171.000000,1903.000000,1915.000000,0.000000,0.000000,0.000000,0.000000,0.000000,0.000000,0.000000,0.000000,0.000000,0.090000,9.530000,2.250000,0.000000,0.010000,0.000000,27.250000,-4.060000,-32.190000
0.178000,150694.000000,0.000000,1881.000000,1869.000000,822.000000,1899.000000,1310.000000,0.000000,0.000000,0.000000,0.000000,0.000000,0.000000,0.000000,0.000000,0.000000,0.090000,9.530000,2.250000,0.000000,0.010000,0.000000,27.250000,-4.060000,-32.190000
0.180000,150695.000000,0.000000,1862.000000,1843.000000,583.000000,1885.000000,1093.000000,0.000000,0.000000,0.000000,0.000000,0.000000,0.000000,0.000000,0.000000,0.000000,0.100000,9.540000,2.250000,0.000000,0.010000,0.000000,27.250000,-4.060000,-32.190000
0.182000,150696.000000,0.000000,1835.000000,1840.000000,538.000000,1847.000000,1467.000000,0.000000,0.000000,0.000000,0.000000,0.000000,0.000000,0.000000,0.000000,0.000000,0.100000,9.540000,2.250000,0.000000,0.010000,0.000000,27.250000,-4.060000,-32.190000
0.184000,150697.000000,0.000000,1783.000000,1807.000000,629.000000,1839.000000,1645.000000,0.000000,0.000000,0.000000,0.000000,0.000000,0.000000,0.000000,0.000000,0.000000,0.100000,9.540000,2.250000,0.000000,0.010000,0.000000,27.250000,-4.060000,-32.190000
0.186000,150698.000000,0.000000,1774.000000,1806.000000,704.000000,1813.000000,1717.000000,0.000000,0.000000,0.000000,0.000000,0.000000,0.000000,0.000000,0.000000,0.000000,0.100000,9.540000,2.250000,0.000000,0.010000,0.000000,27.250000,-4.060000,-32.190000
0.188000,150699.000000,0.000000,1776.000000,1797.000000,790.000000,1809.000000,1815.000000,0.000000,0.000000,0.000000,0.000000,0.000000,0.000000,0.000000,0.000000,0.000000,0.100000,9.540000,2.250000,0.000000,0.010000,0.000000,27.250000,-4.060000,-32.190000
0.190000,150700.000000,53.000000,1763.000000,1812.000000,867.000000,1808.000000,2153.000000,0.000000,0.000000,0.000000,0.000000,0.000000,0.000000,0.000000,0.000000,0.000000,0.120000,9.560000,2.240000,0.000000,0.010000,0.000000,27.250000,-4.500000,-30.500000
0.192000,150701.000000,70.000000,1774.000000,1795.000000,1206.000000,1808.000000,2626.000000,0.000000,0.000000,0.000000,0.000000,0.000000,0.000000,0.000000,0.000000,0.000000,0.120000,9.560000,2.240000,0.000000,0.010000,0.000000,27.250000,-4.500000,-30.500000
0.194000,150702.000000,82.000000,1839.000000,1825.000000,1292.000000,1838.000000,2337.000000,0.000000,0.000000,0.000000,0.000000,0.000000,0.000000,0.000000,0.000000,0.000000,0.120000,9.560000,2.240000,0.000000,0.010000,0.000000,27.250000,-4.500000,-30.500000
0.196000,150703.000000,16.000000,1839.000000,1851.000000,1171.000000,1869.000000,1903.000000,0.000000,0.000000,0.000000,0.000000,0.000000,0.000000,0.000000,0.000000,0.000000,0.120000,9.560000,2.240000,0.000000,0.010000,0.000000,27.250000,-4.500000,-30.500000
0.198000,150704.000000,0.000000,1855.000000,1856.000000,831.000000,1882.000000,1287.000000,0.000000,0.000000,0.000000,0.000000,0.000000,0.000000,0.000000,0.000000,0.000000,0.120000,9.560000,2.240000,0.000000,0.010000,0.000000,27.250000,-4.500000,-30.500000
0.200000,150705.000000,176.000000,1857.000000,1873.000000,589.000000,1835.000000,1136.000000,0.000000,0.000000,0.000000,0.000000,0.000000,0.000000,0.000000,0.000000,0.000000,0.120000,9.560000,2.190000,0.000000,0.010000,0.000000,27.250000,-4.500000,-30.500000
0.202000,150706.000000,0.000000,1821.000000,1829.000000,510.000000,1819.000000,1472.000000,0.000000,0.000000,0.000000,0.000000,0.000000,0.000000,0.000000,0.000000,0.000000,0.120000,9.560000,2.190000,0.000000,0.010000,0.000000,27.250000,-4.500000,-30.500000
0.204000,150707.000000,0.000000,1792.000000,1808.000000,619.000000,1807.000000,1634.000000,0.000000,0.000000,0.000000,0.000000,0.000000,0.000000,0.000000,0.000000,0.000000,0.120000,9.560000,2.190000,0.000000,0.010000,0.000000,27.250000,-4.500000,-30.500000
0.206000,150708.000000,0.000000,1771.000000,1810.000000,720.000000,1796.000000,1728.000000,0.000000,0.000000,0.000000,0.000000,0.000000,0.000000,0.000000,0.000000,0.000000,0.120000,9.560000,2.190000,0.000000,0.010000,0.000000,27.250000,-4.500000,-30.500000
0.208000,150709.000000,0.000000,1773.000000,1808.000000,784.000000,1792.000000,1836.000000,0.000000,0.000000,0.000000,0.000000,0.000000,0.000000,0.000000,0.000000,0.000000,0.120000,9.560000,2.190000,0.000000,0.010000,0.000000,27.250000,-4.500000,-30.500000
0.210000,150710.000000,10.000000,1745.000000,1797.000000,896.000000,1793.000000,2207.000000,0.000000,0.000000,0.000000,0.000000,0.000000,0.000000,0.000000,0.000000,0.000000,0.150000,9.540000,2.260000,0.000000,0.010000,0.000000,27.250000,-4.500000,-30.500000
0.212000,150711.000000,202.000000,1776.000000,1838.000000,1226.000000,1776.000000,2662.000000,0.000000,0.000000,0.000000,0.000000,0.000000,0.000000,0.000000,0.000000,0.000000,0.150000,9.540000,2.260000,0.000000,0.010000,0.000000,27.250000,-4.500000,-30.500000
0.214000,150712.000000,48.000000,1840.000000,1823.000000,1296.000000,1813.000000,2331.000000,0.000000,0.000000,0.000000,0.000000,0.000000,0.000000,0.000000,0.000000,0.000000,0.150000,9.540000,2.260000,0.000000,0.010000,0.000000,27.250000,-4.500000,-30.500000
0.216000,150713.000000,19.000000,1869.000000,1856.000000,1168.000000,1858.000000,1927.000000,0.000000,0.000000,0.000000,0.000000,0.000000,0.000000,0.000000,0.000000,0.000000,0.150000,9.540000,2.260000,0.000000,0.010000,0.000000,27.250000,-4.500000,-30.500000
0.218000,150714.000000,0.000000,1885.000000,1847.000000,832.000000,1879.000000,1322.000000,0.000000,0.000000,0.000000,0.000000,0.000000,0.000000,0.000000,0.000000,0.000000,0.150000,9.540000,2.260000,0.000000,0.010000,0.000000,27.250000,-4.500000,-30.500000
0.220000,150715.000000,0.000000,1867.000000,1839.000000,566.000000,1857.000000,1120.000000,0.000000,0.000000,0.000000,0.000000,0.000000,0.000000,0.000000,0.000000,0.000000,0.130000,9.570000,2.290000,0.000000,0.010000,0.000000,27.250000,-4.500000,-30.500000
0.222000,150716.000000,0.000000,1840.000000,1853.000000,542.000000,1823.000000,1438.000000,0.000000,0.000000,0.000000,0.000000,0.000000,0.000000,0.000000,0.000000,0.000000,0.130000,9.570000,2.290000,0.000000,0.010000,0.000000,27.250000,-4.500000,-30.500000
0.224000,150717.000000,0.000000,1811.000000,1810.000000,636.000000,1801.000000,1618.000000,0.000000,0.000000,0.000000,0.000000,0.000000,0.000000,0.000000,0.000000,0.000000,0.130000,9.570000,2.290000,0.000000,0.010000,0.000000,27.250000,-4.500000,-30.500000
0.226000,150718.000000,0.000000,1786.000000,1808.000000,720.000000,1781.000000,1745.000000,0.000000,0.000000,0.000000,0.000000,0.000000,0.000000,0.000000,0.000000,0.000000,0.130000,9.570000,2.290000,0.000000,0.010000,0.000000,27.250000,-4.500000,-30.500000
0.228000,150719.000000,0.000000,1777.000000,1803.000000,779.000000,1786.000000,1812.000000,0.000000,0.000000,0.000000,0.000000,0.000000,0.000000,0.000000,0.000000,0.000000,0.130000,9.570000,2.290000,0.000000,0.010000,0.000000,27.250000,-4.500000,-30.500000
0.230000,150720.000000,64.000000,1780.000000,1814.000000,873.000000,1781.000000,2167.000000,0.000000,0.000000,0.000000,0.000000,0.000000,0.000000,0.000000,0.000000,0.000000,0.140000,9.540000,2.350000,0.000000,0.010000,0.000000,27.250000,-4.500000,-30.500000
0.232000,150721.000000,64.000000,1813.000000,1806.000000,1218.000000,1802.000000,2624.000000,0.000000,0.000000,0.000000,0.000000,0.000000,0.000000,0.000000,0.000000,0.000000,0.140000,9.540000,2.350000,0.000000,0.010000,0.000000,27.250000,-4.500000,-30.500000
0.234000,150722.000000,53.000000,1843.000000,1826.000000,1302.000000,1855.000000,2331.000000,0.000000,0.000000,0.000000,0.000000,0.000000,0.000000,0.000000,0.000000,0.000000,0.140000,9.540000,2.350000,0.000000,0.010000,0.000000,27.250000,-4.500000,-30.500000
0.236000,150723.000000,19.000000,1886.000000,1856.000000,1151.000000,1868.000000,1931.000000,0.000000,0.000000,0.000000,0.000000,0.000000,0.000000,0.000000,0.000000,0.000000,0.140000,9.540000,2.350000,0.000000,0.010000,0.000000,27.250000,-4.500000,-30.500000
0.238000,150724.000000,0.000000,1904.000000,1883.000000,853.000000,1845.000000,1298.000000,0.000000,0.000000,0.000000,0.000000,0.000000,0.000000,0.000000,0.000000,0.000000,0.140000,9.540000,2.350000,0.000000,0.010000,0.000000,27.250000,-4.500000,-30.500000
0.240000,150725.000000,41.000000,1881.000000,1861.000000,585.000000,1841.000000,1133.000000,0.000000,0.000000,0.000000,0.000000,0.000000,0.000000,0.000000,0.000000,0.000000,0.100000,9.520000,2.270000,-0.010000,0.010000,0.000000,27.690000,-4.750000,-32.190000
0.242000,150726.000000,0.000000,1842.000000,1843.000000,510.000000,1818.000000,1463.000000,0.000000,0.000000,0.000000,0.000000,0.000000,0.000000,0.000000,0.000000,0.000000,0.100000,9.520000,2.270000,-0.010000,0.010000,0.000000,27.690000,-4.750000,-32.190000
0.244000,150727.000000,15.000000,1805.000000,1833.000000,625.000000,1808.000000,1661.000000,0.000000,0.000000,0.000000,0.000000,0.000000,0.000000,0.000000,0.000000,0.000000,0.100000,9.520000,2.270000,-0.010000,0.010000,0.000000,27.690000,-4.750000,-32.190000
0.246000,150728.000000,0.000000,1799.000000,1801.000000,720.000000,1794.000000,1738.000000,0.000000,0.000000,0.000000,0.000000,0.000000,0.000000,0.000000,0.000000,0.000000,0.100000,9.520000,2.270000,-0.010000,0.010000,0.000000,27.690000,-4.750000,-32.190000
0.248000,150729.000000,1.000000,1791.000000,1811.000000,784.000000,1783.000000,1821.000000,0.000000,0.000000,0.000000,0.000000,0.000000,0.000000,0.000000,0.000000,0.000000,0.100000,9.520000,2.270000,-0.010000,0.010000,0.000000,27.690000,-4.750000,-32.190000
0.250000,150730.000000,359.000000,1793.000000,1783.000000,871.000000,1809.000000,2135.000000,0.000000,0.000000,0.000000,0.000000,0.000000,0.000000,0.000000,0.000000,0.000000,0.100000,9.520000,2.210000,-0.010000,0.010000,0.000000,27.690000,-4.750000,-32.190000
0.252000,150731.000000,73.000000,1798.000000,1808.000000,1229.000000,1810.000000,2644.000000,0.000000,0.000000,0.000000,0.000000,0.000000,0.000000,0.000000,0.000000,0.000000,0.100000,9.520000,2.210000,-0.010000,0.010000,0.000000,27.690000,-4.750000,-32.190000
0.254000,150732.000000,53.000000,1856.000000,1839.000000,1297.000000,1816.000000,2325.000000,0.000000,0.000000,0.000000,0.000000,0.000000,0.000000,0.000000,0.000000,0.000000,0.100000,9.520000,2.210000,-0.010000,0.010000,0.000000,27.690000,-4.750000,-32.190000
0.256000,150733.000000,18.000000,1887.000000,1841.000000,1182.000000,1871.000000,1941.000000,0.000000,0.000000,0.000000,0.000000,0.000000,0.000000,0.000000,0.000000,0.000000,0.100000,9.520000,2.210000,-0.010000,0.010000,0.000000,27.690000,-4.750000,-32.190000
0.258000,150734.000000,0.000000,1907.000000,1860.000000,817.000000,1889.000000,1293.000000,0.000000,0.000000,0.000000,0.000000,0.000000,0.000000,0.000000,0.000000,0.000000,0.100000,9.520000,2.210000,-0.010000,0.010000,0.000000,27.690000,-4.750000,-32.190000
0.260000,150735.000000,0.000000,1868.000000,1846.000000,578.000000,1875.000000,1131.000000,0.000000,0.000000,0.000000,0.000000,0.000000,0.000000,0.000000,0.000000,0.000000,0.090000,9.510000,2.230000,-0.010000,0.010000,0.000000,27.690000,-4.750000,-32.190000
0.262000,150736.000000,26.000000,1814.000000,1841.000000,491.000000,1843.000000,1424.000000,0.000000,0.000000,0.000000,0.000000,0.000000,0.000000,0.000000,0.000000,0.000000,0.090000,9.510000,2.230000,-0.010000,0.010000,0.000000,27.690000,-4.750000,-32.190000
0.264000,150737.000000,0.000000,1823.000000,1815.000000,626.000000,1811.000000,1617.000000,0.000000,0.000000,0.000000,0.000000,0.000000,0.000000,0.000000,0.000000,0.000000,0.090000,9.510000,2.230000,-0.010000,0.010000,0.000000,27.690000,-4.750000,-32.190000
0.266000,150738.000000,0.000000,1812.000000,1822.000000,711.000000,1818.000000,1742.000000,0.000000,0.000000,0.000000,0.000000,0.000000,0.000000,0.000000,0.000000,0.000000,0.090000,9.510000,2.230000,-0.010000,0.010000,0.000000,27.690000,-4.750000,-32.190000
0.268000,150739.000000,0.000000,1792.000000,1795.000000,775.000000,1771.000000,1811.000000,0.000000,0.000000,0.000000,0.000000,0.000000,0.000000,0.000000,0.000000,0.000000,0.090000,9.510000,2.230000,-0.010000,0.010000,0.000000,27.690000,-4.750000,-32.190000
0.270000,150740.000000,50.000000,1759.000000,1807.000000,869.000000,1813.000000,2159.000000,0.000000,0.000000,0.000000,0.000000,0.000000,0.000000,0.000000,0.000000,0.000000,0.070000,9.550000,2.260000,-0.010000,0.000000,0.000000,27.690000,-4.750000,-32.190000
0.272000,150741.000000,65.000000,1798.000000,1797.000000,1211.000000,1808.000000,2643.000000,0.000000,0.000000,0.000000,0.000000,0.000000,0.000000,0.000000,0.000000,0.000000,0.070000,9.550000,2.260000,-0.010000,0.000000,0.000000,27.690000,-4.750000,-32.190000
0.274000,150742.000000,50.000000,1831.000000,1840.000000,1295.000000,1826.000000,2338.000000,0.000000,0.000000,0.000000,0.000000,0.000000,0.000000,0.000000,0.000000,0.000000,0.070000,9.550000,2.260000,-0.010000,0.000000,0.000000,27.690000,-4.750000,-32.190000
0.276000,150743.000000,17.000000,1889.000000,1882.000000,1158.000000,1852.000000,1964.000000,0.000000,0.000000,0.000000,0.000000,0.000000,0.000000,0.000000,0.000000,0.000000,0.070000,9.550000,2.260000,-0.010000,0.000000,0.000000,27.690000,-4.750000,-32.190000
0.278000,150744.000000,0.000000,1889.000000,1871.000000,813.000000,1885.000000,1323.000000,0.000000,0.000000,0.000000,0.000000,0.000000,0.000000,0.000000,0.000000,0.000000,0.070000,9.550000,2.260000,-0.010000,0.000000,0.000000,27.690000,-4.750000,-32.190000
0.280000,150745.000000,14.000000,1862.000000,1846.000000,576.000000,1857.000000,1145.000000,0.000000,0.000000,0.000000,0.000000,0.000000,0.000000,0.000000,0.000000,0.000000,0.080000,9.550000,2.300000,-0.010000,0.000000,0.000000,27.690000,-4.750000,-32.190000
0.282000,150746.000000,0.000000,1808.000000,1847.000000,511.000000,1821.000000,1449.000000,0.000000,0.000000,0.000000,0.000000,0.000000,0.000000,0.000000,0.000000,0.000000,0.080000,9.550000,2.300000,-0.010000,0.000000,0.000000,27.690000,-4.750000,-32.190000
0.284000,150747.000000,0.000000,1808.000000,1821.000000,618.000000,1811.000000,1641.000000,0.000000,0.000000,0.000000,0.000000,0.000000,0.000000,0.000000,0.000000,0.000000,0.080000,9.550000,2.300000,-0.010000,0.000000,0.000000,27.690000,-4.750000,-32.190000
0.286000,150748.000000,0.000000,1776.000000,1804.000000,720.000000,1777.000000,1743.000000,0.000000,0.000000,0.000000,0.000000,0.000000,0.000000,0.000000,0.000000,0.000000,0.080000,9.550000,2.300000,-0.010000,0.000000,0.000000,27.690000,-4.750000,-32.190000
0.288000,150749.000000,0.000000,1755.000000,1801.000000,788.000000,1794.000000,1840.000000,0.000000,0.000000,0.000000,0.000000,0.000000,0.000000,0.000000,0.000000,0.000000,0.080000,9.550000,2.300000,-0.010000,0.000000,0.000000,27.690000,-4.750000,-32.190000
0.290000,150750.000000,48.000000,1777.000000,1807.000000,881.000000,1770.000000,2127.000000,0.000000,0.000000,0.000000,0.000000,0.000000,0.000000,0.000000,0.000000,0.000000,0.090000,9.540000,2.300000,-0.010000,0.000000,0.000000,26.880000,-4.750000,-30.500000
0.292000,150751.000000,65.000000,1781.000000,1795.000000,1219.000000,1790.000000,2648.000000,0.000000,0.000000,0.000000,0.000000,0.000000,0.000000,0.000000,0.000000,0.000000,0.090000,9.540000,2.300000,-0.010000,0.000000,0.000000,26.880000,-4.750000,-30.500000
0.294000,150752.000000,78.000000,1837.000000,1823.000000,1314.000000,1797.000000,2331.000000,0.000000,0.000000,0.000000,0.000000,0.000000,0.000000,0.000000,0.000000,0.000000,0.090000,9.540000,2.300000,-0.010000,0.000000,0.000000,26.880000,-4.750000,-30.500000
0.296000,150753.000000,21.000000,1881.000000,1847.000000,1181.000000,1825.000000,1955.000000,0.000000,0.000000,0.000000,0.000000,0.000000,0.000000,0.000000,0.000000,0.000000,0.090000,9.540000,2.300000,-0.010000,0.000000,0.000000,26.880000,-4.750000,-30.500000
0.298000,150754.000000,0.000000,1889.000000,1878.000000,818.000000,1857.000000,1343.000000,0.000000,0.000000,0.000000,0.000000,0.000000,0.000000,0.000000,0.000000,0.000000,0.090000,9.540000,2.300000,-0.010000,0.000000,0.000000,26.880000,-4.750000,-30.500000
0.300000,150755.000000,0.000000,1875.000000,1839.000000,589.000000,1838.000000,1130.000000,0.000000,0.000000,0.000000,0.000000,0.000000,0.000000,0.000000,0.000000,0.000000,0.070000,9.530000,2.200000,-0.010000,0.000000,0.000000,26.880000,-4.750000,-30.500000
0.302000,150756.000000,41.000000,1818.000000,1840.000000,508.000000,1798.000000,1426.000000,0.000000,0.000000,0.000000,0.000000,0.000000,0.000000,0.000000,0.000000,0.000000,0.070000,9.530000,2.200000,-0.010000,0.000000,0.000000,26.880000,-4.750000,-30.500000
0.304000,150757.000000,0.000000,1783.000000,1808.000000,614.000000,1781.000000,1629.000000,0.000000,0.000000,0.000000,0.000000,0.000000,0.000000,0.000000,0.000000,0.000000,0.070000,9.530000,2.200000,-0.010000,0.000000,0.000000,26.880000,-4.750000,-30.500000
0.306000,150758.000000,0.000000,1791.000000,1792.000000,690.000000,1730.000000,1733.000000,0.000000,0.000000,0.000000,0.000000,0.000000,0.000000,0.000000,0.000000,0.000000,0.070000,9.530000,2.200000,-0.010000,0.000000,0.000000,26.880000,-4.750000,-30.500000
0.308000,150759.000000,0.000000,1780.000000,1750.000000,777.000000,1758.000000,1823.000000,0.000000,0.000000,0.000000,0.000000,0.000000,0.000000,0.000000,0.000000,0.000000,0.070000,9.530000,2.200000,-0.010000,0.000000,0.000000,26.880000,-4.750000,-30.500000
0.310000,150760.000000,19.000000,1779.000000,1793.000000,880.000000,1744.000000,2135.000000,0.000000,0.000000,0.000000,0.000000,0.000000,0.000000,0.000000,0.000000,0.000000,0.120000,9.530000,2.250000,-0.010000,0.000000,0.000000,26.880000,-4.750000,-30.500000
0.312000,150761.000000,64.000000,1790.000000,1781.000000,1185.000000,1740.000000,2631.000000,0.000000,0.000000,0.000000,0.000000,0.000000,0.000000,0.000000,0.000000,0.000000,0.120000,9.530000,2.250000,-0.010000,0.000000,0.000000,26.880000,-4.750000,-30.500000
0.314000,150762.000000,48.000000,1804.000000,1797.000000,1306.000000,1793.000000,2317.000000,0.000000,0.000000,0.000000,0.000000,0.000000,0.000000,0.000000,0.000000,0.000000,0.120000,9.530000,2.250000,-0.010000,0.000000,0.000000,26.880000,-4.750000,-30.500000
0.316000,150763.000000,23.000000,1850.000000,1821.000000,1179.000000,1792.000000,1966.000000,0.000000,0.000000,0.000000,0.000000,0.000000,0.000000,0.000000,0.000000,0.000000,0.120000,9.530000,2.250000,-0.010000,0.000000,0.000000,26.880000,-4.750000,-30.500000
0.318000,150764.000000,0.000000,1882.000000,1869.000000,800.000000,1808.000000,1297.000000,0.000000,0.000000,0.000000,0.000000,0.000000,0.000000,0.000000,0.000000,0.000000,0.120000,9.530000,2.250000,-0.010000,0.000000,0.000000,26.880000,-4.750000,-30.500000
0.320000,150765.000000,34.000000,1865.000000,1833.000000,619.000000,1763.000000,1152.000000,0.000000,0.000000,0.000000,0.000000,0.000000,0.000000,0.000000,0.000000,0.000000,0.130000,9.530000,2.270000,-0.010000,0.010000,0.000000,26.880000,-4.750000,-30.500000
0.322000,150766.000000,0.000000,1821.000000,1805.000000,505.000000,1754.000000,1415.000000,0.000000,0.000000,0.000000,0.000000,0.000000,0.000000,0.000000,0.000000,0.000000,0.130000,9.530000,2.270000,-0.010000,0.010000,0.000000,26.880000,-4.750000,-30.500000
0.324000,150767.000000,0.000000,1792.000000,1808.000000,619.000000,1758.000000,1642.000000,0.000000,0.000000,0.000000,0.000000,0.000000,0.000000,0.000000,0.000000,0.000000,0.130000,9.530000,2.270000,-0.010000,0.010000,0.000000,26.880000,-4.750000,-30.500000
0.326000,150768.000000,0.000000,1779.000000,1798.000000,700.000000,1745.000000,1738.000000,0.000000,0.000000,0.000000,0.000000,0.000000,0.000000,0.000000,0.000000,0.000000,0.130000,9.530000,2.270000,-0.010000,0.010000,0.000000,26.880000,-4.750000,-30.500000
0.328000,150769.000000,0.000000,1771.000000,1766.000000,765.000000,1731.000000,1798.000000,0.000000,0.000000,0.000000,0.000000,0.000000,0.000000,0.000000,0.000000,0.000000,0.130000,9.530000,2.270000,-0.010000,0.010000,0.000000,26.880000,-4.750000,-30.500000
0.330000,150770.000000,40.000000,1759.000000,1761.000000,864.000000,1743.000000,2144.000000,0.000000,0.000000,0.000000,0.000000,0.000000,0.000000,0.000000,0.000000,0.000000,0.120000,9.520000,2.300000,-0.010000,0.000000,0.000000,26.880000,-4.750000,-30.500000
0.332000,150771.000000,71.000000,1775.000000,1747.000000,1200.000000,1738.000000,2650.000000,0.000000,0.000000,0.000000,0.000000,0.000000,0.000000,0.000000,0.000000,0.000000,0.120000,9.520000,2.300000,-0.010000,0.000000,0.000000,26.880000,-4.750000,-30.500000
0.334000,150772.000000,49.000000,1808.000000,1807.000000,1290.000000,1758.000000,2337.000000,0.000000,0.000000,0.000000,0.000000,0.000000,0.000000,0.000000,0.000000,0.000000,0.120000,9.520000,2.300000,-0.010000,0.000000,0.000000,26.880000,-4.750000,-30.500000
0.336000,150773.000000,20.000000,1850.000000,1840.000000,1161.000000,1781.000000,1942.000000,0.000000,0.000000,0.000000,0.000000,0.000000,0.000000,0.000000,0.000000,0.000000,0.120000,9.520000,2.300000,-0.010000,0.000000,0.000000,26.880000,-4.750000,-30.500000
0.338000,150774.000000,0.000000,1888.000000,1849.000000,848.000000,1791.000000,1301.000000,0.000000,0.000000,0.000000,0.000000,0.000000,0.000000,0.000000,0.000000,0.000000,0.120000,9.520000,2.300000,-0.010000,0.000000,0.000000,26.880000,-4.750000,-30.500000
0.340000,150775.000000,0.000000,1851.000000,1826.000000,581.000000,1776.000000,1143.000000,0.000000,0.000000,0.000000,0.000000,0.000000,0.000000,0.000000,0.000000,0.000000,0.160000,9.540000,2.230000,-0.010000,0.000000,0.000000,26.880000,-4.060000,-31.750000
0.342000,150776.000000,0.000000,1817.000000,1819.000000,502.000000,1755.000000,1438.000000,0.000000,0.000000,0.000000,0.000000,0.000000,0.000000,0.000000,0.000000,0.000000,0.160000,9.540000,2.230000,-0.010000,0.000000,0.000000,26.880000,-4.060000,-31.750000
0.344000,150777.000000,16.000000,1793.000000,1785.000000,598.000000,1739.000000,1638.000000,0.000000,0.000000,0.000000,0.000000,0.000000,0.000000,0.000000,0.000000,0.000000,0.160000,9.540000,2.230000,-0.010000,0.000000,0.000000,26.880000,-4.060000,-31.750000
0.346000,150778.000000,0.000000,1758.000000,1780.000000,704.000000,1724.000000,1743.000000,0.000000,0.000000,0.000000,0.000000,0.000000,0.000000,0.000000,0.000000,0.000000,0.160000,9.540000,2.230000,-0.010000,0.000000,0.000000,26.880000,-4.060000,-31.750000
0.348000,150779.000000,1.000000,1773.000000,1782.000000,767.000000,1743.000000,1785.000000,0.000000,0.000000,0.000000,0.000000,0.000000,0.000000,0.000000,0.000000,0.000000,0.160000,9.540000,2.230000,-0.010000,0.000000,0.000000,26.880000,-4.060000,-31.750000
0.350000,150780.000000,16.000000,1751.000000,1788.000000,851.000000,1762.000000,2128.000000,0.000000,0.000000,0.000000,0.000000,0.000000,0.000000,0.000000,0.000000,0.000000,0.140000,9.550000,2.210000,-0.010000,0.000000,0.000000,26.880000,-4.060000,-31.750000
0.352000,150781.000000,125.000000,1775.000000,1763.000000,1193.000000,1723.000000,2643.000000,0.000000,0.000000,0.000000,0.000000,0.000000,0.000000,0.000000,0.000000,0.000000,0.140000,9.550000,2.210000,-0.010000,0.000000,0.000000,26.880000,-4.060000,-31.750000
0.354000,150782.000000,54.000000,1828.000000,1807.000000,1297.000000,1787.000000,2350.000000,0.000000,0.000000,0.000000,0.000000,0.000000,0.000000,0.000000,0.000000,0.000000,0.140000,9.550000,2.210000,-0.010000,0.000000,0.000000,26.880000,-4.060000,-31.750000
0.356000,150783.000000,14.000000,1865.000000,1811.000000,1175.000000,1800.000000,1957.000000,0.000000,0.000000,0.000000,0.000000,0.000000,0.000000,0.000000,0.000000,0.000000,0.140000,9.550000,2.210000,-0.010000,0.000000,0.000000,26.880000,-4.060000,-31.750000
0.358000,150784.000000,0.000000,1872.000000,1840.000000,841.000000,1827.000000,1298.000000,0.000000,0.000000,0.000000,0.000000,0.000000,0.000000,0.000000,0.000000,0.000000,0.140000,9.550000,2.210000,-0.010000,0.000000,0.000000,26.880000,-4.060000,-31.750000
0.360000,150785.000000,0.000000,1847.000000,1823.000000,570.000000,1789.000000,1130.000000,0.000000,0.000000,0.000000,0.000000,0.000000,0.000000,0.000000,0.000000,0.000000,0.130000,9.500000,2.230000,-0.010000,0.000000,0.000000,26.880000,-4.060000,-31.750000
0.362000,150786.000000,0.000000,1819.000000,1815.000000,508.000000,1777.000000,1438.000000,0.000000,0.000000,0.000000,0.000000,0.000000,0.000000,0.000000,0.000000,0.000000,0.130000,9.500000,2.230000,-0.010000,0.000000,0.000000,26.880000,-4.060000,-31.750000
0.364000,150787.000000,0.000000,1781.000000,1776.000000,613.000000,1771.000000,1616.000000,0.000000,0.000000,0.000000,0.000000,0.000000,0.000000,0.000000,0.000000,0.000000,0.130000,9.500000,2.230000,-0.010000,0.000000,0.000000,26.880000,-4.060000,-31.750000
0.366000,150788.000000,0.000000,1787.000000,1793.000000,698.000000,1746.000000,1719.000000,0.000000,0.000000,0.000000,0.000000,0.000000,0.000000,0.000000,0.000000,0.000000,0.130000,9.500000,2.230000,-0.010000,0.000000,0.000000,26.880000,-4.060000,-31.750000
0.368000,150789.000000,0.000000,1757.000000,1787.000000,778.000000,1730.000000,1808.000000,0.000000,0.000000,0.000000,0.000000,0.000000,0.000000,0.000000,0.000000,0.000000,0.130000,9.500000,2.230000,-0.010000,0.000000,0.000000,26.880000,-4.060000,-31.750000
0.370000,150790.000000,64.000000,1772.000000,1782.000000,870.000000,1808.000000,2112.000000,0.000000,0.000000,0.000000,0.000000,0.000000,0.000000,0.000000,0.000000,0.000000,0.100000,9.560000,2.270000,-0.010000,0.000000,0.000000,26.880000,-4.060000,-31.750000
0.372000,150791.000000,63.000000,1786.000000,1787.000000,1188.000000,1745.000000,2609.000000,0.000000,0.000000,0.000000,0.000000,0.000000,0.000000,0.000000,0.000000,0.000000,0.100000,9.560000,2.270000,-0.010000,0.000000,0.000000,26.880000,-4.060000,-31.750000
0.374000,150792.000000,46.000000,1821.000000,1813.000000,1301.000000,1789.000000,2333.000000,0.000000,0.000000,0.000000,0.000000,0.000000,0.000000,0.000000,0.000000,0.000000,0.100000,9.560000,2.270000,-0.010000,0.000000,0.000000,26.880000,-4.060000,-31.750000
0.376000,150793.000000,16.000000,1863.000000,1790.000000,1185.000000,1834.000000,1983.000000,0.000000,0.000000,0.000000,0.000000,0.000000,0.000000,0.000000,0.000000,0.000000,0.100000,9.560000,2.270000,-0.010000,0.000000,0.000000,26.880000,-4.060000,-31.750000
0.378000,150794.000000,0.000000,1883.000000,1821.000000,840.000000,1808.000000,1299.000000,0.000000,0.000000,0.000000,0.000000,0.000000,0.000000,0.000000,0.000000,0.000000,0.100000,9.560000,2.270000,-0.010000,0.000000,0.000000,26.880000,-4.060000,-31.750000
0.380000,150795.000000,3.000000,1851.000000,1840.000000,594.000000,1808.000000,1142.000000,0.000000,0.000000,0.000000,0.000000,0.000000,0.000000,0.000000,0.000000,0.000000,0.080000,9.550000,2.270000,-0.010000,0.000000,0.000000,26.880000,-4.060000,-31.750000
0.382000,150796.000000,0.000000,1825.000000,1818.000000,509.000000,1796.000000,1423.000000,0.000000,0.000000,0.000000,0.000000,0.000000,0.000000,0.000000,0.000000,0.000000,0.080000,9.550000,2.270000,-0.010000,0.000000,0.000000,26.880000,-4.060000,-31.750000
0.384000,150797.000000,0.000000,1781.000000,1789.000000,613.000000,1755.000000,1626.000000,0.000000,0.000000,0.000000,0.000000,0.000000,0.000000,0.000000,0.000000,0.000000,0.080000,9.550000,2.270000,-0.010000,0.000000,0.000000,26.880000,-4.060000,-31.750000
0.386000,150798.000000,0.000000,1767.000000,1791.000000,686.000000,1751.000000,1746.000000,0.000000,0.000000,0.000000,0.000000,0.000000,0.000000,0.000000,0.000000,0.000000,0.080000,9.550000,2.270000,-0.010000,0.000000,0.000000,26.880000,-4.060000,-31.750000
0.388000,150799.000000,0.000000,1760.000000,1779.000000,775.000000,1750.000000,1795.000000,0.000000,0.000000,0.000000,0.000000,0.000000,0.000000,0.000000,0.000000,0.000000,0.080000,9.550000,2.270000,-0.010000,0.000000,0.000000,26.880000,-4.060000,-31.750000
0.390000,150800.000000,81.000000,1762.000000,1744.000000,848.000000,1744.000000,2096.000000,0.000000,0.000000,0.000000,0.000000,0.000000,0.000000,0.000000,0.000000,0.000000,0.080000,9.530000,2.250000,-0.010000,0.000000,0.000000,27.690000,-4.500000,-31.380000
0.392000,150801.000000,73.000000,1616.000000,1781.000000,1207.000000,1742.000000,2624.000000,0.000000,0.000000,0.000000,0.000000,0.000000,0.000000,0.000000,0.000000,0.000000,0.080000,9.530000,2.250000,-0.010000,0.000000,0.000000,27.690000,-4.500000,-31.380000
0.394000,150802.000000,80.000000,1809.000000,1791.000000,1295.000000,1781.000000,2352.000000,0.000000,0.000000,0.000000,0.000000,0.000000,0.000000,0.000000,0.000000,0.000000,0.080000,9.530000,2.250000,-0.010000,0.000000,0.000000,27.690000,-4.500000,-31.380000
0.396000,150803.000000,24.000000,1854.000000,1829.000000,1181.000000,1808.000000,1958.000000,0.000000,0.000000,0.000000,0.000000,0.000000,0.000000,0.000000,0.000000,0.000000,0.080000,9.530000,2.250000,-0.010000,0.000000,0.000000,27.690000,-4.500000,-31.380000
0.398000,150804.000000,0.000000,1872.000000,1834.000000,849.000000,1826.000000,1327.000000,0.000000,0.000000,0.000000,0.000000,0.000000,0.000000,0.000000,0.000000,0.000000,0.080000,9.530000,2.250000,-0.010000,0.000000,0.000000,27.690000,-4.500000,-31.380000
0.400000,150805.000000,257.000000,1843.000000,1835.000000,611.000000,1799.000000,1155.000000,0.000000,0.000000,0.000000,0.000000,0.000000,0.000000,0.000000,0.000000,0.000000,0.060000,9.540000,2.140000,-0.010000,-0.010000,0.000000,27.690000,-4.500000,-31.380000
0.402000,150806.000000,0.000000,1808.000000,1801.000000,528.000000,1762.000000,1447.000000,0.000000,0.000000,0.000000,0.000000,0.000000,0.000000,0.000000,0.000000,0.000000,0.060000,9.540000,2.140000,-0.010000,-0.010000,0.000000,27.690000,-4.500000,-31.380000
0.404000,150807.000000,0.000000,1771.000000,1762.000000,620.000000,1746.000000,1623.000000,0.000000,0.000000,0.000000,0.000000,0.000000,0.000000,0.000000,0.000000,0.000000,0.060000,9.540000,2.140000,-0.010000,-0.010000,0.000000,27.690000,-4.500000,-31.380000
0.406000,150808.000000,0.000000,1765.000000,1777.000000,701.000000,1727.000000,1738.000000,0.000000,0.000000,0.000000,0.000000,0.000000,0.000000,0.000000,0.000000,0.000000,0.060000,9.540000,2.140000,-0.010000,-0.010000,0.000000,27.690000,-4.500000,-31.380000
0.408000,150809.000000,0.000000,1731.000000,1753.000000,766.000000,1737.000000,1770.000000,0.000000,0.000000,0.000000,0.000000,0.000000,0.000000,0.000000,0.000000,0.000000,0.060000,9.540000,2.140000,-0.010000,-0.010000,0.000000,27.690000,-4.500000,-31.380000
0.410000,150810.000000,32.000000,1765.000000,1803.000000,865.000000,1715.000000,2103.000000,0.000000,0.000000,0.000000,0.000000,0.000000,0.000000,0.000000,0.000000,0.000000,0.060000,9.560000,2.190000,-0.010000,0.000000,0.000000,27.690000,-4.500000,-31.380000
0.412000,150811.000000,64.000000,1755.000000,1787.000000,1183.000000,1728.000000,2624.000000,0.000000,0.000000,0.000000,0.000000,0.000000,0.000000,0.000000,0.000000,0.000000,0.060000,9.560000,2.190000,-0.010000,0.000000,0.000000,27.690000,-4.500000,-31.380000
0.414000,150812.000000,48.000000,1824.000000,1825.000000,1309.000000,1758.000000,2333.000000,0.000000,0.000000,0.000000,0.000000,0.000000,0.000000,0.000000,0.000000,0.000000,0.060000,9.560000,2.190000,-0.010000,0.000000,0.000000,27.690000,-4.500000,-31.380000
0.416000,150813.000000,15.000000,1849.000000,1838.000000,1173.000000,1758.000000,1967.000000,0.000000,0.000000,0.000000,0.000000,0.000000,0.000000,0.000000,0.000000,0.000000,0.060000,9.560000,2.190000,-0.010000,0.000000,0.000000,27.690000,-4.500000,-31.380000
0.418000,150814.000000,0.000000,1851.000000,1863.000000,816.000000,1765.000000,1315.000000,0.000000,0.000000,0.000000,0.000000,0.000000,0.000000,0.000000,0.000000,0.000000,0.060000,9.560000,2.190000,-0.010000,0.000000,0.000000,27.690000,-4.500000,-31.380000
0.420000,150815.000000,7.000000,1831.000000,1847.000000,602.000000,1745.000000,1136.000000,0.000000,0.000000,0.000000,0.000000,0.000000,0.000000,0.000000,0.000000,0.000000,0.080000,9.560000,2.280000,-0.010000,0.000000,0.000000,27.690000,-4.500000,-31.380000
0.422000,150816.000000,0.000000,1779.000000,1808.000000,511.000000,1749.000000,1425.000000,0.000000,0.000000,0.000000,0.000000,0.000000,0.000000,0.000000,0.000000,0.000000,0.080000,9.560000,2.280000,-0.010000,0.000000,0.000000,27.690000,-4.500000,-31.380000
0.424000,150817.000000,0.000000,1755.000000,1773.000000,618.000000,1725.000000,1616.000000,0.000000,0.000000,0.000000,0.000000,0.000000,0.000000,0.000000,0.000000,0.000000,0.080000,9.560000,2.280000,-0.010000,0.000000,0.000000,27.690000,-4.500000,-31.380000
0.426000,150818.000000,0.000000,1736.000000,1787.000000,720.000000,1706.000000,1726.000000,0.000000,0.000000,0.000000,0.000000,0.000000,0.000000,0.000000,0.000000,0.000000,0.080000,9.560000,2.280000,-0.010000,0.000000,0.000000,27.690000,-4.500000,-31.380000
0.428000,150819.000000,0.000000,1733.000000,1762.000000,784.000000,1703.000000,1795.000000,0.000000,0.000000,0.000000,0.000000,0.000000,0.000000,0.000000,0.000000,0.000000,0.080000,9.560000,2.280000,-0.010000,0.000000,0.000000,27.690000,-4.500000,-31.380000
0.430000,150820.000000,53.000000,1733.000000,1767.000000,878.000000,1691.000000,2079.000000,0.000000,0.000000,0.000000,0.000000,0.000000,0.000000,0.000000,0.000000,0.000000,0.090000,9.540000,2.310000,0.000000,0.000000,0.000000,27.690000,-4.500000,-31.380000
0.432000,150821.000000,64.000000,1726.000000,1787.000000,1190.000000,1719.000000,2623.000000,0.000000,0.000000,0.000000,0.000000,0.000000,0.000000,0.000000,0.000000,0.000000,0.090000,9.540000,2.310000,0.000000,0.000000,0.000000,27.690000,-4.500000,-31.380000
0.434000,150822.000000,48.000000,1786.000000,1792.000000,1312.000000,1731.000000,2343.000000,0.000000,0.000000,0.000000,0.000000,0.000000,0.000000,0.000000,0.000000,0.000000,0.090000,9.540000,2.310000,0.000000,0.000000,0.000000,27.690000,-4.500000,-31.380000
0.436000,150823.000000,17.000000,1837.000000,1801.000000,1175.000000,1746.000000,1979.000000,0.000000,0.000000,0.000000,0.000000,0.000000,0.000000,0.000000,0.000000,0.000000,0.090000,9.540000,2.310000,0.000000,0.000000,0.000000,27.690000,-4.500000,-31.380000
0.438000,150824.000000,0.000000,1846.000000,1829.000000,842.000000,1789.000000,1347.000000,0.000000,0.000000,0.000000,0.000000,0.000000,0.000000,0.000000,0.000000,0.000000,0.090000,9.540000,2.310000,0.000000,0.000000,0.000000,27.690000,-4.500000,-31.380000
0.440000,150825.000000,0.000000,1829.000000,1810.000000,589.000000,1759.000000,1146.000000,0.000000,0.000000,0.000000,0.000000,0.000000,0.000000,0.000000,0.000000,0.000000,0.100000,9.520000,2.350000,0.000000,0.000000,0.000000,27.250000,-4.060000,-31.380000
0.442000,150826.000000,96.000000,1808.000000,1805.000000,509.000000,1724.000000,1414.000000,0.000000,0.000000,0.000000,0.000000,0.000000,0.000000,0.000000,0.000000,0.000000,0.100000,9.520000,2.350000,0.000000,0.000000,0.000000,27.250000,-4.060000,-31.380000
0.444000,150827.000000,0.000000,1751.000000,1764.000000,603.000000,1728.000000,1616.000000,0.000000,0.000000,0.000000,0.000000,0.000000,0.000000,0.000000,0.000000,0.000000,0.100000,9.520000,2.350000,0.000000,0.000000,0.000000,27.250000,-4.060000,-31.380000
0.446000,150828.000000,0.000000,1745.000000,1759.000000,704.000000,1717.000000,1697.000000,0.000000,0.000000,0.000000,0.000000,0.000000,0.000000,0.000000,0.000000,0.000000,0.100000,9.520000,2.350000,0.000000,0.000000,0.000000,27.250000,-4.060000,-31.380000
0.448000,150829.000000,0.000000,1747.000000,1778.000000,763.000000,1706.000000,1820.000000,0.000000,0.000000,0.000000,0.000000,0.000000,0.000000,0.000000,0.000000,0.000000,0.100000,9.520000,2.350000,0.000000,0.000000,0.000000,27.250000,-4.060000,-31.380000
0.450000,150830.000000,554.000000,1749.000000,1786.000000,846.000000,1711.000000,1966.000000,0.000000,0.000000,0.000000,0.000000,0.000000,0.000000,0.000000,0.000000,0.000000,0.120000,9.520000,2.250000,0.000000,0.000000,0.000000,27.250000,-4.060000,-31.380000
0.452000,150831.000000,80.000000,1761.000000,1774.000000,1178.000000,1715.000000,2630.000000,0.000000,0.000000,0.000000,0.000000,0.000000,0.000000,0.000000,0.000000,0.000000,0.120000,9.520000,2.250000,0.000000,0.000000,0.000000,27.250000,-4.060000,-31.380000
0.454000,150832.000000,48.000000,1811.000000,1799.000000,1310.000000,1747.000000,2352.000000,0.000000,0.000000,0.000000,0.000000,0.000000,0.000000,0.000000,0.000000,0.000000,0.120000,9.520000,2.250000,0.000000,0.000000,0.000000,27.250000,-4.060000,-31.380000
0.456000,150833.000000,16.000000,1850.000000,1830.000000,1203.000000,1786.000000,1955.000000,0.000000,0.000000,0.000000,0.000000,0.000000,0.000000,0.000000,0.000000,0.000000,0.120000,9.520000,2.250000,0.000000,0.000000,0.000000,27.250000,-4.060000,-31.380000
0.458000,150834.000000,0.000000,1871.000000,1853.000000,822.000000,1792.000000,1299.000000,0.000000,0.000000,0.000000,0.000000,0.000000,0.000000,0.000000,0.000000,0.000000,0.120000,9.520000,2.250000,0.000000,0.000000,0.000000,27.250000,-4.060000,-31.380000
0.460000,150835.000000,16.000000,1847.000000,1841.000000,610.000000,1763.000000,1135.000000,0.000000,0.000000,0.000000,0.000000,0.000000,0.000000,0.000000,0.000000,0.000000,0.150000,9.520000,2.310000,0.000000,0.000000,0.000000,27.250000,-4.060000,-31.380000
0.462000,150836.000000,0.000000,1808.000000,1814.000000,502.000000,1731.000000,1434.000000,0.000000,0.000000,0.000000,0.000000,0.000000,0.000000,0.000000,0.000000,0.000000,0.150000,9.520000,2.310000,0.000000,0.000000,0.000000,27.250000,-4.060000,-31.380000
0.464000,150837.000000,0.000000,1776.000000,1793.000000,618.000000,1741.000000,1645.000000,0.000000,0.000000,0.000000,0.000000,0.000000,0.000000,0.000000,0.000000,0.000000,0.150000,9.520000,2.310000,0.000000,0.000000,0.000000,27.250000,-4.060000,-31.380000
0.466000,150838.000000,0.000000,1760.000000,1779.000000,709.000000,1707.000000,1712.000000,0.000000,0.000000,0.000000,0.000000,0.000000,0.000000,0.000000,0.000000,0.000000,0.150000,9.520000,2.310000,0.000000,0.000000,0.000000,27.250000,-4.060000,-31.380000
0.468000,150839.000000,0.000000,1764.000000,1776.000000,767.000000,1728.000000,1794.000000,0.000000,0.000000,0.000000,0.000000,0.000000,0.000000,0.000000,0.000000,0.000000,0.150000,9.520000,2.310000,0.000000,0.000000,0.000000,27.250000,-4.060000,-31.380000
0.470000,150840.000000,39.000000,1749.000000,1774.000000,858.000000,1739.000000,2086.000000,0.000000,0.000000,0.000000,0.000000,0.000000,0.000000,0.000000,0.000000,0.000000,0.150000,9.530000,2.280000,0.000000,0.000000,0.000000,27.250000,-4.060000,-31.380000
0.472000,150841.000000,65.000000,1775.000000,1792.000000,1198.000000,1733.000000,2645.000000,0.000000,0.000000,0.000000,0.000000,0.000000,0.000000,0.000000,0.000000,0.000000,0.150000,9.530000,2.280000,0.000000,0.000000,0.000000,27.250000,-4.060000,-31.380000
0.474000,150842.000000,58.000000,1799.000000,1808.000000,1283.000000,1778.000000,2345.000000,0.000000,0.000000,0.000000,0.000000,0.000000,0.000000,0.000000,0.000000,0.000000,0.150000,9.530000,2.280000,0.000000,0.000000,0.000000,27.250000,-4.060000,-31.380000
0.476000,150843.000000,16.000000,1866.000000,1851.000000,1175.000000,1798.000000,1988.000000,0.000000,0.000000,0.000000,0.000000,0.000000,0.000000,0.000000,0.000000,0.000000,0.150000,9.530000,2.280000,0.000000,0.000000,0.000000,27.250000,-4.060000,-31.380000
0.478000,150844.000000,0.000000,1878.000000,1854.000000,819.000000,1817.000000,1317.000000,0.000000,0.000000,0.000000,0.000000,0.000000,0.000000,0.000000,0.000000,0.000000,0.150000,9.530000,2.280000,0.000000,0.000000,0.000000,27.250000,-4.060000,-31.380000
0.480000,150845.000000,0.000000,1847.000000,1831.000000,592.000000,1802.000000,1164.000000,0.000000,0.000000,0.000000,0.000000,0.000000,0.000000,0.000000,0.000000,0.000000,0.130000,9.530000,2.320000,0.000000,0.000000,0.000000,27.250000,-4.060000,-31.380000
0.482000,150846.000000,0.000000,1815.000000,1840.000000,522.000000,1751.000000,1438.000000,0.000000,0.000000,0.000000,0.000000,0.000000,0.000000,0.000000,0.000000,0.000000,0.130000,9.530000,2.320000,0.000000,0.000000,0.000000,27.250000,-4.060000,-31.380000
0.484000,150847.000000,0.000000,1775.000000,1797.000000,602.000000,1746.000000,1631.000000,0.000000,0.000000,0.000000,0.000000,0.000000,0.000000,0.000000,0.000000,0.000000,0.130000,9.530000,2.320000,0.000000,0.000000,0.000000,27.250000,-4.060000,-31.380000
0.486000,150848.000000,0.000000,1776.000000,1808.000000,687.000000,1743.000000,1713.000000,0.000000,0.000000,0.000000,0.000000,0.000000,0.000000,0.000000,0.000000,0.000000,0.130000,9.530000,2.320000,0.000000,0.000000,0.000000,27.250000,-4.060000,-31.380000
0.488000,150849.000000,0.000000,1775.000000,1774.000000,759.000000,1713.000000,1803.000000,0.000000,0.000000,0.000000,0.000000,0.000000,0.000000,0.000000,0.000000,0.000000,0.130000,9.530000,2.320000,0.000000,0.000000,0.000000,27.250000,-4.060000,-31.380000
0.490000,150850.000000,6.000000,1750.000000,1795.000000,843.000000,1757.000000,2099.000000,0.000000,0.000000,0.000000,0.000000,0.000000,0.000000,0.000000,0.000000,0.000000,0.120000,9.510000,2.260000,0.000000,0.000000,0.000000,27.250000,-4.750000,-31.380000
0.492000,150851.000000,64.000000,1776.000000,1786.000000,1195.000000,1775.000000,2613.000000,0.000000,0.000000,0.000000,0.000000,0.000000,0.000000,0.000000,0.000000,0.000000,0.120000,9.510000,2.260000,0.000000,0.000000,0.000000,27.250000,-4.750000,-31.380000
0.494000,150852.000000,80.000000,1812.000000,1813.000000,1314.000000,1793.000000,2363.000000,0.000000,0.000000,0.000000,0.000000,0.000000,0.000000,0.000000,0.000000,0.000000,0.120000,9.510000,2.260000,0.000000,0.000000,0.000000,27.250000,-4.750000,-31.380000
0.496000,150853.000000,16.000000,1851.000000,1831.000000,1182.000000,1840.000000,1989.000000,0.000000,0.000000,0.000000,0.000000,0.000000,0.000000,0.000000,0.000000,0.000000,0.120000,9.510000,2.260000,0.000000,0.000000,0.000000,27.250000,-4.750000,-31.380000
0.498000,150854.000000,0.000000,1873.000000,1870.000000,831.000000,1825.000000,1320.000000,0.000000,0.000000,0.000000,0.000000,0.000000,0.000000,0.000000,0.000000,0.000000,0.120000,9.510000,2.260000,0.000000,0.000000,0.000000,27.250000,-4.750000,-31.380000
0.500000,150855.000000,538.000000,1866.000000,1845.000000,623.000000,1807.000000,1215.000000,0.000000,0.000000,0.000000,0.000000,0.000000,0.000000,0.000000,0.000000,0.000000,0.090000,9.510000,2.250000,0.000000,0.000000,0.000000,27.250000,-4.750000,-31.380000
0.502000,150856.000000,0.000000,1821.000000,1831.000000,501.000000,1803.000000,1424.000000,0.000000,0.000000,0.000000,0.000000,0.000000,0.000000,0.000000,0.000000,0.000000,0.090000,9.510000,2.250000,0.000000,0.000000,0.000000,27.250000,-4.750000,-31.380000
0.504000,150857.000000,0.000000,1791.000000,1840.000000,592.000000,1776.000000,1629.000000,0.000000,0.000000,0.000000,0.000000,0.000000,0.000000,0.000000,0.000000,0.000000,0.090000,9.510000,2.250000,0.000000,0.000000,0.000000,27.250000,-4.750000,-31.380000
0.506000,150858.000000,0.000000,1787.000000,1809.000000,701.000000,1770.000000,1716.000000,0.000000,0.000000,0.000000,0.000000,0.000000,0.000000,0.000000,0.000000,0.000000,0.090000,9.510000,2.250000,0.000000,0.000000,0.000000,27.250000,-4.750000,-31.380000
0.508000,150859.000000,0.000000,1760.000000,1808.000000,769.000000,1766.000000,1789.000000,0.000000,0.000000,0.000000,0.000000,0.000000,0.000000,0.000000,0.000000,0.000000,0.090000,9.510000,2.250000,0.000000,0.000000,0.000000,27.250000,-4.750000,-31.380000
0.510000,150860.000000,25.000000,1763.000000,1773.000000,833.000000,1770.000000,2079.000000,0.000000,0.000000,0.000000,0.000000,0.000000,0.000000,0.000000,0.000000,0.000000,0.100000,9.530000,2.310000,0.000000,0.010000,0.000000,27.250000,-4.750000,-31.380000
0.512000,150861.000000,72.000000,1776.000000,1791.000000,1162.000000,1790.000000,2640.000000,0.000000,0.000000,0.000000,0.000000,0.000000,0.000000,0.000000,0.000000,0.000000,0.100000,9.530000,2.310000,0.000000,0.010000,0.000000,27.250000,-4.750000,-31.380000
0.514000,150862.000000,48.000000,1808.000000,1818.000000,1310.000000,1826.000000,2373.000000,0.000000,0.000000,0.000000,0.000000,0.000000,0.000000,0.000000,0.000000,0.000000,0.100000,9.530000,2.310000,0.000000,0.010000,0.000000,27.250000,-4.750000,-31.380000
0.516000,150863.000000,19.000000,1867.000000,1851.000000,1181.000000,1817.000000,2010.000000,0.000000,0.000000,0.000000,0.000000,0.000000,0.000000,0.000000,0.000000,0.000000,0.100000,9.530000,2.310000,0.000000,0.010000,0.000000,27.250000,-4.750000,-31.380000
0.518000,150864.000000,0.000000,1861.000000,1872.000000,855.000000,1849.000000,1337.000000,0.000000,0.000000,0.000000,0.000000,0.000000,0.000000,0.000000,0.000000,0.000000,0.100000,9.530000,2.310000,0.000000,0.010000,0.000000,27.250000,-4.750000,-31.380000
0.520000,150865.000000,5.000000,1850.000000,1847.000000,607.000000,1847.000000,1168.000000,0.000000,0.000000,0.000000,0.000000,0.000000,0.000000,0.000000,0.000000,0.000000,0.100000,9.520000,2.350000,0.000000,0.000000,0.000000,27.250000,-4.750000,-31.380000
0.522000,150866.000000,0.000000,1815.000000,1809.000000,503.000000,1826.000000,1402.000000,0.000000,0.000000,0.000000,0.000000,0.000000,0.000000,0.000000,0.000000,0.000000,0.100000,9.520000,2.350000,0.000000,0.000000,0.000000,27.250000,-4.750000,-31.380000
0.524000,150867.000000,0.000000,1802.000000,1794.000000,603.000000,1807.000000,1628.000000,0.000000,0.000000,0.000000,0.000000,0.000000,0.000000,0.000000,0.000000,0.000000,0.100000,9.520000,2.350000,0.000000,0.000000,0.000000,27.250000,-4.750000,-31.380000
0.526000,150868.000000,0.000000,1773.000000,1811.000000,695.000000,1791.000000,1721.000000,0.000000,0.000000,0.000000,0.000000,0.000000,0.000000,0.000000,0.000000,0.000000,0.100000,9.520000,2.350000,0.000000,0.000000,0.000000,27.250000,-4.750000,-31.380000
0.528000,150869.000000,0.000000,1763.000000,1775.000000,752.000000,1803.000000,1797.000000,0.000000,0.000000,0.000000,0.000000,0.000000,0.000000,0.000000,0.000000,0.000000,0.100000,9.520000,2.350000,0.000000,0.000000,0.000000,27.250000,-4.750000,-31.380000
0.530000,150870.000000,5.000000,1740.000000,1808.000000,854.000000,1790.000000,2128.000000,0.000000,0.000000,0.000000,0.000000,0.000000,0.000000,0.000000,0.000000,0.000000,0.130000,9.500000,2.370000,-0.010000,0.000000,0.000000,27.250000,-4.750000,-31.380000
0.532000,150871.000000,156.000000,1785.000000,1763.000000,1155.000000,1817.000000,2640.000000,0.000000,0.000000,0.000000,0.000000,0.000000,0.000000,0.000000,0.000000,0.000000,0.130000,9.500000,2.370000,-0.010000,0.000000,0.000000,27.250000,-4.750000,-31.380000
0.534000,150872.000000,54.000000,1822.000000,1818.000000,1295.000000,1815.000000,2370.000000,0.000000,0.000000,0.000000,0.000000,0.000000,0.000000,0.000000,0.000000,0.000000,0.130000,9.500000,2.370000,-0.010000,0.000000,0.000000,27.250000,-4.750000,-31.380000
0.536000,150873.000000,19.000000,1870.000000,1834.000000,1173.000000,1878.000000,1999.000000,0.000000,0.000000,0.000000,0.000000,0.000000,0.000000,0.000000,0.000000,0.000000,0.130000,9.500000,2.370000,-0.010000,0.000000,0.000000,27.250000,-4.750000,-31.380000
0.538000,150874.000000,0.000000,1876.000000,1865.000000,851.000000,1893.000000,1341.000000,0.000000,0.000000,0.000000,0.000000,0.000000,0.000000,0.000000,0.000000,0.000000,0.130000,9.500000,2.370000,-0.010000,0.000000,0.000000,27.250000,-4.750000,-31.380000
0.540000,150875.000000,0.000000,1858.000000,1847.000000,624.000000,1852.000000,1175.000000,0.000000,0.000000,0.000000,0.000000,0.000000,0.000000,0.000000,0.000000,0.000000,0.110000,9.500000,2.340000,-0.010000,0.000000,0.000000,27.690000,-4.750000,-31.000000
0.542000,150876.000000,0.000000,1812.000000,1806.000000,496.000000,1838.000000,1405.000000,0.000000,0.000000,0.000000,0.000000,0.000000,0.000000,0.000000,0.000000,0.000000,0.110000,9.500000,2.340000,-0.010000,0.000000,0.000000,27.690000,-4.750000,-31.000000
0.544000,150877.000000,16.000000,1790.000000,1797.000000,610.000000,1827.000000,1620.000000,0.000000,0.000000,0.000000,0.000000,0.000000,0.000000,0.000000,0.000000,0.000000,0.110000,9.500000,2.340000,-0.010000,0.000000,0.000000,27.690000,-4.750000,-31.000000
0.546000,150878.000000,0.000000,1786.000000,1797.000000,701.000000,1808.000000,1740.000000,0.000000,0.000000,0.000000,0.000000,0.000000,0.000000,0.000000,0.000000,0.000000,0.110000,9.500000,2.340000,-0.010000,0.000000,0.000000,27.690000,-4.750000,-31.000000
0.548000,150879.000000,0.000000,1769.000000,1785.000000,771.000000,1802.000000,1809.000000,0.000000,0.000000,0.000000,0.000000,0.000000,0.000000,0.000000,0.000000,0.000000,0.110000,9.500000,2.340000,-0.010000,0.000000,0.000000,27.690000,-4.750000,-31.000000
0.550000,150880.000000,567.000000,1792.000000,1781.000000,831.000000,1791.000000,1980.000000,0.000000,0.000000,0.000000,0.000000,0.000000,0.000000,0.000000,0.000000,0.000000,0.130000,9.510000,2.280000,-0.010000,0.000000,0.000000,27.690000,-4.750000,-31.000000
0.552000,150881.000000,76.000000,1792.000000,1776.000000,1175.000000,1794.000000,2630.000000,0.000000,0.000000,0.000000,0.000000,0.000000,0.000000,0.000000,0.000000,0.000000,0.130000,9.510000,2.280000,-0.010000,0.000000,0.000000,27.690000,-4.750000,-31.000000
0.554000,150882.000000,54.000000,1840.000000,1808.000000,1307.000000,1855.000000,2384.000000,0.000000,0.000000,0.000000,0.000000,0.000000,0.000000,0.000000,0.000000,0.000000,0.130000,9.510000,2.280000,-0.010000,0.000000,0.000000,27.690000,-4.750000,-31.000000
0.556000,150883.000000,17.000000,1873.000000,1819.000000,1190.000000,1870.000000,1994.000000,0.000000,0.000000,0.000000,0.000000,0.000000,0.000000,0.000000,0.000000,0.000000,0.130000,9.510000,2.280000,-0.010000,0.000000,0.000000,27.690000,-4.750000,-31.000000
0.558000,150884.000000,0.000000,1887.000000,1850.000000,845.000000,1904.000000,1339.000000,0.000000,0.000000,0.000000,0.000000,0.000000,0.000000,0.000000,0.000000,0.000000,0.130000,9.510000,2.280000,-0.010000,0.000000,0.000000,27.690000,-4.750000,-31.000000
0.560000,150885.000000,1.000000,1874.000000,1840.000000,593.000000,1877.000000,1183.000000,0.000000,0.000000,0.000000,0.000000,0.000000,0.000000,0.000000,0.000000,0.000000,0.160000,9.530000,2.270000,-0.010000,0.000000,0.000000,27.690000,-4.750000,-31.000000
0.562000,150886.000000,0.000000,1835.000000,1824.000000,523.000000,1863.000000,1415.000000,0.000000,0.000000,0.000000,0.000000,0.000000,0.000000,0.000000,0.000000,0.000000,0.160000,9.530000,2.270000,-0.010000,0.000000,0.000000,27.690000,-4.750000,-31.000000
0.564000,150887.000000,0.000000,1815.000000,1793.000000,618.000000,1791.000000,1621.000000,0.000000,0.000000,0.000000,0.000000,0.000000,0.000000,0.000000,0.000000,0.000000,0.160000,9.530000,2.270000,-0.010000,0.000000,0.000000,27.690000,-4.750000,-31.000000
0.566000,150888.000000,0.000000,1779.000000,1792.000000,709.000000,1808.000000,1706.000000,0.000000,0.000000,0.000000,0.000000,0.000000,0.000000,0.000000,0.000000,0.000000,0.160000,9.530000,2.270000,-0.010000,0.000000,0.000000,27.690000,-4.750000,-31.000000
0.568000,150889.000000,0.000000,1776.000000,1786.000000,814.000000,1786.000000,1825.000000,0.000000,0.000000,0.000000,0.000000,0.000000,0.000000,0.000000,0.000000,0.000000,0.160000,9.530000,2.270000,-0.010000,0.000000,0.000000,27.690000,-4.750000,-31.000000
0.570000,150890.000000,80.000000,1787.000000,1765.000000,859.000000,1802.000000,2043.000000,0.000000,0.000000,0.000000,0.000000,0.000000,0.000000,0.000000,0.000000,0.000000,0.150000,9.530000,2.290000,-0.010000,0.000000,0.000000,27.690000,-4.750000,-31.000000
0.572000,150891.000000,65.000000,1789.000000,1778.000000,1171.000000,1823.000000,2630.000000,0.000000,0.000000,0.000000,0.000000,0.000000,0.000000,0.000000,0.000000,0.000000,0.150000,9.530000,2.290000,-0.010000,0.000000,0.000000,27.690000,-4.750000,-31.000000
0.574000,150892.000000,51.000000,1841.000000,1808.000000,1300.000000,1865.000000,2374.000000,0.000000,0.000000,0.000000,0.000000,0.000000,0.000000,0.000000,0.000000,0.000000,0.150000,9.530000,2.290000,-0.010000,0.000000,0.000000,27.690000,-4.750000,-31.000000
0.576000,150893.000000,16.000000,1867.000000,1846.000000,1178.000000,1872.000000,1999.000000,0.000000,0.000000,0.000000,0.000000,0.000000,0.000000,0.000000,0.000000,0.000000,0.150000,9.530000,2.290000,-0.010000,0.000000,0.000000,27.690000,-4.750000,-31.000000
0.578000,150894.000000,0.000000,1904.000000,1842.000000,849.000000,1856.000000,1322.000000,0.000000,0.000000,0.000000,0.000000,0.000000,0.000000,0.000000,0.000000,0.000000,0.150000,9.530000,2.290000,-0.010000,0.000000,0.000000,27.690000,-4.750000,-31.000000
0.580000,150895.000000,0.000000,1877.000000,1842.000000,573.000000,1846.000000,1155.000000,0.000000,0.000000,0.000000,0.000000,0.000000,0.000000,0.000000,0.000000,0.000000,0.140000,9.560000,2.290000,-0.010000,0.000000,0.000000,27.690000,-4.750000,-31.000000
0.582000,150896.000000,6.000000,1825.000000,1836.000000,495.000000,1838.000000,1411.000000,0.000000,0.000000,0.000000,0.000000,0.000000,0.000000,0.000000,0.000000,0.000000,0.140000,9.560000,2.290000,-0.010000,0.000000,0.000000,27.690000,-4.750000,-31.000000
0.584000,150897.000000,0.000000,1805.000000,1785.000000,597.000000,1811.000000,1613.000000,0.000000,0.000000,0.000000,0.000000,0.000000,0.000000,0.000000,0.000000,0.000000,0.140000,9.560000,2.290000,-0.010000,0.000000,0.000000,27.690000,-4.750000,-31.000000
0.586000,150898.000000,0.000000,1749.000000,1793.000000,691.000000,1792.000000,1732.000000,0.000000,0.000000,0.000000,0.000000,0.000000,0.000000,0.000000,0.000000,0.000000,0.140000,9.560000,2.290000,-0.010000,0.000000,0.000000,27.690000,-4.750000,-31.000000
0.588000,150899.000000,0.000000,1776.000000,1794.000000,765.000000,1806.000000,1813.000000,0.000000,0.000000,0.000000,0.000000,0.000000,0.000000,0.000000,0.000000,0.000000,0.140000,9.560000,2.290000,-0.010000,0.000000,0.000000,27.690000,-4.750000,-31.000000
0.590000,150900.000000,36.000000,1761.000000,1776.000000,857.000000,1787.000000,2057.000000,0.000000,0.000000,0.000000,0.000000,0.000000,0.000000,0.000000,0.000000,0.000000,0.140000,9.560000,2.300000,-0.010000,0.000000,0.000000,27.250000,-4.500000,-32.190000
0.592000,150901.000000,61.000000,1796.000000,1791.000000,1179.000000,1776.000000,2632.000000,0.000000,0.000000,0.000000,0.000000,0.000000,0.000000,0.000000,0.000000,0.000000,0.140000,9.560000,2.300000,-0.010000,0.000000,0.000000,27.250000,-4.500000,-32.190000
0.594000,150902.000000,81.000000,1830.000000,1813.000000,1295.000000,1813.000000,2380.000000,0.000000,0.000000,0.000000,0.000000,0.000000,0.000000,0.000000,0.000000,0.000000,0.140000,9.560000,2.300000,-0.010000,0.000000,0.000000,27.250000,-4.500000,-32.190000
0.596000,150903.000000,25.000000,1843.000000,1838.000000,1168.000000,1851.000000,1999.000000,0.000000,0.000000,0.000000,0.000000,0.000000,0.000000,0.000000,0.000000,0.000000,0.140000,9.560000,2.300000,-0.010000,0.000000,0.000000,27.250000,-4.500000,-32.190000
0.598000,150904.000000,0.000000,1872.000000,1860.000000,866.000000,1869.000000,1327.000000,0.000000,0.000000,0.000000,0.000000,0.000000,0.000000,0.000000,0.000000,0.000000,0.140000,9.560000,2.300000,-0.010000,0.000000,0.000000,27.250000,-4.500000,-32.190000
0.600000,150905.000000,544.000000,1857.000000,1852.000000,614.000000,1831.000000,1239.000000,0.000000,0.000000,0.000000,0.000000,0.000000,0.000000,0.000000,0.000000,0.000000,0.130000,9.530000,2.170000,-0.010000,0.000000,0.000000,27.250000,-4.500000,-32.190000
0.602000,150906.000000,0.000000,1821.000000,1838.000000,499.000000,1813.000000,1418.000000,0.000000,0.000000,0.000000,0.000000,0.000000,0.000000,0.000000,0.000000,0.000000,0.130000,9.530000,2.170000,-0.010000,0.000000,0.000000,27.250000,-4.500000,-32.190000
0.604000,150907.000000,0.000000,1787.000000,1808.000000,619.000000,1801.000000,1627.000000,0.000000,0.000000,0.000000,0.000000,0.000000,0.000000,0.000000,0.000000,0.000000,0.130000,9.530000,2.170000,-0.010000,0.000000,0.000000,27.250000,-4.500000,-32.190000
0.606000,150908.000000,0.000000,1746.000000,1807.000000,688.000000,1803.000000,1729.000000,0.000000,0.000000,0.000000,0.000000,0.000000,0.000000,0.000000,0.000000,0.000000,0.130000,9.530000,2.170000,-0.010000,0.000000,0.000000,27.250000,-4.500000,-32.190000
0.608000,150909.000000,0.000000,1758.000000,1804.000000,786.000000,1788.000000,1809.000000,0.000000,0.000000,0.000000,0.000000,0.000000,0.000000,0.000000,0.000000,0.000000,0.130000,9.530000,2.170000,-0.010000,0.000000,0.000000,27.250000,-4.500000,-32.190000
0.610000,150910.000000,26.000000,1743.000000,1787.000000,831.000000,1808.000000,2053.000000,0.000000,0.000000,0.000000,0.000000,0.000000,0.000000,0.000000,0.000000,0.000000,0.130000,9.550000,2.250000,-0.010000,0.000000,0.000000,27.250000,-4.500000,-32.190000
0.612000,150911.000000,65.000000,1765.000000,1773.000000,1168.000000,1778.000000,2619.000000,0.000000,0.000000,0.000000,0.000000,0.000000,0.000000,0.000000,0.000000,0.000000,0.130000,9.550000,2.250000,-0.010000,0.000000,0.000000,27.250000,-4.500000,-32.190000
0.614000,150912.000000,56.000000,1820.000000,1795.000000,1311.000000,1841.000000,2389.000000,0.000000,0.000000,0.000000,0.000000,0.000000,0.000000,0.000000,0.000000,0.000000,0.130000,9.550000,2.250000,-0.010000,0.000000,0.000000,27.250000,-4.500000,-32.190000
0.616000,150913.000000,23.000000,1848.000000,1850.000000,1170.000000,1853.000000,1991.000000,0.000000,0.000000,0.000000,0.000000,0.000000,0.000000,0.000000,0.000000,0.000000,0.130000,9.550000,2.250000,-0.010000,0.000000,0.000000,27.250000,-4.500000,-32.190000
0.618000,150914.000000,0.000000,1874.000000,1850.000000,875.000000,1866.000000,1346.000000,0.000000,0.000000,0.000000,0.000000,0.000000,0.000000,0.000000,0.000000,0.000000,0.130000,9.550000,2.250000,-0.010000,0.000000,0.000000,27.250000,-4.500000,-32.190000
0.620000,150915.000000,0.000000,1846.000000,1833.000000,593.000000,1870.000000,1185.000000,0.000000,0.000000,0.000000,0.000000,0.000000,0.000000,0.000000,0.000000,0.000000,0.140000,9.570000,2.270000,0.000000,-0.010000,0.000000,27.250000,-4.500000,-32.190000
0.622000,150916.000000,14.000000,1819.000000,1829.000000,526.000000,1808.000000,1414.000000,0.000000,0.000000,0.000000,0.000000,0.000000,0.000000,0.000000,0.000000,0.000000,0.140000,9.570000,2.270000,0.000000,-0.010000,0.000000,27.250000,-4.500000,-32.190000
0.624000,150917.000000,0.000000,1785.000000,1796.000000,605.000000,1840.000000,1623.000000,0.000000,0.000000,0.000000,0.000000,0.000000,0.000000,0.000000,0.000000,0.000000,0.140000,9.570000,2.270000,0.000000,-0.010000,0.000000,27.250000,-4.500000,-32.190000
0.626000,150918.000000,0.000000,1766.000000,1795.000000,692.000000,1804.000000,1733.000000,0.000000,0.000000,0.000000,0.000000,0.000000,0.000000,0.000000,0.000000,0.000000,0.140000,9.570000,2.270000,0.000000,-0.010000,0.000000,27.250000,-4.500000,-32.190000
0.628000,150919.000000,0.000000,1791.000000,1808.000000,768.000000,1808.000000,1776.000000,0.000000,0.000000,0.000000,0.000000,0.000000,0.000000,0.000000,0.000000,0.000000,0.140000,9.570000,2.270000,0.000000,-0.010000,0.000000,27.250000,-4.500000,-32.190000
0.630000,150920.000000,22.000000,1783.000000,1790.000000,845.000000,1806.000000,2045.000000,0.000000,0.000000,0.000000,0.000000,0.000000,0.000000,0.000000,0.000000,0.000000,0.140000,9.540000,2.280000,0.000000,0.000000,0.000000,27.250000,-4.500000,-32.190000
0.632000,150921.000000,65.000000,1779.000000,1776.000000,1169.000000,1810.000000,2639.000000,0.000000,0.000000,0.000000,0.000000,0.000000,0.000000,0.000000,0.000000,0.000000,0.140000,9.540000,2.280000,0.000000,0.000000,0.000000,27.250000,-4.500000,-32.190000
0.634000,150922.000000,52.000000,1837.000000,1800.000000,1306.000000,1833.000000,2369.000000,0.000000,0.000000,0.000000,0.000000,0.000000,0.000000,0.000000,0.000000,0.000000,0.140000,9.540000,2.280000,0.000000,0.000000,0.000000,27.250000,-4.500000,-32.190000
0.636000,150923.000000,23.000000,1861.000000,1808.000000,1199.000000,1867.000000,2038.000000,0.000000,0.000000,0.000000,0.000000,0.000000,0.000000,0.000000,0.000000,0.000000,0.140000,9.540000,2.280000,0.000000,0.000000,0.000000,27.250000,-4.500000,-32.190000
0.638000,150924.000000,0.000000,1890.000000,1840.000000,870.000000,1879.000000,1333.000000,0.000000,0.000000,0.000000,0.000000,0.000000,0.000000,0.000000,0.000000,0.000000,0.140000,9.540000,2.280000,0.000000,0.000000,0.000000,27.250000,-4.500000,-32.190000
0.640000,150925.000000,0.000000,1869.000000,1827.000000,615.000000,1859.000000,1199.000000,0.000000,0.000000,0.000000,0.000000,0.000000,0.000000,0.000000,0.000000,0.000000,0.150000,9.540000,2.330000,0.000000,0.000000,0.000000,26.560000,-4.060000,-31.380000
0.642000,150926.000000,0.000000,1838.000000,1816.000000,511.000000,1839.000000,1426.000000,0.000000,0.000000,0.000000,0.000000,0.000000,0.000000,0.000000,0.000000,0.000000,0.150000,9.540000,2.330000,0.000000,0.000000,0.000000,26.560000,-4.060000,-31.380000
0.644000,150927.000000,0.000000,1808.000000,1794.000000,592.000000,1808.000000,1629.000000,0.000000,0.000000,0.000000,0.000000,0.000000,0.000000,0.000000,0.000000,0.000000,0.150000,9.540000,2.330000,0.000000,0.000000,0.000000,26.560000,-4.060000,-31.380000
0.646000,150928.000000,0.000000,1786.000000,1777.000000,694.000000,1795.000000,1711.000000,0.000000,0.000000,0.000000,0.000000,0.000000,0.000000,0.000000,0.000000,0.000000,0.150000,9.540000,2.330000,0.000000,0.000000,0.000000,26.560000,-4.060000,-31.380000
0.648000,150929.000000,0.000000,1766.000000,1793.000000,768.000000,1791.000000,1819.000000,0.000000,0.000000,0.000000,0.000000,0.000000,0.000000,0.000000,0.000000,0.000000,0.150000,9.540000,2.330000,0.000000,0.000000,0.000000,26.560000,-4.060000,-31.380000
0.650000,150930.000000,182.000000,1777.000000,1788.000000,842.000000,1750.000000,2000.000000,0.000000,0.000000,0.000000,0.000000,0.000000,0.000000,0.000000,0.000000,0.000000,0.150000,9.550000,2.180000,0.000000,-0.010000,0.000000,26.560000,-4.060000,-31.380000
0.652000,150931.000000,64.000000,1790.000000,1776.000000,1177.000000,1789.000000,2622.000000,0.000000,0.000000,0.000000,0.000000,0.000000,0.000000,0.000000,0.000000,0.000000,0.150000,9.550000,2.180000,0.000000,-0.010000,0.000000,26.560000,-4.060000,-31.380000
0.654000,150932.000000,53.000000,1840.000000,1797.000000,1301.000000,1838.000000,2384.000000,0.000000,0.000000,0.000000,0.000000,0.000000,0.000000,0.000000,0.000000,0.000000,0.150000,9.550000,2.180000,0.000000,-0.010000,0.000000,26.560000,-4.060000,-31.380000
0.656000,150933.000000,25.000000,1877.000000,1820.000000,1177.000000,1872.000000,1998.000000,0.000000,0.000000,0.000000,0.000000,0.000000,0.000000,0.000000,0.000000,0.000000,0.150000,9.550000,2.180000,0.000000,-0.010000,0.000000,26.560000,-4.060000,-31.380000
0.658000,150934.000000,0.000000,1898.000000,1860.000000,850.000000,1855.000000,1322.000000,0.000000,0.000000,0.000000,0.000000,0.000000,0.000000,0.000000,0.000000,0.000000,0.150000,9.550000,2.180000,0.000000,-0.010000,0.000000,26.560000,-4.060000,-31.380000
0.660000,150935.000000,16.000000,1872.000000,1857.000000,597.000000,1852.000000,1169.000000,0.000000,0.000000,0.000000,0.000000,0.000000,0.000000,0.000000,0.000000,0.000000,0.130000,9.530000,2.220000,0.000000,-0.010000,0.000000,26.560000,-4.060000,-31.380000
0.662000,150936.000000,0.000000,1809.000000,1807.000000,524.000000,1803.000000,1427.000000,0.000000,0.000000,0.000000,0.000000,0.000000,0.000000,0.000000,0.000000,0.000000,0.130000,9.530000,2.220000,0.000000,-0.010000,0.000000,26.560000,-4.060000,-31.380000
0.664000,150937.000000,0.000000,1775.000000,1808.000000,604.000000,1815.000000,1617.000000,0.000000,0.000000,0.000000,0.000000,0.000000,0.000000,0.000000,0.000000,0.000000,0.130000,9.530000,2.220000,0.000000,-0.010000,0.000000,26.560000,-4.060000,-31.380000
0.666000,150938.000000,0.000000,1789.000000,1801.000000,689.000000,1808.000000,1732.000000,0.000000,0.000000,0.000000,0.000000,0.000000,0.000000,0.000000,0.000000,0.000000,0.130000,9.530000,2.220000,0.000000,-0.010000,0.000000,26.560000,-4.060000,-31.380000
0.668000,150939.000000,3.000000,1766.000000,1781.000000,779.000000,1812.000000,1833.000000,0.000000,0.000000,0.000000,0.000000,0.000000,0.000000,0.000000,0.000000,0.000000,0.130000,9.530000,2.220000,0.000000,-0.010000,0.000000,26.560000,-4.060000,-31.380000
0.670000,150940.000000,3.000000,1774.000000,1781.000000,850.000000,1808.000000,2033.000000,0.000000,0.000000,0.000000,0.000000,0.000000,0.000000,0.000000,0.000000,0.000000,0.130000,9.510000,2.250000,0.000000,-0.010000,0.000000,26.560000,-4.060000,-31.380000
0.672000,150941.000000,85.000000,1798.000000,1792.000000,1166.000000,1810.000000,2614.000000,0.000000,0.000000,0.000000,0.000000,0.000000,0.000000,0.000000,0.000000,0.000000,0.130000,9.510000,2.250000,0.000000,-0.010000,0.000000,26.560000,-4.060000,-31.380000
0.674000,150942.000000,48.000000,1823.000000,1814.000000,1282.000000,1837.000000,2385.000000,0.000000,0.000000,0.000000,0.000000,0.000000,0.000000,0.000000,0.000000,0.000000,0.130000,9.510000,2.250000,0.000000,-0.010000,0.000000,26.560000,-4.060000,-31.380000
0.676000,150943.000000,25.000000,1874.000000,1805.000000,1193.000000,1873.000000,2000.000000,0.000000,0.000000,0.000000,0.000000,0.000000,0.000000,0.000000,0.000000,0.000000,0.130000,9.510000,2.250000,0.000000,-0.010000,0.000000,26.560000,-4.060000,-31.380000
0.678000,150944.000000,0.000000,1886.000000,1829.000000,877.000000,1875.000000,1326.000000,0.000000,0.000000,0.000000,0.000000,0.000000,0.000000,0.000000,0.000000,0.000000,0.130000,9.510000,2.250000,0.000000,-0.010000,0.000000,26.560000,-4.060000,-31.380000
0.680000,150945.000000,0.000000,1870.000000,1846.000000,611.000000,1871.000000,1207.000000,0.000000,0.000000,0.000000,0.000000,0.000000,0.000000,0.000000,0.000000,0.000000,0.140000,9.530000,2.280000,0.000000,-0.010000,0.000000,26.560000,-4.060000,-31.380000
0.682000,150946.000000,0.000000,1833.000000,1840.000000,511.000000,1840.000000,1409.000000,0.000000,0.000000,0.000000,0.000000,0.000000,0.000000,0.000000,0.000000,0.000000,0.140000,9.530000,2.280000,0.000000,-0.010000,0.000000,26.560000,-4.060000,-31.380000
0.684000,150947.000000,0.000000,1810.000000,1809.000000,619.000000,1830.000000,1610.000000,0.000000,0.000000,0.000000,0.000000,0.000000,0.000000,0.000000,0.000000,0.000000,0.140000,9.530000,2.280000,0.000000,-0.010000,0.000000,26.560000,-4.060000,-31.380000
0.686000,150948.000000,0.000000,1790.000000,1791.000000,681.000000,1791.000000,1711.000000,0.000000,0.000000,0.000000,0.000000,0.000000,0.000000,0.000000,0.000000,0.000000,0.140000,9.530000,2.280000,0.000000,-0.010000,0.000000,26.560000,-4.060000,-31.380000
0.688000,150949.000000,0.000000,1776.000000,1799.000000,754.000000,1786.000000,1771.000000,0.000000,0.000000,0.000000,0.000000,0.000000,0.000000,0.000000,0.000000,0.000000,0.140000,9.530000,2.280000,0.000000,-0.010000,0.000000,26.560000,-4.060000,-31.380000
0.690000,150950.000000,85.000000,1758.000000,1792.000000,848.000000,1808.000000,2022.000000,0.000000,0.000000,0.000000,0.000000,0.000000,0.000000,0.000000,0.000000,0.000000,0.150000,9.540000,2.270000,0.010000,0.000000,0.000000,27.250000,-4.500000,-31.000000
0.692000,150951.000000,65.000000,1786.000000,1806.000000,1178.000000,1815.000000,2608.000000,0.000000,0.000000,0.000000,0.000000,0.000000,0.000000,0.000000,0.000000,0.000000,0.150000,9.540000,2.270000,0.010000,0.000000,0.000000,27.250000,-4.500000,-31.000000
0.694000,150952.000000,78.000000,1825.000000,1809.000000,1283.000000,1844.000000,2390.000000,0.000000,0.000000,0.000000,0.000000,0.000000,0.000000,0.000000,0.000000,0.000000,0.150000,9.540000,2.270000,0.010000,0.000000,0.000000,27.250000,-4.500000,-31.000000
0.696000,150953.000000,21.000000,1849.000000,1859.000000,1189.000000,1879.000000,2013.000000,0.000000,0.000000,0.000000,0.000000,0.000000,0.000000,0.000000,0.000000,0.000000,0.150000,9.540000,2.270000,0.010000,0.000000,0.000000,27.250000,-4.500000,-31.000000
0.698000,150954.000000,0.000000,1882.000000,1884.000000,869.000000,1900.000000,1333.000000,0.000000,0.000000,0.000000,0.000000,0.000000,0.000000,0.000000,0.000000,0.000000,0.150000,9.540000,2.270000,0.010000,0.000000,0.000000,27.250000,-4.500000,-31.000000
0.700000,150955.000000,539.000000,1850.000000,1870.000000,643.000000,1899.000000,1243.000000,0.000000,0.000000,0.000000,0.000000,0.000000,0.000000,0.000000,0.000000,0.000000,0.140000,9.500000,2.190000,0.010000,-0.010000,0.000000,27.250000,-4.500000,-31.000000
0.702000,150956.000000,0.000000,1831.000000,1808.000000,503.000000,1856.000000,1437.000000,0.000000,0.000000,0.000000,0.000000,0.000000,0.000000,0.000000,0.000000,0.000000,0.140000,9.500000,2.190000,0.010000,-0.010000,0.000000,27.250000,-4.500000,-31.000000
0.704000,150957.000000,0.000000,1781.000000,1808.000000,624.000000,1821.000000,1629.000000,0.000000,0.000000,0.000000,0.000000,0.000000,0.000000,0.000000,0.000000,0.000000,0.140000,9.500000,2.190000,0.010000,-0.010000,0.000000,27.250000,-4.500000,-31.000000
0.706000,150958.000000,0.000000,1776.000000,1801.000000,668.000000,1838.000000,1713.000000,0.000000,0.000000,0.000000,0.000000,0.000000,0.000000,0.000000,0.000000,0.000000,0.140000,9.500000,2.190000,0.010000,-0.010000,0.000000,27.250000,-4.500000,-31.000000
0.708000,150959.000000,0.000000,1766.000000,1771.000000,758.000000,1811.000000,1819.000000,0.000000,0.000000,0.000000,0.000000,0.000000,0.000000,0.000000,0.000000,0.000000,0.140000,9.500000,2.190000,0.010000,-0.010000,0.000000,27.250000,-4.500000,-31.000000
0.710000,150960.000000,16.000000,1781.000000,1808.000000,842.000000,1826.000000,2026.000000,0.000000,0.000000,0.000000,0.000000,0.000000,0.000000,0.000000,0.000000,0.000000,0.120000,9.530000,2.240000,0.010000,0.000000,0.000000,27.250000,-4.500000,-31.000000
0.712000,150961.000000,58.000000,1774.000000,1786.000000,1152.000000,1840.000000,2619.000000,0.000000,0.000000,0.000000,0.000000,0.000000,0.000000,0.000000,0.000000,0.000000,0.120000,9.530000,2.240000,0.010000,0.000000,0.000000,27.250000,-4.500000,-31.000000
0.714000,150962.000000,57.000000,1819.000000,1844.000000,1310.000000,1861.000000,2403.000000,0.000000,0.000000,0.000000,0.000000,0.000000,0.000000,0.000000,0.000000,0.000000,0.120000,9.530000,2.240000,0.010000,0.000000,0.000000,27.250000,-4.500000,-31.000000
0.716000,150963.000000,21.000000,1872.000000,1866.000000,1200.000000,1870.000000,2019.000000,0.000000,0.000000,0.000000,0.000000,0.000000,0.000000,0.000000,0.000000,0.000000,0.120000,9.530000,2.240000,0.010000,0.000000,0.000000,27.250000,-4.500000,-31.000000
0.718000,150964.000000,0.000000,1899.000000,1871.000000,895.000000,1917.000000,1332.000000,0.000000,0.000000,0.000000,0.000000,0.000000,0.000000,0.000000,0.000000,0.000000,0.120000,9.530000,2.240000,0.010000,0.000000,0.000000,27.250000,-4.500000,-31.000000
0.720000,150965.000000,0.000000,1868.000000,1839.000000,607.000000,1891.000000,1198.000000,0.000000,0.000000,0.000000,0.000000,0.000000,0.000000,0.000000,0.000000,0.000000,0.130000,9.530000,2.320000,0.000000,0.000000,0.000000,27.250000,-4.500000,-31.000000
0.722000,150966.000000,0.000000,1839.000000,1855.000000,511.000000,1881.000000,1410.000000,0.000000,0.000000,0.000000,0.000000,0.000000,0.000000,0.000000,0.000000,0.000000,0.130000,9.530000,2.320000,0.000000,0.000000,0.000000,27.250000,-4.500000,-31.000000
0.724000,150967.000000,0.000000,1793.000000,1802.000000,592.000000,1861.000000,1600.000000,0.000000,0.000000,0.000000,0.000000,0.000000,0.000000,0.000000,0.000000,0.000000,0.130000,9.530000,2.320000,0.000000,0.000000,0.000000,27.250000,-4.500000,-31.000000
0.726000,150968.000000,0.000000,1794.000000,1811.000000,675.000000,1850.000000,1725.000000,0.000000,0.000000,0.000000,0.000000,0.000000,0.000000,0.000000,0.000000,0.000000,0.130000,9.530000,2.320000,0.000000,0.000000,0.000000,27.250000,-4.500000,-31.000000
0.728000,150969.000000,4.000000,1777.000000,1792.000000,784.000000,1833.000000,1817.000000,0.000000,0.000000,0.000000,0.000000,0.000000,0.000000,0.000000,0.000000,0.000000,0.130000,9.530000,2.320000,0.000000,0.000000,0.000000,27.250000,-4.500000,-31.000000
0.730000,150970.000000,57.000000,1779.000000,1807.000000,831.000000,1827.000000,2000.000000,0.000000,0.000000,0.000000,0.000000,0.000000,0.000000,0.000000,0.000000,0.000000,0.100000,9.530000,2.320000,0.000000,0.000000,0.000000,27.250000,-4.500000,-31.000000
0.732000,150971.000000,67.000000,1785.000000,1798.000000,1146.000000,1816.000000,2608.000000,0.000000,0.000000,0.000000,0.000000,0.000000,0.000000,0.000000,0.000000,0.000000,0.100000,9.530000,2.320000,0.000000,0.000000,0.000000,27.250000,-4.500000,-31.000000
0.734000,150972.000000,53.000000,1840.000000,1830.000000,1317.000000,1857.000000,2430.000000,0.000000,0.000000,0.000000,0.000000,0.000000,0.000000,0.000000,0.000000,0.000000,0.100000,9.530000,2.320000,0.000000,0.000000,0.000000,27.250000,-4.500000,-31.000000
0.736000,150973.000000,31.000000,1881.000000,1874.000000,1215.000000,1904.000000,2007.000000,0.000000,0.000000,0.000000,0.000000,0.000000,0.000000,0.000000,0.000000,0.000000,0.100000,9.530000,2.320000,0.000000,0.000000,0.000000,27.250000,-4.500000,-31.000000
0.738000,150974.000000,0.000000,1904.000000,1859.000000,875.000000,1908.000000,1342.000000,0.000000,0.000000,0.000000,0.000000,0.000000,0.000000,0.000000,0.000000,0.000000,0.100000,9.530000,2.320000,0.000000,0.000000,0.000000,27.250000,-4.500000,-31.000000
0.740000,150975.000000,2.000000,1875.000000,1865.000000,624.000000,1862.000000,1211.000000,0.000000,0.000000,0.000000,0.000000,0.000000,0.000000,0.000000,0.000000,0.000000,0.110000,9.550000,2.320000,0.000000,-0.010000,0.000000,26.880000,-3.690000,-31.750000
0.742000,150976.000000,0.000000,1846.000000,1840.000000,498.000000,1842.000000,1413.000000,0.000000,0.000000,0.000000,0.000000,0.000000,0.000000,0.000000,0.000000,0.000000,0.110000,9.550000,2.320000,0.000000,-0.010000,0.000000,26.880000,-3.690000,-31.750000
0.744000,150977.000000,0.000000,1833.000000,1829.000000,571.000000,1812.000000,1613.000000,0.000000,0.000000,0.000000,0.000000,0.000000,0.000000,0.000000,0.000000,0.000000,0.110000,9.550000,2.320000,0.000000,-0.010000,0.000000,26.880000,-3.690000,-31.750000
0.746000,150978.000000,0.000000,1824.000000,1790.000000,705.000000,1792.000000,1714.000000,0.000000,0.000000,0.000000,0.000000,0.000000,0.000000,0.000000,0.000000,0.000000,0.110000,9.550000,2.320000,0.000000,-0.010000,0.000000,26.880000,-3.690000,-31.750000
0.748000,150979.000000,0.000000,1797.000000,1818.000000,801.000000,1813.000000,1797.000000,0.000000,0.000000,0.000000,0.000000,0.000000,0.000000,0.000000,0.000000,0.000000,0.110000,9.550000,2.320000,0.000000,-0.010000,0.000000,26.880000,-3.690000,-31.750000
0.750000,150980.000000,177.000000,1763.000000,1781.000000,848.000000,1922.000000,1999.000000,0.000000,0.000000,0.000000,0.000000,0.000000,0.000000,0.000000,0.000000,0.000000,0.120000,9.530000,2.210000,0.010000,0.000000,0.000000,26.880000,-3.690000,-31.750000
0.752000,150981.000000,65.000000,1794.000000,1791.000000,1157.000000,1791.000000,2602.000000,0.000000,0.000000,0.000000,0.000000,0.000000,0.000000,0.000000,0.000000,0.000000,0.120000,9.530000,2.210000,0.010000,0.000000,0.000000,26.880000,-3.690000,-31.750000
0.754000,150982.000000,50.000000,1847.000000,1846.000000,1324.000000,1843.000000,2404.000000,0.000000,0.000000,0.000000,0.000000,0.000000,0.000000,0.000000,0.000000,0.000000,0.120000,9.530000,2.210000,0.010000,0.000000,0.000000,26.880000,-3.690000,-31.750000
0.756000,150983.000000,23.000000,1872.000000,1851.000000,1173.000000,1870.000000,2063.000000,0.000000,0.000000,0.000000,0.000000,0.000000,0.000000,0.000000,0.000000,0.000000,0.120000,9.530000,2.210000,0.010000,0.000000,0.000000,26.880000,-3.690000,-31.750000
0.758000,150984.000000,0.000000,1900.000000,1858.000000,883.000000,1872.000000,1357.000000,0.000000,0.000000,0.000000,0.000000,0.000000,0.000000,0.000000,0.000000,0.000000,0.120000,9.530000,2.210000,0.010000,0.000000,0.000000,26.880000,-3.690000,-31.750000
0.760000,150985.000000,0.000000,1888.000000,1842.000000,611.000000,1872.000000,1215.000000,0.000000,0.000000,0.000000,0.000000,0.000000,0.000000,0.000000,0.000000,0.000000,0.120000,9.560000,2.280000,0.010000,-0.010000,0.000000,26.880000,-3.690000,-31.750000
0.762000,150986.000000,0.000000,1831.000000,1842.000000,505.000000,1822.000000,1419.000000,0.000000,0.000000,0.000000,0.000000,0.000000,0.000000,0.000000,0.000000,0.000000,0.120000,9.560000,2.280000,0.010000,-0.010000,0.000000,26.880000,-3.690000,-31.750000
0.764000,150987.000000,0.000000,1806.000000,1817.000000,595.000000,1821.000000,1616.000000,0.000000,0.000000,0.000000,0.000000,0.000000,0.000000,0.000000,0.000000,0.000000,0.120000,9.560000,2.280000,0.010000,-0.010000,0.000000,26.880000,-3.690000,-31.750000
0.766000,150988.000000,0.000000,1776.000000,1823.000000,695.000000,1810.000000,1712.000000,0.000000,0.000000,0.000000,0.000000,0.000000,0.000000,0.000000,0.000000,0.000000,0.120000,9.560000,2.280000,0.010000,-0.010000,0.000000,26.880000,-3.690000,-31.750000
0.768000,150989.000000,0.000000,1754.000000,1811.000000,778.000000,1812.000000,1797.000000,0.000000,0.000000,0.000000,0.000000,0.000000,0.000000,0.000000,0.000000,0.000000,0.120000,9.560000,2.280000,0.010000,-0.010000,0.000000,26.880000,-3.690000,-31.750000
0.770000,150990.000000,27.000000,1771.000000,1793.000000,845.000000,1808.000000,2013.000000,0.000000,0.000000,0.000000,0.000000,0.000000,0.000000,0.000000,0.000000,0.000000,0.110000,9.540000,2.290000,0.010000,-0.010000,0.000000,26.880000,-3.690000,-31.750000
0.772000,150991.000000,69.000000,1785.000000,1776.000000,1167.000000,1806.000000,2598.000000,0.000000,0.000000,0.000000,0.000000,0.000000,0.000000,0.000000,0.000000,0.000000,0.110000,9.540000,2.290000,0.010000,-0.010000,0.000000,26.880000,-3.690000,-31.750000
0.774000,150992.000000,51.000000,1823.000000,1811.000000,1290.000000,1840.000000,2384.000000,0.000000,0.000000,0.000000,0.000000,0.000000,0.000000,0.000000,0.000000,0.000000,0.110000,9.540000,2.290000,0.010000,-0.010000,0.000000,26.880000,-3.690000,-31.750000
0.776000,150993.000000,21.000000,1851.000000,1840.000000,1207.000000,1870.000000,2063.000000,0.000000,0.000000,0.000000,0.000000,0.000000,0.000000,0.000000,0.000000,0.000000,0.110000,9.540000,2.290000,0.010000,-0.010000,0.000000,26.880000,-3.690000,-31.750000
0.778000,150994.000000,0.000000,1879.000000,1861.000000,885.000000,1857.000000,1351.000000,0.000000,0.000000,0.000000,0.000000,0.000000,0.000000,0.000000,0.000000,0.000000,0.110000,9.540000,2.290000,0.010000,-0.010000,0.000000,26.880000,-3.690000,-31.750000
0.780000,150995.000000,0.000000,1866.000000,1872.000000,607.000000,1868.000000,1223.000000,0.000000,0.000000,0.000000,0.000000,0.000000,0.000000,0.000000,0.000000,0.000000,0.100000,9.510000,2.310000,0.010000,-0.010000,0.000000,26.880000,-3.690000,-31.750000
0.782000,150996.000000,0.000000,1834.000000,1852.000000,510.000000,1856.000000,1419.000000,0.000000,0.000000,0.000000,0.000000,0.000000,0.000000,0.000000,0.000000,0.000000,0.100000,9.510000,2.310000,0.010000,-0.010000,0.000000,26.880000,-3.690000,-31.750000
0.784000,150997.000000,0.000000,1788.000000,1817.000000,612.000000,1819.000000,1629.000000,0.000000,0.000000,0.000000,0.000000,0.000000,0.000000,0.000000,0.000000,0.000000,0.100000,9.510000,2.310000,0.010000,-0.010000,0.000000,26.880000,-3.690000,-31.750000
0.786000,150998.000000,0.000000,1779.000000,1814.000000,701.000000,1821.000000,1701.000000,0.000000,0.000000,0.000000,0.000000,0.000000,0.000000,0.000000,0.000000,0.000000,0.100000,9.510000,2.310000,0.010000,-0.010000,0.000000,26.880000,-3.690000,-31.750000
0.788000,150999.000000,0.000000,1771.000000,1775.000000,766.000000,1809.000000,1821.000000,0.000000,0.000000,0.000000,0.000000,0.000000,0.000000,0.000000,0.000000,0.000000,0.100000,9.510000,2.310000,0.010000,-0.010000,0.000000,26.880000,-3.690000,-31.750000
0.790000,151000.000000,44.000000,1776.000000,1775.000000,827.000000,1781.000000,2000.000000,0.000000,0.000000,0.000000,0.000000,0.000000,0.000000,0.000000,0.000000,0.000000,0.110000,9.510000,2.330000,0.000000,-0.010000,0.000000,28.000000,-4.500000,-31.380000
0.792000,151001.000000,64.000000,1779.000000,1783.000000,1154.000000,1830.000000,2625.000000,0.000000,0.000000,0.000000,0.000000,0.000000,0.000000,0.000000,0.000000,0.000000,0.110000,9.510000,2.330000,0.000000,-0.010000,0.000000,28.000000,-4.500000,-31.380000
0.794000,151002.000000,87.000000,1840.000000,1817.000000,1285.000000,1836.000000,2404.000000,0.000000,0.000000,0.000000,0.000000,0.000000,0.000000,0.000000,0.000000,0.000000,0.110000,9.510000,2.330000,0.000000,-0.010000,0.000000,28.000000,-4.500000,-31.380000
0.796000,151003.000000,28.000000,1855.000000,1830.000000,1191.000000,1885.000000,2032.000000,0.000000,0.000000,0.000000,0.000000,0.000000,0.000000,0.000000,0.000000,0.000000,0.110000,9.510000,2.330000,0.000000,-0.010000,0.000000,28.000000,-4.500000,-31.380000
0.798000,151004.000000,0.000000,1920.000000,1894.000000,897.000000,1891.000000,1349.000000,0.000000,0.000000,0.000000,0.000000,0.000000,0.000000,0.000000,0.000000,0.000000,0.110000,9.510000,2.330000,0.000000,-0.010000,0.000000,28.000000,-4.500000,-31.380000
0.800000,151005.000000,208.000000,1858.000000,1856.000000,609.000000,1862.000000,1234.000000,0.000000,0.000000,0.000000,0.000000,0.000000,0.000000,0.000000,0.000000,0.000000,0.110000,9.510000,2.250000,0.010000,0.000000,0.000000,28.000000,-4.500000,-31.380000
0.802000,151006.000000,0.000000,1836.000000,1847.000000,493.000000,1846.000000,1414.000000,0.000000,0.000000,0.000000,0.000000,0.000000,0.000000,0.000000,0.000000,0.000000,0.110000,9.510000,2.250000,0.010000,0.000000,0.000000,28.000000,-4.500000,-31.380000
0.804000,151007.000000,0.000000,1813.000000,1805.000000,592.000000,1818.000000,1617.000000,0.000000,0.000000,0.000000,0.000000,0.000000,0.000000,0.000000,0.000000,0.000000,0.110000,9.510000,2.250000,0.010000,0.000000,0.000000,28.000000,-4.500000,-31.380000
0.806000,151008.000000,0.000000,1805.000000,1787.000000,692.000000,1806.000000,1718.000000,0.000000,0.000000,0.000000,0.000000,0.000000,0.000000,0.000000,0.000000,0.000000,0.110000,9.510000,2.250000,0.010000,0.000000,0.000000,28.000000,-4.500000,-31.380000
0.808000,151009.000000,0.000000,1744.000000,1793.000000,782.000000,1789.000000,1787.000000,0.000000,0.000000,0.000000,0.000000,0.000000,0.000000,0.000000,0.000000,0.000000,0.110000,9.510000,2.250000,0.010000,0.000000,0.000000,28.000000,-4.500000,-31.380000
0.810000,151010.000000,33.000000,1776.000000,1803.000000,842.000000,1786.000000,1985.000000,0.000000,0.000000,0.000000,0.000000,0.000000,0.000000,0.000000,0.000000,0.000000,0.110000,9.520000,2.280000,0.010000,0.000000,0.000000,28.000000,-4.500000,-31.380000
0.812000,151011.000000,64.000000,1781.000000,1818.000000,1143.000000,1807.000000,2622.000000,0.000000,0.000000,0.000000,0.000000,0.000000,0.000000,0.000000,0.000000,0.000000,0.110000,9.520000,2.280000,0.010000,0.000000,0.000000,28.000000,-4.500000,-31.380000
0.814000,151012.000000,53.000000,1843.000000,1807.000000,1302.000000,1809.000000,2388.000000,0.000000,0.000000,0.000000,0.000000,0.000000,0.000000,0.000000,0.000000,0.000000,0.110000,9.520000,2.280000,0.010000,0.000000,0.000000,28.000000,-4.500000,-31.380000
0.816000,151013.000000,24.000000,1877.000000,1862.000000,1200.000000,1850.000000,2064.000000,0.000000,0.000000,0.000000,0.000000,0.000000,0.000000,0.000000,0.000000,0.000000,0.110000,9.520000,2.280000,0.010000,0.000000,0.000000,28.000000,-4.500000,-31.380000
0.818000,151014.000000,0.000000,1895.000000,1872.000000,881.000000,1874.000000,1341.000000,0.000000,0.000000,0.000000,0.000000,0.000000,0.000000,0.000000,0.000000,0.000000,0.110000,9.520000,2.280000,0.010000,0.000000,0.000000,28.000000,-4.500000,-31.380000
0.820000,151015.000000,2.000000,1887.000000,1840.000000,605.000000,1849.000000,1221.000000,0.000000,0.000000,0.000000,0.000000,0.000000,0.000000,0.000000,0.000000,0.000000,0.110000,9.550000,2.320000,0.010000,0.010000,0.000000,28.000000,-4.500000,-31.380000
0.822000,151016.000000,0.000000,1839.000000,1838.000000,501.000000,1831.000000,1418.000000,0.000000,0.000000,0.000000,0.000000,0.000000,0.000000,0.000000,0.000000,0.000000,0.110000,9.550000,2.320000,0.010000,0.010000,0.000000,28.000000,-4.500000,-31.380000
0.824000,151017.000000,0.000000,1829.000000,1816.000000,583.000000,1805.000000,1617.000000,0.000000,0.000000,0.000000,0.000000,0.000000,0.000000,0.000000,0.000000,0.000000,0.110000,9.550000,2.320000,0.010000,0.010000,0.000000,28.000000,-4.500000,-31.380000
0.826000,151018.000000,0.000000,1809.000000,1808.000000,683.000000,1776.000000,1683.000000,0.000000,0.000000,0.000000,0.000000,0.000000,0.000000,0.000000,0.000000,0.000000,0.110000,9.550000,2.320000,0.010000,0.010000,0.000000,28.000000,-4.500000,-31.380000
0.828000,151019.000000,0.000000,1787.000000,1803.000000,752.000000,1776.000000,1799.000000,0.000000,0.000000,0.000000,0.000000,0.000000,0.000000,0.000000,0.000000,0.000000,0.110000,9.550000,2.320000,0.010000,0.010000,0.000000,28.000000,-4.500000,-31.380000
0.830000,151020.000000,39.000000,1803.000000,1779.000000,823.000000,1849.000000,1991.000000,0.000000,0.000000,0.000000,0.000000,0.000000,0.000000,0.000000,0.000000,0.000000,0.100000,9.550000,2.370000,0.010000,0.010000,0.000000,28.000000,-4.500000,-31.380000
0.832000,151021.000000,62.000000,1795.000000,1798.000000,1149.000000,1790.000000,2613.000000,0.000000,0.000000,0.000000,0.000000,0.000000,0.000000,0.000000,0.000000,0.000000,0.100000,9.550000,2.370000,0.010000,0.010000,0.000000,28.000000,-4.500000,-31.380000
0.834000,151022.000000,55.000000,1854.000000,1838.000000,1307.000000,1827.000000,2419.000000,0.000000,0.000000,0.000000,0.000000,0.000000,0.000000,0.000000,0.000000,0.000000,0.100000,9.550000,2.370000,0.010000,0.010000,0.000000,28.000000,-4.500000,-31.380000
0.836000,151023.000000,22.000000,1872.000000,1855.000000,1191.000000,1841.000000,2064.000000,0.000000,0.000000,0.000000,0.000000,0.000000,0.000000,0.000000,0.000000,0.000000,0.100000,9.550000,2.370000,0.010000,0.010000,0.000000,28.000000,-4.500000,-31.380000
0.838000,151024.000000,0.000000,1904.000000,1872.000000,876.000000,1853.000000,1351.000000,0.000000,0.000000,0.000000,0.000000,0.000000,0.000000,0.000000,0.000000,0.000000,0.100000,9.550000,2.370000,0.010000,0.010000,0.000000,28.000000,-4.500000,-31.380000
0.840000,151025.000000,27.000000,1883.000000,1867.000000,611.000000,1845.000000,1219.000000,0.000000,0.000000,0.000000,0.000000,0.000000,0.000000,0.000000,0.000000,0.000000,0.080000,9.530000,2.290000,0.010000,0.010000,0.000000,26.560000,-4.500000,-31.380000
0.842000,151026.000000,0.000000,1831.000000,1826.000000,493.000000,1823.000000,1424.000000,0.000000,0.000000,0.000000,0.000000,0.000000,0.000000,0.000000,0.000000,0.000000,0.080000,9.530000,2.290000,0.010000,0.010000,0.000000,26.560000,-4.500000,-31.380000
0.844000,151027.000000,6.000000,1797.000000,1797.000000,579.000000,1767.000000,1603.000000,0.000000,0.000000,0.000000,0.000000,0.000000,0.000000,0.000000,0.000000,0.000000,0.080000,9.530000,2.290000,0.010000,0.010000,0.000000,26.560000,-4.500000,-31.380000
0.846000,151028.000000,0.000000,1802.000000,1799.000000,677.000000,1801.000000,1731.000000,0.000000,0.000000,0.000000,0.000000,0.000000,0.000000,0.000000,0.000000,0.000000,0.080000,9.530000,2.290000,0.010000,0.010000,0.000000,26.560000,-4.500000,-31.380000
0.848000,151029.000000,0.000000,1775.000000,1808.000000,764.000000,1807.000000,1795.000000,0.000000,0.000000,0.000000,0.000000,0.000000,0.000000,0.000000,0.000000,0.000000,0.080000,9.530000,2.290000,0.010000,0.010000,0.000000,26.560000,-4.500000,-31.380000
0.850000,151030.000000,78.000000,1795.000000,1821.000000,829.000000,1795.000000,1964.000000,0.000000,0.000000,0.000000,0.000000,0.000000,0.000000,0.000000,0.000000,0.000000,0.130000,9.500000,2.240000,0.010000,0.000000,0.000000,26.560000,-4.500000,-31.380000
0.852000,151031.000000,62.000000,1778.000000,1818.000000,1120.000000,1804.000000,2608.000000,0.000000,0.000000,0.000000,0.000000,0.000000,0.000000,0.000000,0.000000,0.000000,0.130000,9.500000,2.240000,0.010000,0.000000,0.000000,26.560000,-4.500000,-31.380000
0.854000,151032.000000,46.000000,1835.000000,1840.000000,1298.000000,1811.000000,2425.000000,0.000000,0.000000,0.000000,0.000000,0.000000,0.000000,0.000000,0.000000,0.000000,0.130000,9.500000,2.240000,0.010000,0.000000,0.000000,26.560000,-4.500000,-31.380000
0.856000,151033.000000,20.000000,1873.000000,1831.000000,1202.000000,1867.000000,2054.000000,0.000000,0.000000,0.000000,0.000000,0.000000,0.000000,0.000000,0.000000,0.000000,0.130000,9.500000,2.240000,0.010000,0.000000,0.000000,26.560000,-4.500000,-31.380000
0.858000,151034.000000,0.000000,1879.000000,1881.000000,882.000000,1879.000000,1355.000000,0.000000,0.000000,0.000000,0.000000,0.000000,0.000000,0.000000,0.000000,0.000000,0.130000,9.500000,2.240000,0.010000,0.000000,0.000000,26.560000,-4.500000,-31.380000
0.860000,151035.000000,0.000000,1879.000000,1838.000000,628.000000,1847.000000,1252.000000,0.000000,0.000000,0.000000,0.000000,0.000000,0.000000,0.000000,0.000000,0.000000,0.120000,9.490000,2.260000,0.010000,0.000000,0.000000,26.560000,-4.500000,-31.380000
0.862000,151036.000000,0.000000,1829.000000,1829.000000,509.000000,1838.000000,1408.000000,0.000000,0.000000,0.000000,0.000000,0.000000,0.000000,0.000000,0.000000,0.000000,0.120000,9.490000,2.260000,0.010000,0.000000,0.000000,26.560000,-4.500000,-31.380000
0.864000,151037.000000,0.000000,1808.000000,1808.000000,581.000000,1817.000000,1604.000000,0.000000,0.000000,0.000000,0.000000,0.000000,0.000000,0.000000,0.000000,0.000000,0.120000,9.490000,2.260000,0.010000,0.000000,0.000000,26.560000,-4.500000,-31.380000
0.866000,151038.000000,0.000000,1792.000000,1790.000000,693.000000,1799.000000,1729.000000,0.000000,0.000000,0.000000,0.000000,0.000000,0.000000,0.000000,0.000000,0.000000,0.120000,9.490000,2.260000,0.010000,0.000000,0.000000,26.560000,-4.500000,-31.380000
0.868000,151039.000000,0.000000,1778.000000,1811.000000,769.000000,1804.000000,1820.000000,0.000000,0.000000,0.000000,0.000000,0.000000,0.000000,0.000000,0.000000,0.000000,0.120000,9.490000,2.260000,0.010000,0.000000,0.000000,26.560000,-4.500000,-31.380000
0.870000,151040.000000,299.000000,1787.000000,1783.000000,826.000000,1818.000000,1956.000000,0.000000,0.000000,0.000000,0.000000,0.000000,0.000000,0.000000,0.000000,0.000000,0.100000,9.510000,2.340000,0.010000,0.000000,0.000000,26.560000,-4.500000,-31.380000
0.872000,151041.000000,64.000000,1774.000000,1775.000000,1142.000000,1809.000000,2594.000000,0.000000,0.000000,0.000000,0.000000,0.000000,0.000000,0.000000,0.000000,0.000000,0.100000,9.510000,2.340000,0.010000,0.000000,0.000000,26.560000,-4.500000,-31.380000
0.874000,151042.000000,54.000000,1829.000000,1809.000000,1302.000000,1816.000000,2416.000000,0.000000,0.000000,0.000000,0.000000,0.000000,0.000000,0.000000,0.000000,0.000000,0.100000,9.510000,2.340000,0.010000,0.000000,0.000000,26.560000,-4.500000,-31.380000
0.876000,151043.000000,17.000000,1872.000000,1844.000000,1199.000000,1865.000000,2065.000000,0.000000,0.000000,0.000000,0.000000,0.000000,0.000000,0.000000,0.000000,0.000000,0.100000,9.510000,2.340000,0.010000,0.000000,0.000000,26.560000,-4.500000,-31.380000
0.878000,151044.000000,0.000000,1891.000000,1866.000000,883.000000,1869.000000,1366.000000,0.000000,0.000000,0.000000,0.000000,0.000000,0.000000,0.000000,0.000000,0.000000,0.100000,9.510000,2.340000,0.010000,0.000000,0.000000,26.560000,-4.500000,-31.380000
0.880000,151045.000000,21.000000,1872.000000,1821.000000,623.000000,2339.000000,1232.000000,0.000000,0.000000,0.000000,0.000000,0.000000,0.000000,0.000000,0.000000,0.000000,0.140000,9.520000,2.350000,0.000000,0.000000,0.000000,26.560000,-4.500000,-31.380000
0.882000,151046.000000,0.000000,1833.000000,1798.000000,501.000000,1830.000000,1397.000000,0.000000,0.000000,0.000000,0.000000,0.000000,0.000000,0.000000,0.000000,0.000000,0.140000,9.520000,2.350000,0.000000,0.000000,0.000000,26.560000,-4.500000,-31.380000
0.884000,151047.000000,0.000000,1805.000000,1770.000000,589.000000,1811.000000,1611.000000,0.000000,0.000000,0.000000,0.000000,0.000000,0.000000,0.000000,0.000000,0.000000,0.140000,9.520000,2.350000,0.000000,0.000000,0.000000,26.560000,-4.500000,-31.380000
0.886000,151048.000000,0.000000,1781.000000,1776.000000,677.000000,1839.000000,1689.000000,0.000000,0.000000,0.000000,0.000000,0.000000,0.000000,0.000000,0.000000,0.000000,0.140000,9.520000,2.350000,0.000000,0.000000,0.000000,26.560000,-4.500000,-31.380000
0.888000,151049.000000,0.000000,1777.000000,1775.000000,768.000000,1803.000000,1781.000000,0.000000,0.000000,0.000000,0.000000,0.000000,0.000000,0.000000,0.000000,0.000000,0.140000,9.520000,2.350000,0.000000,0.000000,0.000000,26.560000,-4.500000,-31.380000
0.890000,151050.000000,58.000000,1776.000000,1771.000000,827.000000,1825.000000,1967.000000,0.000000,0.000000,0.000000,0.000000,0.000000,0.000000,0.000000,0.000000,0.000000,0.170000,9.540000,2.350000,0.000000,0.000000,0.000000,26.880000,-4.500000,-31.380000
0.892000,151051.000000,59.000000,1795.000000,1777.000000,1143.000000,1801.000000,2607.000000,0.000000,0.000000,0.000000,0.000000,0.000000,0.000000,0.000000,0.000000,0.000000,0.170000,9.540000,2.350000,0.000000,0.000000,0.000000,26.880000,-4.500000,-31.380000
0.894000,151052.000000,79.000000,1822.000000,1807.000000,1309.000000,1823.000000,2416.000000,0.000000,0.000000,0.000000,0.000000,0.000000,0.000000,0.000000,0.000000,0.000000,0.170000,9.540000,2.350000,0.000000,0.000000,0.000000,26.880000,-4.500000,-31.380000
0.896000,151053.000000,22.000000,1877.000000,1840.000000,1190.000000,1853.000000,2067.000000,0.000000,0.000000,0.000000,0.000000,0.000000,0.000000,0.000000,0.000000,0.000000,0.170000,9.540000,2.350000,0.000000,0.000000,0.000000,26.880000,-4.500000,-31.380000
0.898000,151054.000000,0.000000,1905.000000,1862.000000,885.000000,1870.000000,1374.000000,0.000000,0.000000,0.000000,0.000000,0.000000,0.000000,0.000000,0.000000,0.000000,0.170000,9.540000,2.350000,0.000000,0.000000,0.000000,26.880000,-4.500000,-31.380000
0.900000,151055.000000,64.000000,1885.000000,1842.000000,617.000000,1859.000000,1250.000000,0.000000,0.000000,0.000000,0.000000,0.000000,0.000000,0.000000,0.000000,0.000000,0.140000,9.520000,2.190000,0.000000,0.000000,0.000000,26.880000,-4.500000,-31.380000
0.902000,151056.000000,0.000000,1838.000000,1823.000000,501.000000,1825.000000,1393.000000,0.000000,0.000000,0.000000,0.000000,0.000000,0.000000,0.000000,0.000000,0.000000,0.140000,9.520000,2.190000,0.000000,0.000000,0.000000,26.880000,-4.500000,-31.380000
0.904000,151057.000000,0.000000,1810.000000,1775.000000,592.000000,1803.000000,1613.000000,0.000000,0.000000,0.000000,0.000000,0.000000,0.000000,0.000000,0.000000,0.000000,0.140000,9.520000,2.190000,0.000000,0.000000,0.000000,26.880000,-4.500000,-31.380000
0.906000,151058.000000,0.000000,1771.000000,1781.000000,688.000000,1808.000000,1722.000000,0.000000,0.000000,0.000000,0.000000,0.000000,0.000000,0.000000,0.000000,0.000000,0.140000,9.520000,2.190000,0.000000,0.000000,0.000000,26.880000,-4.500000,-31.380000
0.908000,151059.000000,0.000000,1781.000000,1770.000000,770.000000,1795.000000,1796.000000,0.000000,0.000000,0.000000,0.000000,0.000000,0.000000,0.000000,0.000000,0.000000,0.140000,9.520000,2.190000,0.000000,0.000000,0.000000,26.880000,-4.500000,-31.380000
0.910000,151060.000000,19.000000,1775.000000,1774.000000,831.000000,1786.000000,1968.000000,0.000000,0.000000,0.000000,0.000000,0.000000,0.000000,0.000000,0.000000,0.000000,0.140000,9.550000,2.250000,0.000000,0.000000,0.000000,26.880000,-4.500000,-31.380000
0.912000,151061.000000,61.000000,1785.000000,1797.000000,1162.000000,1778.000000,2612.000000,0.000000,0.000000,0.000000,0.000000,0.000000,0.000000,0.000000,0.000000,0.000000,0.140000,9.550000,2.250000,0.000000,0.000000,0.000000,26.880000,-4.500000,-31.380000
0.914000,151062.000000,62.000000,1818.000000,1826.000000,1323.000000,1821.000000,2419.000000,0.000000,0.000000,0.000000,0.000000,0.000000,0.000000,0.000000,0.000000,0.000000,0.140000,9.550000,2.250000,0.000000,0.000000,0.000000,26.880000,-4.500000,-31.380000
0.916000,151063.000000,34.000000,1865.000000,1837.000000,1216.000000,1821.000000,2054.000000,0.000000,0.000000,0.000000,0.000000,0.000000,0.000000,0.000000,0.000000,0.000000,0.140000,9.550000,2.250000,0.000000,0.000000,0.000000,26.880000,-4.500000,-31.380000
0.918000,151064.000000,0.000000,1891.000000,1867.000000,896.000000,1855.000000,1360.000000,0.000000,0.000000,0.000000,0.000000,0.000000,0.000000,0.000000,0.000000,0.000000,0.140000,9.550000,2.250000,0.000000,0.000000,0.000000,26.880000,-4.500000,-31.380000
0.920000,151065.000000,50.000000,1872.000000,1821.000000,615.000000,1861.000000,1219.000000,0.000000,0.000000,0.000000,0.000000,0.000000,0.000000,0.000000,0.000000,0.000000,0.120000,9.530000,2.280000,0.000000,0.000000,0.000000,26.880000,-4.500000,-31.380000
0.922000,151066.000000,0.000000,1839.000000,1815.000000,493.000000,1818.000000,1391.000000,0.000000,0.000000,0.000000,0.000000,0.000000,0.000000,0.000000,0.000000,0.000000,0.120000,9.530000,2.280000,0.000000,0.000000,0.000000,26.880000,-4.500000,-31.380000
0.924000,151067.000000,0.000000,1801.000000,1819.000000,576.000000,1792.000000,1615.000000,0.000000,0.000000,0.000000,0.000000,0.000000,0.000000,0.000000,0.000000,0.000000,0.120000,9.530000,2.280000,0.000000,0.000000,0.000000,26.880000,-4.500000,-31.380000
0.926000,151068.000000,0.000000,1787.000000,1808.000000,671.000000,1770.000000,1706.000000,0.000000,0.000000,0.000000,0.000000,0.000000,0.000000,0.000000,0.000000,0.000000,0.120000,9.530000,2.280000,0.000000,0.000000,0.000000,26.880000,-4.500000,-31.380000
0.928000,151069.000000,0.000000,1778.000000,1776.000000,761.000000,1773.000000,1791.000000,0.000000,0.000000,0.000000,0.000000,0.000000,0.000000,0.000000,0.000000,0.000000,0.120000,9.530000,2.280000,0.000000,0.000000,0.000000,26.880000,-4.500000,-31.380000
0.930000,151070.000000,28.000000,1779.000000,1761.000000,845.000000,1787.000000,1931.000000,0.000000,0.000000,0.000000,0.000000,0.000000,0.000000,0.000000,0.000000,0.000000,0.110000,9.560000,2.230000,0.010000,0.000000,0.000000,26.880000,-4.500000,-31.380000
0.932000,151071.000000,60.000000,1781.000000,1759.000000,1153.000000,1779.000000,2608.000000,0.000000,0.000000,0.000000,0.000000,0.000000,0.000000,0.000000,0.000000,0.000000,0.110000,9.560000,2.230000,0.010000,0.000000,0.000000,26.880000,-4.500000,-31.380000
0.934000,151072.000000,59.000000,1817.000000,1794.000000,1281.000000,1825.000000,2415.000000,0.000000,0.000000,0.000000,0.000000,0.000000,0.000000,0.000000,0.000000,0.000000,0.110000,9.560000,2.230000,0.010000,0.000000,0.000000,26.880000,-4.500000,-31.380000
0.936000,151073.000000,21.000000,1866.000000,1842.000000,1213.000000,1834.000000,2068.000000,0.000000,0.000000,0.000000,0.000000,0.000000,0.000000,0.000000,0.000000,0.000000,0.110000,9.560000,2.230000,0.010000,0.000000,0.000000,26.880000,-4.500000,-31.380000
0.938000,151074.000000,0.000000,1856.000000,1827.000000,895.000000,1862.000000,1360.000000,0.000000,0.000000,0.000000,0.000000,0.000000,0.000000,0.000000,0.000000,0.000000,0.110000,9.560000,2.230000,0.010000,0.000000,0.000000,26.880000,-4.500000,-31.380000
0.940000,151075.000000,0.000000,1841.000000,1818.000000,589.000000,1840.000000,1200.000000,0.000000,0.000000,0.000000,0.000000,0.000000,0.000000,0.000000,0.000000,0.000000,0.110000,9.550000,2.300000,0.010000,-0.010000,0.000000,25.060000,-3.690000,-31.380000
0.942000,151076.000000,111.000000,1805.000000,1817.000000,492.000000,1819.000000,1388.000000,0.000000,0.000000,0.000000,0.000000,0.000000,0.000000,0.000000,0.000000,0.000000,0.110000,9.550000,2.300000,0.010000,-0.010000,0.000000,25.060000,-3.690000,-31.380000
0.944000,151077.000000,0.000000,1792.000000,1806.000000,582.000000,1808.000000,1597.000000,0.000000,0.000000,0.000000,0.000000,0.000000,0.000000,0.000000,0.000000,0.000000,0.110000,9.550000,2.300000,0.010000,-0.010000,0.000000,25.060000,-3.690000,-31.380000
0.946000,151078.000000,0.000000,1767.000000,1777.000000,694.000000,1776.000000,1712.000000,0.000000,0.000000,0.000000,0.000000,0.000000,0.000000,0.000000,0.000000,0.000000,0.110000,9.550000,2.300000,0.010000,-0.010000,0.000000,25.060000,-3.690000,-31.380000
0.948000,151079.000000,0.000000,1771.000000,1776.000000,771.000000,1779.000000,1794.000000,0.000000,0.000000,0.000000,0.000000,0.000000,0.000000,0.000000,0.000000,0.000000,0.110000,9.550000,2.300000,0.010000,-0.010000,0.000000,25.060000,-3.690000,-31.380000
0.950000,151080.000000,528.000000,1775.000000,1747.000000,834.000000,1776.000000,1937.000000,0.000000,0.000000,0.000000,0.000000,0.000000,0.000000,0.000000,0.000000,0.000000,0.130000,9.560000,2.210000,0.010000,-0.010000,0.000000,25.060000,-3.690000,-31.380000
0.952000,151081.000000,71.000000,1757.000000,1774.000000,1130.000000,1774.000000,2605.000000,0.000000,0.000000,0.000000,0.000000,0.000000,0.000000,0.000000,0.000000,0.000000,0.130000,9.560000,2.210000,0.010000,-0.010000,0.000000,25.060000,-3.690000,-31.380000
0.954000,151082.000000,60.000000,1795.000000,1801.000000,1296.000000,1809.000000,2414.000000,0.000000,0.000000,0.000000,0.000000,0.000000,0.000000,0.000000,0.000000,0.000000,0.130000,9.560000,2.210000,0.010000,-0.010000,0.000000,25.060000,-3.690000,-31.380000
0.956000,151083.000000,26.000000,1843.000000,1843.000000,1203.000000,1819.000000,2066.000000,0.000000,0.000000,0.000000,0.000000,0.000000,0.000000,0.000000,0.000000,0.000000,0.130000,9.560000,2.210000,0.010000,-0.010000,0.000000,25.060000,-3.690000,-31.380000
0.958000,151084.000000,0.000000,1865.000000,1831.000000,878.000000,1868.000000,1351.000000,0.000000,0.000000,0.000000,0.000000,0.000000,0.000000,0.000000,0.000000,0.000000,0.130000,9.560000,2.210000,0.010000,-0.010000,0.000000,25.060000,-3.690000,-31.380000
0.960000,151085.000000,0.000000,1855.000000,1845.000000,603.000000,1851.000000,1219.000000,0.000000,0.000000,0.000000,0.000000,0.000000,0.000000,0.000000,0.000000,0.000000,0.110000,9.570000,2.230000,0.000000,0.000000,0.000000,25.060000,-3.690000,-31.380000
0.962000,151086.000000,0.000000,1823.000000,1817.000000,498.000000,1811.000000,1369.000000,0.000000,0.000000,0.000000,0.000000,0.000000,0.000000,0.000000,0.000000,0.000000,0.110000,9.570000,2.230000,0.000000,0.000000,0.000000,25.060000,-3.690000,-31.380000
0.964000,151087.000000,0.000000,1793.000000,1765.000000,581.000000,1794.000000,1615.000000,0.000000,0.000000,0.000000,0.000000,0.000000,0.000000,0.000000,0.000000,0.000000,0.110000,9.570000,2.230000,0.000000,0.000000,0.000000,25.060000,-3.690000,-31.380000
0.966000,151088.000000,0.000000,1769.000000,1806.000000,679.000000,1776.000000,1706.000000,0.000000,0.000000,0.000000,0.000000,0.000000,0.000000,0.000000,0.000000,0.000000,0.110000,9.570000,2.230000,0.000000,0.000000,0.000000,25.060000,-3.690000,-31.380000
0.968000,151089.000000,0.000000,1751.000000,1811.000000,750.000000,1773.000000,1807.000000,0.000000,0.000000,0.000000,0.000000,0.000000,0.000000,0.000000,0.000000,0.000000,0.110000,9.570000,2.230000,0.000000,0.000000,0.000000,25.060000,-3.690000,-31.380000
0.970000,151090.000000,550.000000,1761.000000,1803.000000,821.000000,1783.000000,1918.000000,0.000000,0.000000,0.000000,0.000000,0.000000,0.000000,0.000000,0.000000,0.000000,0.130000,9.550000,2.300000,0.010000,0.000000,0.000000,25.060000,-3.690000,-31.380000
0.972000,151091.000000,73.000000,1767.000000,1797.000000,1135.000000,1776.000000,2613.000000,0.000000,0.000000,0.000000,0.000000,0.000000,0.000000,0.000000,0.000000,0.000000,0.130000,9.550000,2.300000,0.010000,0.000000,0.000000,25.060000,-3.690000,-31.380000
0.974000,151092.000000,58.000000,1789.000000,1798.000000,1307.000000,1814.000000,2430.000000,0.000000,0.000000,0.000000,0.000000,0.000000,0.000000,0.000000,0.000000,0.000000,0.130000,9.550000,2.300000,0.010000,0.000000,0.000000,25.060000,-3.690000,-31.380000
0.976000,151093.000000,27.000000,1847.000000,1814.000000,1206.000000,1837.000000,2077.000000,0.000000,0.000000,0.000000,0.000000,0.000000,0.000000,0.000000,0.000000,0.000000,0.130000,9.550000,2.300000,0.010000,0.000000,0.000000,25.060000,-3.690000,-31.380000
0.978000,151094.000000,0.000000,1872.000000,1886.000000,923.000000,1840.000000,1354.000000,0.000000,0.000000,0.000000,0.000000,0.000000,0.000000,0.000000,0.000000,0.000000,0.130000,9.550000,2.300000,0.010000,0.000000,0.000000,25.060000,-3.690000,-31.380000
0.980000,151095.000000,0.000000,1870.000000,1861.000000,621.000000,1830.000000,1234.000000,0.000000,0.000000,0.000000,0.000000,0.000000,0.000000,0.000000,0.000000,0.000000,0.130000,9.550000,2.330000,0.010000,0.000000,0.000000,25.060000,-3.690000,-31.380000
0.982000,151096.000000,0.000000,1835.000000,1827.000000,507.000000,1808.000000,1399.000000,0.000000,0.000000,0.000000,0.000000,0.000000,0.000000,0.000000,0.000000,0.000000,0.130000,9.550000,2.330000,0.010000,0.000000,0.000000,25.060000,-3.690000,-31.380000
0.984000,151097.000000,0.000000,1776.000000,1817.000000,580.000000,1782.000000,1612.000000,0.000000,0.000000,0.000000,0.000000,0.000000,0.000000,0.000000,0.000000,0.000000,0.130000,9.550000,2.330000,0.010000,0.000000,0.000000,25.060000,-3.690000,-31.380000
0.986000,151098.000000,0.000000,1770.000000,1819.000000,682.000000,1774.000000,1714.000000,0.000000,0.000000,0.000000,0.000000,0.000000,0.000000,0.000000,0.000000,0.000000,0.130000,9.550000,2.330000,0.010000,0.000000,0.000000,25.060000,-3.690000,-31.380000
0.988000,151099.000000,0.000000,1771.000000,1767.000000,762.000000,1763.000000,1795.000000,0.000000,0.000000,0.000000,0.000000,0.000000,0.000000,0.000000,0.000000,0.000000,0.130000,9.550000,2.330000,0.010000,0.000000,0.000000,25.060000,-3.690000,-31.380000
0.990000,151100.000000,1.000000,1774.000000,1787.000000,853.000000,1751.000000,1957.000000,0.000000,0.000000,0.000000,0.000000,0.000000,0.000000,0.000000,0.000000,0.000000,0.130000,9.520000,2.280000,0.010000,-0.010000,0.000000,26.880000,-4.500000,-31.750000
0.992000,151101.000000,111.000000,1755.000000,1799.000000,1151.000000,1775.000000,2610.000000,0.000000,0.000000,0.000000,0.000000,0.000000,0.000000,0.000000,0.000000,0.000000,0.130000,9.520000,2.280000,0.010000,-0.010000,0.000000,26.880000,-4.500000,-31.750000
0.994000,151102.000000,69.000000,1825.000000,1808.000000,1294.000000,1809.000000,2426.000000,0.000000,0.000000,0.000000,0.000000,0.000000,0.000000,0.000000,0.000000,0.000000,0.130000,9.520000,2.280000,0.010000,-0.010000,0.000000,26.880000,-4.500000,-31.750000
0.996000,151103.000000,27.000000,1851.000000,1845.000000,1222.000000,1827.000000,2089.000000,0.000000,0.000000,0.000000,0.000000,0.000000,0.000000,0.000000,0.000000,0.000000,0.130000,9.520000,2.280000,0.010000,-0.010000,0.000000,26.880000,-4.500000,-31.750000
0.998000,151104.000000,0.000000,1875.000000,1843.000000,899.000000,1845.000000,1348.000000,0.000000,0.000000,0.000000,0.000000,0.000000,0.000000,0.000000,0.000000,0.000000,0.130000,9.520000,2.280000,0.010000,-0.010000,0.000000,26.880000,-4.500000,-31.750000
1.000000,151105.000000,105.000000,1856.000000,1855.000000,631.000000,1841.000000,1269.000000,0.000000,0.000000,0.000000,0.000000,0.000000,0.000000,0.000000,0.000000,0.000000,0.120000,9.510000,2.210000,0.010000,0.000000,0.000000,26.880000,-4.500000,-31.750000
1.002000,151106.000000,0.000000,1819.000000,1817.000000,524.000000,1810.000000,1373.000000,0.000000,0.000000,0.000000,0.000000,0.000000,0.000000,0.000000,0.000000,0.000000,0.120000,9.510000,2.210000,0.010000,0.000000,0.000000,26.880000,-4.500000,-31.750000
1.004000,151107.000000,0.000000,1793.000000,1802.000000,603.000000,1780.000000,1595.000000,0.000000,0.000000,0.000000,0.000000,0.000000,0.000000,0.000000,0.000000,0.000000,0.120000,9.510000,2.210000,0.010000,0.000000,0.000000,26.880000,-4.500000,-31.750000
1.006000,151108.000000,0.000000,1776.000000,1788.000000,703.000000,1747.000000,1734.000000,0.000000,0.000000,0.000000,0.000000,0.000000,0.000000,0.000000,0.000000,0.000000,0.120000,9.510000,2.210000,0.010000,0.000000,0.000000,26.880000,-4.500000,-31.750000
1.008000,151109.000000,0.000000,1772.000000,1793.000000,785.000000,1780.000000,1813.000000,0.000000,0.000000,0.000000,0.000000,0.000000,0.000000,0.000000,0.000000,0.000000,0.120000,9.510000,2.210000,0.010000,0.000000,0.000000,26.880000,-4.500000,-31.750000
1.010000,151110.000000,31.000000,1779.000000,1797.000000,832.000000,1776.000000,1938.000000,0.000000,0.000000,0.000000,0.000000,0.000000,0.000000,0.000000,0.000000,0.000000,0.110000,9.520000,2.240000,0.010000,0.000000,0.000000,26.880000,-4.500000,-31.750000
1.012000,151111.000000,57.000000,1776.000000,1789.000000,1136.000000,1776.000000,2608.000000,0.000000,0.000000,0.000000,0.000000,0.000000,0.000000,0.000000,0.000000,0.000000,0.110000,9.520000,2.240000,0.010000,0.000000,0.000000,26.880000,-4.500000,-31.750000
1.014000,151112.000000,53.000000,1808.000000,1787.000000,1318.000000,1817.000000,2438.000000,0.000000,0.000000,0.000000,0.000000,0.000000,0.000000,0.000000,0.000000,0.000000,0.110000,9.520000,2.240000,0.010000,0.000000,0.000000,26.880000,-4.500000,-31.750000
1.016000,151113.000000,21.000000,1840.000000,1791.000000,1221.000000,1823.000000,2087.000000,0.000000,0.000000,0.000000,0.000000,0.000000,0.000000,0.000000,0.000000,0.000000,0.110000,9.520000,2.240000,0.010000,0.000000,0.000000,26.880000,-4.500000,-31.750000
1.018000,151114.000000,0.000000,1875.000000,1850.000000,911.000000,1841.000000,1367.000000,0.000000,0.000000,0.000000,0.000000,0.000000,0.000000,0.000000,0.000000,0.000000,0.110000,9.520000,2.240000,0.010000,0.000000,0.000000,26.880000,-4.500000,-31.750000
1.020000,151115.000000,0.000000,1859.000000,1850.000000,613.000000,1840.000000,1247.000000,0.000000,0.000000,0.000000,0.000000,0.000000,0.000000,0.000000,0.000000,0.000000,0.120000,9.550000,2.300000,0.010000,0.000000,0.000000,26.880000,-4.500000,-31.750000
1.022000,151116.000000,0.000000,1836.000000,1803.000000,496.000000,1789.000000,1371.000000,0.000000,0.000000,0.000000,0.000000,0.000000,0.000000,0.000000,0.000000,0.000000,0.120000,9.550000,2.300000,0.010000,0.000000,0.000000,26.880000,-4.500000,-31.750000
1.024000,151117.000000,0.000000,1806.000000,1821.000000,599.000000,1782.000000,1600.000000,0.000000,0.000000,0.000000,0.000000,0.000000,0.000000,0.000000,0.000000,0.000000,0.120000,9.550000,2.300000,0.010000,0.000000,0.000000,26.880000,-4.500000,-31.750000
1.026000,151118.000000,0.000000,1774.000000,1809.000000,679.000000,1783.000000,1683.000000,0.000000,0.000000,0.000000,0.000000,0.000000,0.000000,0.000000,0.000000,0.000000,0.120000,9.550000,2.300000,0.010000,0.000000,0.000000,26.880000,-4.500000,-31.750000
1.028000,151119.000000,0.000000,1779.000000,1790.000000,781.000000,1743.000000,1789.000000,0.000000,0.000000,0.000000,0.000000,0.000000,0.000000,0.000000,0.000000,0.000000,0.120000,9.550000,2.300000,0.010000,0.000000,0.000000,26.880000,-4.500000,-31.750000
1.030000,151120.000000,2.000000,1767.000000,1799.000000,843.000000,1775.000000,1938.000000,0.000000,0.000000,0.000000,0.000000,0.000000,0.000000,0.000000,0.000000,0.000000,0.120000,9.540000,2.310000,0.010000,0.000000,0.000000,26.880000,-4.500000,-31.750000
1.032000,151121.000000,91.000000,1806.000000,1781.000000,1155.000000,1778.000000,2589.000000,0.000000,0.000000,0.000000,0.000000,0.000000,0.000000,0.000000,0.000000,0.000000,0.120000,9.540000,2.310000,0.010000,0.000000,0.000000,26.880000,-4.500000,-31.750000
1.034000,151122.000000,51.000000,1812.000000,1808.000000,1307.000000,1813.000000,2418.000000,0.000000,0.000000,0.000000,0.000000,0.000000,0.000000,0.000000,0.000000,0.000000,0.120000,9.540000,2.310000,0.010000,0.000000,0.000000,26.880000,-4.500000,-31.750000
1.036000,151123.000000,25.000000,1867.000000,1818.000000,1218.000000,1814.000000,2078.000000,0.000000,0.000000,0.000000,0.000000,0.000000,0.000000,0.000000,0.000000,0.000000,0.120000,9.540000,2.310000,0.010000,0.000000,0.000000,26.880000,-4.500000,-31.750000
1.038000,151124.000000,0.000000,1898.000000,1863.000000,914.000000,1857.000000,1374.000000,0.000000,0.000000,0.000000,0.000000,0.000000,0.000000,0.000000,0.000000,0.000000,0.120000,9.540000,2.310000,0.010000,0.000000,0.000000,26.880000,-4.500000,-31.750000
1.040000,151125.000000,0.000000,1872.000000,1846.000000,624.000000,1845.000000,1234.000000,0.000000,0.000000,0.000000,0.000000,0.000000,0.000000,0.000000,0.000000,0.000000,0.110000,9.500000,2.340000,0.010000,0.000000,0.000000,27.250000,-3.690000,-30.190000
1.042000,151126.000000,0.000000,1835.000000,1840.000000,493.000000,1791.000000,1389.000000,0.000000,0.000000,0.000000,0.000000,0.000000,0.000000,0.000000,0.000000,0.000000,0.110000,9.500000,2.340000,0.010000,0.000000,0.000000,27.250000,-3.690000,-30.190000
1.044000,151127.000000,0.000000,1801.000000,1793.000000,605.000000,1807.000000,1580.000000,0.000000,0.000000,0.000000,0.000000,0.000000,0.000000,0.000000,0.000000,0.000000,0.110000,9.500000,2.340000,0.010000,0.000000,0.000000,27.250000,-3.690000,-30.190000
1.046000,151128.000000,0.000000,1807.000000,1769.000000,691.000000,1779.000000,1733.000000,0.000000,0.000000,0.000000,0.000000,0.000000,0.000000,0.000000,0.000000,0.000000,0.110000,9.500000,2.340000,0.010000,0.000000,0.000000,27.250000,-3.690000,-30.190000
1.048000,151129.000000,0.000000,1777.000000,1793.000000,745.000000,1782.000000,1785.000000,0.000000,0.000000,0.000000,0.000000,0.000000,0.000000,0.000000,0.000000,0.000000,0.110000,9.500000,2.340000,0.010000,0.000000,0.000000,27.250000,-3.690000,-30.190000
1.050000,151130.000000,571.000000,1790.000000,1796.000000,814.000000,1786.000000,1882.000000,0.000000,0.000000,0.000000,0.000000,0.000000,0.000000,0.000000,0.000000,0.000000,0.110000,9.520000,2.240000,0.010000,0.000000,0.000000,27.250000,-3.690000,-30.190000
1.052000,151131.000000,78.000000,1792.000000,1786.000000,1133.000000,1792.000000,2587.000000,0.000000,0.000000,0.000000,0.000000,0.000000,0.000000,0.000000,0.000000,0.000000,0.110000,9.520000,2.240000,0.010000,0.000000,0.000000,27.250000,-3.690000,-30.190000
1.054000,151132.000000,54.000000,1813.000000,1827.000000,1334.000000,1832.000000,2447.000000,0.000000,0.000000,0.000000,0.000000,0.000000,0.000000,0.000000,0.000000,0.000000,0.110000,9.520000,2.240000,0.010000,0.000000,0.000000,27.250000,-3.690000,-30.190000
1.056000,151133.000000,22.000000,1872.000000,1867.000000,1222.000000,1840.000000,2108.000000,0.000000,0.000000,0.000000,0.000000,0.000000,0.000000,0.000000,0.000000,0.000000,0.110000,9.520000,2.240000,0.010000,0.000000,0.000000,27.250000,-3.690000,-30.190000
1.058000,151134.000000,0.000000,1898.000000,1869.000000,913.000000,1854.000000,1385.000000,0.000000,0.000000,0.000000,0.000000,0.000000,0.000000,0.000000,0.000000,0.000000,0.110000,9.520000,2.240000,0.010000,0.000000,0.000000,27.250000,-3.690000,-30.190000
1.060000,151135.000000,0.000000,1886.000000,1859.000000,626.000000,1867.000000,1246.000000,0.000000,0.000000,0.000000,0.000000,0.000000,0.000000,0.000000,0.000000,0.000000,0.130000,9.530000,2.260000,0.010000,0.000000,0.000000,27.250000,-3.690000,-30.190000
1.062000,151136.000000,0.000000,1842.000000,1852.000000,509.000000,1811.000000,1378.000000,0.000000,0.000000,0.000000,0.000000,0.000000,0.000000,0.000000,0.000000,0.000000,0.130000,9.530000,2.260000,0.010000,0.000000,0.000000,27.250000,-3.690000,-30.190000
1.064000,151137.000000,0.000000,1795.000000,1810.000000,567.000000,1806.000000,1591.000000,0.000000,0.000000,0.000000,0.000000,0.000000,0.000000,0.000000,0.000000,0.000000,0.130000,9.530000,2.260000,0.010000,0.000000,0.000000,27.250000,-3.690000,-30.190000
1.066000,151138.000000,0.000000,1806.000000,1808.000000,676.000000,1797.000000,1713.000000,0.000000,0.000000,0.000000,0.000000,0.000000,0.000000,0.000000,0.000000,0.000000,0.130000,9.530000,2.260000,0.010000,0.000000,0.000000,27.250000,-3.690000,-30.190000
1.068000,151139.000000,0.000000,1793.000000,1779.000000,751.000000,1777.000000,1799.000000,0.000000,0.000000,0.000000,0.000000,0.000000,0.000000,0.000000,0.000000,0.000000,0.130000,9.530000,2.260000,0.010000,0.000000,0.000000,27.250000,-3.690000,-30.190000
1.070000,151140.000000,415.000000,1775.000000,1769.000000,800.000000,1776.000000,1904.000000,0.000000,0.000000,0.000000,0.000000,0.000000,0.000000,0.000000,0.000000,0.000000,0.140000,9.540000,2.320000,0.010000,0.000000,0.000000,27.250000,-3.690000,-30.190000
1.072000,151141.000000,70.000000,1791.000000,1786.000000,1109.000000,1777.000000,2593.000000,0.000000,0.000000,0.000000,0.000000,0.000000,0.000000,0.000000,0.000000,0.000000,0.140000,9.540000,2.320000,0.010000,0.000000,0.000000,27.250000,-3.690000,-30.190000
1.074000,151142.000000,52.000000,1837.000000,1827.000000,1311.000000,1825.000000,2445.000000,0.000000,0.000000,0.000000,0.000000,0.000000,0.000000,0.000000,0.000000,0.000000,0.140000,9.540000,2.320000,0.010000,0.000000,0.000000,27.250000,-3.690000,-30.190000
1.076000,151143.000000,30.000000,1881.000000,1845.000000,1196.000000,1840.000000,2075.000000,0.000000,0.000000,0.000000,0.000000,0.000000,0.000000,0.000000,0.000000,0.000000,0.140000,9.540000,2.320000,0.010000,0.000000,0.000000,27.250000,-3.690000,-30.190000
1.078000,151144.000000,0.000000,1893.000000,1849.000000,938.000000,1862.000000,1372.000000,0.000000,0.000000,0.000000,0.000000,0.000000,0.000000,0.000000,0.000000,0.000000,0.140000,9.540000,2.320000,0.010000,0.000000,0.000000,27.250000,-3.690000,-30.190000
1.080000,151145.000000,0.000000,1861.000000,1858.000000,618.000000,1831.000000,1245.000000,0.000000,0.000000,0.000000,0.000000,0.000000,0.000000,0.000000,0.000000,0.000000,0.120000,9.520000,2.310000,0.010000,0.000000,0.000000,27.250000,-3.690000,-30.190000
1.082000,151146.000000,0.000000,1836.000000,1836.000000,503.000000,1820.000000,1387.000000,0.000000,0.000000,0.000000,0.000000,0.000000,0.000000,0.000000,0.000000,0.000000,0.120000,9.520000,2.310000,0.010000,0.000000,0.000000,27.250000,-3.690000,-30.190000
1.084000,151147.000000,0.000000,1805.000000,1810.000000,585.000000,1808.000000,1609.000000,0.000000,0.000000,0.000000,0.000000,0.000000,0.000000,0.000000,0.000000,0.000000,0.120000,9.520000,2.310000,0.010000,0.000000,0.000000,27.250000,-3.690000,-30.190000
1.086000,151148.000000,0.000000,1773.000000,1785.000000,678.000000,1777.000000,1715.000000,0.000000,0.000000,0.000000,0.000000,0.000000,0.000000,0.000000,0.000000,0.000000,0.120000,9.520000,2.310000,0.010000,0.000000,0.000000,27.250000,-3.690000,-30.190000
1.088000,151149.000000,0.000000,1775.000000,1751.000000,766.000000,1757.000000,1791.000000,0.000000,0.000000,0.000000,0.000000,0.000000,0.000000,0.000000,0.000000,0.000000,0.120000,9.520000,2.310000,0.010000,0.000000,0.000000,27.250000,-3.690000,-30.190000
1.090000,151150.000000,240.000000,1762.000000,1753.000000,839.000000,1758.000000,1891.000000,0.000000,0.000000,0.000000,0.000000,0.000000,0.000000,0.000000,0.000000,0.000000,0.130000,9.530000,2.290000,0.010000,0.000000,0.000000,27.690000,-4.060000,-31.000000
1.092000,151151.000000,64.000000,1728.000000,1749.000000,1139.000000,1776.000000,2577.000000,0.000000,0.000000,0.000000,0.000000,0.000000,0.000000,0.000000,0.000000,0.000000,0.130000,9.530000,2.290000,0.010000,0.000000,0.000000,27.690000,-4.060000,-31.000000
1.094000,151152.000000,83.000000,1808.000000,1776.000000,1311.000000,1813.000000,2416.000000,0.000000,0.000000,0.000000,0.000000,0.000000,0.000000,0.000000,0.000000,0.000000,0.130000,9.530000,2.290000,0.010000,0.000000,0.000000,27.690000,-4.060000,-31.000000
1.096000,151153.000000,24.000000,1853.000000,1820.000000,1200.000000,1843.000000,2108.000000,0.000000,0.000000,0.000000,0.000000,0.000000,0.000000,0.000000,0.000000,0.000000,0.130000,9.530000,2.290000,0.010000,0.000000,0.000000,27.690000,-4.060000,-31.000000
1.098000,151154.000000,0.000000,1891.000000,1856.000000,921.000000,1840.000000,1391.000000,0.000000,0.000000,0.000000,0.000000,0.000000,0.000000,0.000000,0.000000,0.000000,0.130000,9.530000,2.290000,0.010000,0.000000,0.000000,27.690000,-4.060000,-31.000000
1.100000,151155.000000,534.000000,1873.000000,1857.000000,650.000000,1825.000000,1296.000000,0.000000,0.000000,0.000000,0.000000,0.000000,0.000000,0.000000,0.000000,0.000000,0.100000,9.560000,2.210000,0.010000,0.000000,0.000000,27.690000,-4.060000,-31.000000
1.102000,151156.000000,0.000000,1808.000000,1818.000000,496.000000,1801.000000,1356.000000,0.000000,0.000000,0.000000,0.000000,0.000000,0.000000,0.000000,0.000000,0.000000,0.100000,9.560000,2.210000,0.010000,0.000000,0.000000,27.690000,-4.060000,-31.000000
1.104000,151157.000000,0.000000,1794.000000,1782.000000,591.000000,1782.000000,1600.000000,0.000000,0.000000,0.000000,0.000000,0.000000,0.000000,0.000000,0.000000,0.000000,0.100000,9.560000,2.210000,0.010000,0.000000,0.000000,27.690000,-4.060000,-31.000000
1.106000,151158.000000,0.000000,1759.000000,1776.000000,663.000000,1757.000000,1678.000000,0.000000,0.000000,0.000000,0.000000,0.000000,0.000000,0.000000,0.000000,0.000000,0.100000,9.560000,2.210000,0.010000,0.000000,0.000000,27.690000,-4.060000,-31.000000
1.108000,151159.000000,0.000000,1746.000000,1779.000000,756.000000,1770.000000,1795.000000,0.000000,0.000000,0.000000,0.000000,0.000000,0.000000,0.000000,0.000000,0.000000,0.100000,9.560000,2.210000,0.010000,0.000000,0.000000,27.690000,-4.060000,-31.000000
1.110000,151160.000000,523.000000,1748.000000,1784.000000,832.000000,1735.000000,1899.000000,0.000000,0.000000,0.000000,0.000000,0.000000,0.000000,0.000000,0.000000,0.000000,0.120000,9.530000,2.260000,0.010000,0.000000,0.000000,27.690000,-4.060000,-31.000000
1.112000,151161.000000,75.000000,1765.000000,1761.000000,1121.000000,1727.000000,2559.000000,0.000000,0.000000,0.000000,0.000000,0.000000,0.000000,0.000000,0.000000,0.000000,0.120000,9.530000,2.260000,0.010000,0.000000,0.000000,27.690000,-4.060000,-31.000000
1.114000,151162.000000,52.000000,1792.000000,1808.000000,1286.000000,1794.000000,2435.000000,0.000000,0.000000,0.000000,0.000000,0.000000,0.000000,0.000000,0.000000,0.000000,0.120000,9.530000,2.260000,0.010000,0.000000,0.000000,27.690000,-4.060000,-31.000000
1.116000,151163.000000,25.000000,1841.000000,1819.000000,1211.000000,1782.000000,2090.000000,0.000000,0.000000,0.000000,0.000000,0.000000,0.000000,0.000000,0.000000,0.000000,0.120000,9.530000,2.260000,0.010000,0.000000,0.000000,27.690000,-4.060000,-31.000000
1.118000,151164.000000,0.000000,1856.000000,1866.000000,927.000000,1829.000000,1390.000000,0.000000,0.000000,0.000000,0.000000,0.000000,0.000000,0.000000,0.000000,0.000000,0.120000,9.530000,2.260000,0.010000,0.000000,0.000000,27.690000,-4.060000,-31.000000
1.120000,151165.000000,0.000000,1849.000000,1840.000000,635.000000,1816.000000,1274.000000,0.000000,0.000000,0.000000,0.000000,0.000000,0.000000,0.000000,0.000000,0.000000,0.120000,9.550000,2.290000,0.010000,0.000000,0.000000,27.690000,-4.060000,-31.000000
1.122000,151166.000000,0.000000,1818.000000,1824.000000,511.000000,1778.000000,1371.000000,0.000000,0.000000,0.000000,0.000000,0.000000,0.000000,0.000000,0.000000,0.000000,0.120000,9.550000,2.290000,0.010000,0.000000,0.000000,27.690000,-4.060000,-31.000000
1.124000,151167.000000,0.000000,1777.000000,1783.000000,586.000000,1744.000000,1603.000000,0.000000,0.000000,0.000000,0.000000,0.000000,0.000000,0.000000,0.000000,0.000000,0.120000,9.550000,2.290000,0.010000,0.000000,0.000000,27.690000,-4.060000,-31.000000
1.126000,151168.000000,0.000000,1760.000000,1792.000000,684.000000,1744.000000,1673.000000,0.000000,0.000000,0.000000,0.000000,0.000000,0.000000,0.000000,0.000000,0.000000,0.120000,9.550000,2.290000,0.010000,0.000000,0.000000,27.690000,-4.060000,-31.000000
1.128000,151169.000000,0.000000,1754.000000,1793.000000,757.000000,1742.000000,1783.000000,0.000000,0.000000,0.000000,0.000000,0.000000,0.000000,0.000000,0.000000,0.000000,0.120000,9.550000,2.290000,0.010000,0.000000,0.000000,27.690000,-4.060000,-31.000000
1.130000,151170.000000,307.000000,1741.000000,1759.000000,815.000000,1744.000000,1888.000000,0.000000,0.000000,0.000000,0.000000,0.000000,0.000000,0.000000,0.000000,0.000000,0.130000,9.540000,2.340000,0.010000,0.000000,0.000000,27.690000,-4.060000,-31.000000
1.132000,151171.000000,64.000000,1759.000000,1771.000000,1119.000000,1734.000000,2580.000000,0.000000,0.000000,0.000000,0.000000,0.000000,0.000000,0.000000,0.000000,0.000000,0.130000,9.540000,2.340000,0.010000,0.000000,0.000000,27.690000,-4.060000,-31.000000
1.134000,151172.000000,57.000000,1813.000000,1809.000000,1302.000000,1776.000000,2448.000000,0.000000,0.000000,0.000000,0.000000,0.000000,0.000000,0.000000,0.000000,0.000000,0.130000,9.540000,2.340000,0.010000,0.000000,0.000000,27.690000,-4.060000,-31.000000
1.136000,151173.000000,29.000000,1855.000000,1818.000000,1217.000000,1758.000000,2112.000000,0.000000,0.000000,0.000000,0.000000,0.000000,0.000000,0.000000,0.000000,0.000000,0.130000,9.540000,2.340000,0.010000,0.000000,0.000000,27.690000,-4.060000,-31.000000
1.138000,151174.000000,0.000000,1867.000000,1854.000000,915.000000,1831.000000,1387.000000,0.000000,0.000000,0.000000,0.000000,0.000000,0.000000,0.000000,0.000000,0.000000,0.130000,9.540000,2.340000,0.010000,0.000000,0.000000,27.690000,-4.060000,-31.000000
1.140000,151175.000000,539.000000,1857.000000,1856.000000,624.000000,1803.000000,1295.000000,0.000000,0.000000,0.000000,0.000000,0.000000,0.000000,0.000000,0.000000,0.000000,0.130000,9.520000,2.330000,0.010000,0.000000,0.000000,28.000000,-4.500000,-32.560000
1.142000,151176.000000,0.000000,1826.000000,1802.000000,509.000000,1757.000000,1371.000000,0.000000,0.000000,0.000000,0.000000,0.000000,0.000000,0.000000,0.000000,0.000000,0.130000,9.520000,2.330000,0.010000,0.000000,0.000000,28.000000,-4.500000,-32.560000
1.144000,151177.000000,0.000000,1793.000000,1794.000000,593.000000,1765.000000,1595.000000,0.000000,0.000000,0.000000,0.000000,0.000000,0.000000,0.000000,0.000000,0.000000,0.130000,9.520000,2.330000,0.010000,0.000000,0.000000,28.000000,-4.500000,-32.560000
1.146000,151178.000000,0.000000,1767.000000,1758.000000,685.000000,1745.000000,1712.000000,0.000000,0.000000,0.000000,0.000000,0.000000,0.000000,0.000000,0.000000,0.000000,0.130000,9.520000,2.330000,0.010000,0.000000,0.000000,28.000000,-4.500000,-32.560000
1.148000,151179.000000,0.000000,1755.000000,1763.000000,752.000000,1744.000000,1790.000000,0.000000,0.000000,0.000000,0.000000,0.000000,0.000000,0.000000,0.000000,0.000000,0.130000,9.520000,2.330000,0.010000,0.000000,0.000000,28.000000,-4.500000,-32.560000
1.150000,151180.000000,556.000000,1774.000000,1754.000000,819.000000,1751.000000,1882.000000,0.000000,0.000000,0.000000,0.000000,0.000000,0.000000,0.000000,0.000000,0.000000,0.140000,9.510000,2.230000,0.000000,0.000000,0.000000,28.000000,-4.500000,-32.560000
1.152000,151181.000000,77.000000,1744.000000,1776.000000,1111.000000,1744.000000,2583.000000,0.000000,0.000000,0.000000,0.000000,0.000000,0.000000,0.000000,0.000000,0.000000,0.140000,9.510000,2.230000,0.000000,0.000000,0.000000,28.000000,-4.500000,-32.560000
1.154000,151182.000000,49.000000,1813.000000,1807.000000,1302.000000,1749.000000,2448.000000,0.000000,0.000000,0.000000,0.000000,0.000000,0.000000,0.000000,0.000000,0.000000,0.140000,9.510000,2.230000,0.000000,0.000000,0.000000,28.000000,-4.500000,-32.560000
1.156000,151183.000000,18.000000,1849.000000,1840.000000,1215.000000,1823.000000,2071.000000,0.000000,0.000000,0.000000,0.000000,0.000000,0.000000,0.000000,0.000000,0.000000,0.140000,9.510000,2.230000,0.000000,0.000000,0.000000,28.000000,-4.500000,-32.560000
1.158000,151184.000000,0.000000,1881.000000,1823.000000,912.000000,1821.000000,1394.000000,0.000000,0.000000,0.000000,0.000000,0.000000,0.000000,0.000000,0.000000,0.000000,0.140000,9.510000,2.230000,0.000000,0.000000,0.000000,28.000000,-4.500000,-32.560000
1.160000,151185.000000,528.000000,1869.000000,1831.000000,633.000000,1807.000000,1277.000000,0.000000,0.000000,0.000000,0.000000,0.000000,0.000000,0.000000,0.000000,0.000000,0.120000,9.490000,2.240000,0.000000,-0.010000,0.000000,28.000000,-4.500000,-32.560000
1.162000,151186.000000,0.000000,1808.000000,1791.000000,498.000000,1766.000000,1354.000000,0.000000,0.000000,0.000000,0.000000,0.000000,0.000000,0.000000,0.000000,0.000000,0.120000,9.490000,2.240000,0.000000,-0.010000,0.000000,28.000000,-4.500000,-32.560000
1.164000,151187.000000,0.000000,1773.000000,1783.000000,576.000000,1747.000000,1586.000000,0.000000,0.000000,0.000000,0.000000,0.000000,0.000000,0.000000,0.000000,0.000000,0.120000,9.490000,2.240000,0.000000,-0.010000,0.000000,28.000000,-4.500000,-32.560000
1.166000,151188.000000,0.000000,1765.000000,1762.000000,693.000000,1754.000000,1711.000000,0.000000,0.000000,0.000000,0.000000,0.000000,0.000000,0.000000,0.000000,0.000000,0.120000,9.490000,2.240000,0.000000,-0.010000,0.000000,28.000000,-4.500000,-32.560000
1.168000,151189.000000,0.000000,1762.000000,1791.000000,735.000000,1760.000000,1797.000000,0.000000,0.000000,0.000000,0.000000,0.000000,0.000000,0.000000,0.000000,0.000000,0.120000,9.490000,2.240000,0.000000,-0.010000,0.000000,28.000000,-4.500000,-32.560000
1.170000,151190.000000,0.000000,1759.000000,1753.000000,841.000000,1744.000000,1909.000000,0.000000,0.000000,0.000000,0.000000,0.000000,0.000000,0.000000,0.000000,0.000000,0.110000,9.520000,2.280000,0.000000,0.000000,0.000000,28.000000,-4.500000,-32.560000
1.172000,151191.000000,54.000000,1767.000000,1761.000000,1102.000000,1759.000000,2599.000000,0.000000,0.000000,0.000000,0.000000,0.000000,0.000000,0.000000,0.000000,0.000000,0.110000,9.520000,2.280000,0.000000,0.000000,0.000000,28.000000,-4.500000,-32.560000
1.174000,151192.000000,53.000000,1808.000000,1812.000000,1287.000000,1775.000000,2442.000000,0.000000,0.000000,0.000000,0.000000,0.000000,0.000000,0.000000,0.000000,0.000000,0.110000,9.520000,2.280000,0.000000,0.000000,0.000000,28.000000,-4.500000,-32.560000
1.176000,151193.000000,30.000000,1839.000000,1829.000000,1217.000000,1798.000000,2099.000000,0.000000,0.000000,0.000000,0.000000,0.000000,0.000000,0.000000,0.000000,0.000000,0.110000,9.520000,2.280000,0.000000,0.000000,0.000000,28.000000,-4.500000,-32.560000
1.178000,151194.000000,0.000000,1866.000000,1838.000000,914.000000,1850.000000,1394.000000,0.000000,0.000000,0.000000,0.000000,0.000000,0.000000,0.000000,0.000000,0.000000,0.110000,9.520000,2.280000,0.000000,0.000000,0.000000,28.000000,-4.500000,-32.560000
1.180000,151195.000000,528.000000,1920.000000,1853.000000,633.000000,1820.000000,1295.000000,0.000000,0.000000,0.000000,0.000000,0.000000,0.000000,0.000000,0.000000,0.000000,0.130000,9.530000,2.320000,0.000000,0.000000,-0.010000,28.000000,-4.500000,-32.560000
1.182000,151196.000000,0.000000,1822.000000,1837.000000,483.000000,1804.000000,1345.000000,0.000000,0.000000,0.000000,0.000000,0.000000,0.000000,0.000000,0.000000,0.000000,0.130000,9.530000,2.320000,0.000000,0.000000,-0.010000,28.000000,-4.500000,-32.560000
1.184000,151197.000000,0.000000,1773.000000,1802.000000,592.000000,1776.000000,1591.000000,0.000000,0.000000,0.000000,0.000000,0.000000,0.000000,0.000000,0.000000,0.000000,0.130000,9.530000,2.320000,0.000000,0.000000,-0.010000,28.000000,-4.500000,-32.560000
1.186000,151198.000000,0.000000,1773.000000,1787.000000,669.000000,1751.000000,1693.000000,0.000000,0.000000,0.000000,0.000000,0.000000,0.000000,0.000000,0.000000,0.000000,0.130000,9.530000,2.320000,0.000000,0.000000,-0.010000,28.000000,-4.500000,-32.560000
1.188000,151199.000000,0.000000,1762.000000,1776.000000,739.000000,1763.000000,1807.000000,0.000000,0.000000,0.000000,0.000000,0.000000,0.000000,0.000000,0.000000,0.000000,0.130000,9.530000,2.320000,0.000000,0.000000,-0.010000,28.000000,-4.500000,-32.560000
1.190000,151200.000000,560.000000,1774.000000,1761.000000,816.000000,1757.000000,1879.000000,0.000000,0.000000,0.000000,0.000000,0.000000,0.000000,0.000000,0.000000,0.000000,0.150000,9.530000,2.340000,0.000000,0.000000,0.000000,26.880000,-3.690000,-31.750000
1.192000,151201.000000,75.000000,1778.000000,1776.000000,1136.000000,1759.000000,2594.000000,0.000000,0.000000,0.000000,0.000000,0.000000,0.000000,0.000000,0.000000,0.000000,0.150000,9.530000,2.340000,0.000000,0.000000,0.000000,26.880000,-3.690000,-31.750000
1.194000,151202.000000,92.000000,1789.000000,1799.000000,1306.000000,1809.000000,2431.000000,0.000000,0.000000,0.000000,0.000000,0.000000,0.000000,0.000000,0.000000,0.000000,0.150000,9.530000,2.340000,0.000000,0.000000,0.000000,26.880000,-3.690000,-31.750000
1.196000,151203.000000,37.000000,1859.000000,1834.000000,1200.000000,1807.000000,2105.000000,0.000000,0.000000,0.000000,0.000000,0.000000,0.000000,0.000000,0.000000,0.000000,0.150000,9.530000,2.340000,0.000000,0.000000,0.000000,26.880000,-3.690000,-31.750000
1.198000,151204.000000,0.000000,1872.000000,1855.000000,937.000000,1846.000000,1407.000000,0.000000,0.000000,0.000000,0.000000,0.000000,0.000000,0.000000,0.000000,0.000000,0.150000,9.530000,2.340000,0.000000,0.000000,0.000000,26.880000,-3.690000,-31.750000
1.200000,151205.000000,538.000000,1863.000000,1852.000000,640.000000,1833.000000,1299.000000,0.000000,0.000000,0.000000,0.000000,0.000000,0.000000,0.000000,0.000000,0.000000,0.130000,9.560000,2.240000,-0.010000,0.000000,0.000000,26.880000,-3.690000,-31.750000
1.202000,151206.000000,0.000000,1845.000000,1822.000000,491.000000,1795.000000,1350.000000,0.000000,0.000000,0.000000,0.000000,0.000000,0.000000,0.000000,0.000000,0.000000,0.130000,9.560000,2.240000,-0.010000,0.000000,0.000000,26.880000,-3.690000,-31.750000
1.204000,151207.000000,0.000000,1803.000000,1795.000000,578.000000,1831.000000,1587.000000,0.000000,0.000000,0.000000,0.000000,0.000000,0.000000,0.000000,0.000000,0.000000,0.130000,9.560000,2.240000,-0.010000,0.000000,0.000000,26.880000,-3.690000,-31.750000
1.206000,151208.000000,0.000000,1778.000000,1799.000000,671.000000,1796.000000,1698.000000,0.000000,0.000000,0.000000,0.000000,0.000000,0.000000,0.000000,0.000000,0.000000,0.130000,9.560000,2.240000,-0.010000,0.000000,0.000000,26.880000,-3.690000,-31.750000
1.208000,151209.000000,0.000000,1790.000000,1789.000000,741.000000,1795.000000,1793.000000,0.000000,0.000000,0.000000,0.000000,0.000000,0.000000,0.000000,0.000000,0.000000,0.130000,9.560000,2.240000,-0.010000,0.000000,0.000000,26.880000,-3.690000,-31.750000
1.210000,151210.000000,37.000000,1783.000000,1810.000000,820.000000,1822.000000,1887.000000,0.000000,0.000000,0.000000,0.000000,0.000000,0.000000,0.000000,0.000000,0.000000,0.130000,9.530000,2.300000,-0.010000,0.000000,0.000000,26.880000,-3.690000,-31.750000
1.212000,151211.000000,51.000000,1781.000000,1794.000000,1104.000000,1777.000000,2559.000000,0.000000,0.000000,0.000000,0.000000,0.000000,0.000000,0.000000,0.000000,0.000000,0.130000,9.530000,2.300000,-0.010000,0.000000,0.000000,26.880000,-3.690000,-31.750000
1.214000,151212.000000,64.000000,1844.000000,1840.000000,1299.000000,1818.000000,2448.000000,0.000000,0.000000,0.000000,0.000000,0.000000,0.000000,0.000000,0.000000,0.000000,0.130000,9.530000,2.300000,-0.010000,0.000000,0.000000,26.880000,-3.690000,-31.750000
1.216000,151213.000000,31.000000,1871.000000,1834.000000,1186.000000,1861.000000,2090.000000,0.000000,0.000000,0.000000,0.000000,0.000000,0.000000,0.000000,0.000000,0.000000,0.130000,9.530000,2.300000,-0.010000,0.000000,0.000000,26.880000,-3.690000,-31.750000
1.218000,151214.000000,0.000000,1903.000000,1889.000000,929.000000,1895.000000,1403.000000,0.000000,0.000000,0.000000,0.000000,0.000000,0.000000,0.000000,0.000000,0.000000,0.130000,9.530000,2.300000,-0.010000,0.000000,0.000000,26.880000,-3.690000,-31.750000
1.220000,151215.000000,549.000000,1899.000000,1877.000000,649.000000,1876.000000,1317.000000,0.000000,0.000000,0.000000,0.000000,0.000000,0.000000,0.000000,0.000000,0.000000,0.130000,9.520000,2.290000,-0.010000,0.000000,0.000000,26.880000,-3.690000,-31.750000
1.222000,151216.000000,0.000000,1873.000000,1834.000000,509.000000,1856.000000,1390.000000,0.000000,0.000000,0.000000,0.000000,0.000000,0.000000,0.000000,0.000000,0.000000,0.130000,9.520000,2.290000,-0.010000,0.000000,0.000000,26.880000,-3.690000,-31.750000
1.224000,151217.000000,0.000000,1820.000000,1807.000000,578.000000,1830.000000,1593.000000,0.000000,0.000000,0.000000,0.000000,0.000000,0.000000,0.000000,0.000000,0.000000,0.130000,9.520000,2.290000,-0.010000,0.000000,0.000000,26.880000,-3.690000,-31.750000
1.226000,151218.000000,0.000000,1821.000000,1820.000000,673.000000,1824.000000,1712.000000,0.000000,0.000000,0.000000,0.000000,0.000000,0.000000,0.000000,0.000000,0.000000,0.130000,9.520000,2.290000,-0.010000,0.000000,0.000000,26.880000,-3.690000,-31.750000
1.228000,151219.000000,0.000000,1808.000000,1781.000000,752.000000,1813.000000,1797.000000,0.000000,0.000000,0.000000,0.000000,0.000000,0.000000,0.000000,0.000000,0.000000,0.130000,9.520000,2.290000,-0.010000,0.000000,0.000000,26.880000,-3.690000,-31.750000
1.230000,151220.000000,576.000000,1824.000000,1803.000000,756.000000,1798.000000,1914.000000,0.000000,0.000000,0.000000,0.000000,0.000000,0.000000,0.000000,0.000000,0.000000,0.100000,9.550000,2.300000,0.000000,0.000000,0.000000,26.880000,-3.690000,-31.750000
1.232000,151221.000000,71.000000,1812.000000,1818.000000,1127.000000,1819.000000,2559.000000,0.000000,0.000000,0.000000,0.000000,0.000000,0.000000,0.000000,0.000000,0.000000,0.100000,9.550000,2.300000,0.000000,0.000000,0.000000,26.880000,-3.690000,-31.750000
1.234000,151222.000000,61.000000,1839.000000,1815.000000,1289.000000,1854.000000,2430.000000,0.000000,0.000000,0.000000,0.000000,0.000000,0.000000,0.000000,0.000000,0.000000,0.100000,9.550000,2.300000,0.000000,0.000000,0.000000,26.880000,-3.690000,-31.750000
1.236000,151223.000000,34.000000,1902.000000,1843.000000,1223.000000,1861.000000,2124.000000,0.000000,0.000000,0.000000,0.000000,0.000000,0.000000,0.000000,0.000000,0.000000,0.100000,9.550000,2.300000,0.000000,0.000000,0.000000,26.880000,-3.690000,-31.750000
1.238000,151224.000000,0.000000,1921.000000,1872.000000,941.000000,1904.000000,1431.000000,0.000000,0.000000,0.000000,0.000000,0.000000,0.000000,0.000000,0.000000,0.000000,0.100000,9.550000,2.300000,0.000000,0.000000,0.000000,26.880000,-3.690000,-31.750000
1.240000,151225.000000,562.000000,1915.000000,1859.000000,636.000000,1870.000000,1302.000000,0.000000,0.000000,0.000000,0.000000,0.000000,0.000000,0.000000,0.000000,0.000000,0.100000,9.570000,2.240000,0.000000,0.000000,0.000000,28.380000,-3.690000,-31.380000
1.242000,151226.000000,0.000000,1867.000000,1856.000000,510.000000,1837.000000,1373.000000,0.000000,0.000000,0.000000,0.000000,0.000000,0.000000,0.000000,0.000000,0.000000,0.100000,9.570000,2.240000,0.000000,0.000000,0.000000,28.380000,-3.690000,-31.380000
1.244000,151227.000000,0.000000,1857.000000,1830.000000,601.000000,1840.000000,1605.000000,0.000000,0.000000,0.000000,0.000000,0.000000,0.000000,0.000000,0.000000,0.000000,0.100000,9.570000,2.240000,0.000000,0.000000,0.000000,28.380000,-3.690000,-31.380000
1.246000,151228.000000,0.000000,1829.000000,1795.000000,679.000000,1809.000000,1717.000000,0.000000,0.000000,0.000000,0.000000,0.000000,0.000000,0.000000,0.000000,0.000000,0.100000,9.570000,2.240000,0.000000,0.000000,0.000000,28.380000,-3.690000,-31.380000
1.248000,151229.000000,0.000000,1809.000000,1808.000000,757.000000,1812.000000,1798.000000,0.000000,0.000000,0.000000,0.000000,0.000000,0.000000,0.000000,0.000000,0.000000,0.100000,9.570000,2.240000,0.000000,0.000000,0.000000,28.380000,-3.690000,-31.380000
1.250000,151230.000000,581.000000,1814.000000,1807.000000,968.000000,1793.000000,1875.000000,0.000000,0.000000,0.000000,0.000000,0.000000,0.000000,0.000000,0.000000,0.000000,0.100000,9.570000,2.240000,0.000000,0.000000,0.000000,28.380000,-3.690000,-31.380000
1.252000,151231.000000,81.000000,1808.000000,1809.000000,1123.000000,1794.000000,2559.000000,0.000000,0.000000,0.000000,0.000000,0.000000,0.000000,0.000000,0.000000,0.000000,0.100000,9.570000,2.240000,0.000000,0.000000,0.000000,28.380000,-3.690000,-31.380000
1.254000,151232.000000,64.000000,1830.000000,1838.000000,1329.000000,1812.000000,2467.000000,0.000000,0.000000,0.000000,0.000000,0.000000,0.000000,0.000000,0.000000,0.000000,0.100000,9.570000,2.240000,0.000000,0.000000,0.000000,28.380000,-3.690000,-31.380000
1.256000,151233.000000,35.000000,1904.000000,1879.000000,1233.000000,1855.000000,2126.000000,0.000000,0.000000,0.000000,0.000000,0.000000,0.000000,0.000000,0.000000,0.000000,0.100000,9.570000,2.240000,0.000000,0.000000,0.000000,28.380000,-3.690000,-31.380000
1.258000,151234.000000,0.000000,1917.000000,1888.000000,922.000000,1858.000000,1423.000000,0.000000,0.000000,0.000000,0.000000,0.000000,0.000000,0.000000,0.000000,0.000000,0.100000,9.570000,2.240000,0.000000,0.000000,0.000000,28.380000,-3.690000,-31.380000
1.260000,151235.000000,0.000000,1881.000000,1863.000000,634.000000,1843.000000,1150.000000,0.000000,0.000000,0.000000,0.000000,0.000000,0.000000,0.000000,0.000000,0.000000,0.100000,9.570000,2.180000,0.000000,0.000000,0.000000,28.380000,-3.690000,-31.380000
1.262000,151236.000000,0.000000,1856.000000,1858.000000,494.000000,1834.000000,1374.000000,0.000000,0.000000,0.000000,0.000000,0.000000,0.000000,0.000000,0.000000,0.000000,0.100000,9.570000,2.180000,0.000000,0.000000,0.000000,28.380000,-3.690000,-31.380000
1.264000,151237.000000,0.000000,1819.000000,1823.000000,594.000000,1806.000000,1585.000000,0.000000,0.000000,0.000000,0.000000,0.000000,0.000000,0.000000,0.000000,0.000000,0.100000,9.570000,2.180000,0.000000,0.000000,0.000000,28.380000,-3.690000,-31.380000
1.266000,151238.000000,0.000000,1798.000000,1827.000000,679.000000,1793.000000,1709.000000,0.000000,0.000000,0.000000,0.000000,0.000000,0.000000,0.000000,0.000000,0.000000,0.100000,9.570000,2.180000,0.000000,0.000000,0.000000,28.380000,-3.690000,-31.380000
1.268000,151239.000000,0.000000,1791.000000,1814.000000,767.000000,1781.000000,1801.000000,0.000000,0.000000,0.000000,0.000000,0.000000,0.000000,0.000000,0.000000,0.000000,0.100000,9.570000,2.180000,0.000000,0.000000,0.000000,28.380000,-3.690000,-31.380000
1.270000,151240.000000,576.000000,1770.000000,1808.000000,827.000000,1789.000000,1870.000000,0.000000,0.000000,0.000000,0.000000,0.000000,0.000000,0.000000,0.000000,0.000000,0.120000,9.560000,2.240000,0.000000,0.000000,0.000000,28.380000,-3.690000,-31.380000
1.272000,151241.000000,73.000000,1789.000000,1787.000000,1111.000000,1801.000000,2557.000000,0.000000,0.000000,0.000000,0.000000,0.000000,0.000000,0.000000,0.000000,0.000000,0.120000,9.560000,2.240000,0.000000,0.000000,0.000000,28.380000,-3.690000,-31.380000
1.274000,151242.000000,59.000000,1827.000000,1832.000000,1306.000000,1801.000000,2448.000000,0.000000,0.000000,0.000000,0.000000,0.000000,0.000000,0.000000,0.000000,0.000000,0.120000,9.560000,2.240000,0.000000,0.000000,0.000000,28.380000,-3.690000,-31.380000
1.276000,151243.000000,26.000000,1872.000000,1872.000000,1232.000000,1834.000000,2101.000000,0.000000,0.000000,0.000000,0.000000,0.000000,0.000000,0.000000,0.000000,0.000000,0.120000,9.560000,2.240000,0.000000,0.000000,0.000000,28.380000,-3.690000,-31.380000
1.278000,151244.000000,0.000000,1894.000000,1885.000000,961.000000,1841.000000,1414.000000,0.000000,0.000000,0.000000,0.000000,0.000000,0.000000,0.000000,0.000000,0.000000,0.120000,9.560000,2.240000,0.000000,0.000000,0.000000,28.380000,-3.690000,-31.380000
1.280000,151245.000000,0.000000,1876.000000,1857.000000,650.000000,1838.000000,1282.000000,0.000000,0.000000,0.000000,0.000000,0.000000,0.000000,0.000000,0.000000,0.000000,0.120000,9.560000,2.240000,0.010000,0.000000,0.000000,28.380000,-3.690000,-31.380000
1.282000,151246.000000,0.000000,1847.000000,1826.000000,496.000000,1805.000000,1361.000000,0.000000,0.000000,0.000000,0.000000,0.000000,0.000000,0.000000,0.000000,0.000000,0.120000,9.560000,2.240000,0.010000,0.000000,0.000000,28.380000,-3.690000,-31.380000
1.284000,151247.000000,0.000000,1795.000000,1832.000000,582.000000,1807.000000,1584.000000,0.000000,0.000000,0.000000,0.000000,0.000000,0.000000,0.000000,0.000000,0.000000,0.120000,9.560000,2.240000,0.010000,0.000000,0.000000,28.380000,-3.690000,-31.380000
1.286000,151248.000000,0.000000,1778.000000,1806.000000,677.000000,1794.000000,1682.000000,0.000000,0.000000,0.000000,0.000000,0.000000,0.000000,0.000000,0.000000,0.000000,0.120000,9.560000,2.240000,0.010000,0.000000,0.000000,28.380000,-3.690000,-31.380000
1.288000,151249.000000,0.000000,1775.000000,1806.000000,752.000000,1781.000000,1806.000000,0.000000,0.000000,0.000000,0.000000,0.000000,0.000000,0.000000,0.000000,0.000000,0.120000,9.560000,2.240000,0.010000,0.000000,0.000000,28.380000,-3.690000,-31.380000
1.290000,151250.000000,141.000000,1782.000000,1786.000000,840.000000,1777.000000,1894.000000,0.000000,0.000000,0.000000,0.000000,0.000000,0.000000,0.000000,0.000000,0.000000,0.120000,9.560000,2.240000,0.010000,0.000000,0.000000,27.250000,-4.750000,-32.190000
1.292000,151251.000000,57.000000,1780.000000,1794.000000,1126.000000,1803.000000,2559.000000,0.000000,0.000000,0.000000,0.000000,0.000000,0.000000,0.000000,0.000000,0.000000,0.120000,9.560000,2.240000,0.010000,0.000000,0.000000,27.250000,-4.750000,-32.190000
1.294000,151252.000000,80.000000,1804.000000,1826.000000,1323.000000,1826.000000,2449.000000,0.000000,0.000000,0.000000,0.000000,0.000000,0.000000,0.000000,0.000000,0.000000,0.120000,9.560000,2.240000,0.010000,0.000000,0.000000,27.250000,-4.750000,-32.190000
1.296000,151253.000000,27.000000,1871.000000,1867.000000,1212.000000,1861.000000,2115.000000,0.000000,0.000000,0.000000,0.000000,0.000000,0.000000,0.000000,0.000000,0.000000,0.120000,9.560000,2.240000,0.010000,0.000000,0.000000,27.250000,-4.750000,-32.190000
1.298000,151254.000000,0.000000,1895.000000,1872.000000,938.000000,1889.000000,1427.000000,0.000000,0.000000,0.000000,0.000000,0.000000,0.000000,0.000000,0.000000,0.000000,0.120000,9.560000,2.240000,0.010000,0.000000,0.000000,27.250000,-4.750000,-32.190000
1.300000,151255.000000,538.000000,1866.000000,1881.000000,643.000000,1857.000000,1312.000000,0.000000,0.000000,0.000000,0.000000,0.000000,0.000000,0.000000,0.000000,0.000000,0.120000,9.540000,2.230000,0.010000,0.000000,0.000000,27.250000,-4.750000,-32.190000
1.302000,151256.000000,0.000000,1827.000000,1822.000000,510.000000,1837.000000,1364.000000,0.000000,0.000000,0.000000,0.000000,0.000000,0.000000,0.000000,0.000000,0.000000,0.120000,9.540000,2.230000,0.010000,0.000000,0.000000,27.250000,-4.750000,-32.190000
1.304000,151257.000000,0.000000,1839.000000,1827.000000,586.000000,1815.000000,1618.000000,0.000000,0.000000,0.000000,0.000000,0.000000,0.000000,0.000000,0.000000,0.000000,0.120000,9.540000,2.230000,0.010000,0.000000,0.000000,27.250000,-4.750000,-32.190000
1.306000,151258.000000,0.000000,1795.000000,1795.000000,697.000000,1821.000000,1712.000000,0.000000,0.000000,0.000000,0.000000,0.000000,0.000000,0.000000,0.000000,0.000000,0.120000,9.540000,2.230000,0.010000,0.000000,0.000000,27.250000,-4.750000,-32.190000
1.308000,151259.000000,0.000000,1808.000000,1808.000000,765.000000,1826.000000,1802.000000,0.000000,0.000000,0.000000,0.000000,0.000000,0.000000,0.000000,0.000000,0.000000,0.120000,9.540000,2.230000,0.010000,0.000000,0.000000,27.250000,-4.750000,-32.190000
1.310000,151260.000000,57.000000,1782.000000,1813.000000,834.000000,1794.000000,1872.000000,0.000000,0.000000,0.000000,0.000000,0.000000,0.000000,0.000000,0.000000,0.000000,0.120000,9.540000,2.230000,0.010000,0.010000,0.000000,27.250000,-4.750000,-32.190000
1.312000,151261.000000,64.000000,1782.000000,1824.000000,1063.000000,1798.000000,2557.000000,0.000000,0.000000,0.000000,0.000000,0.000000,0.000000,0.000000,0.000000,0.000000,0.120000,9.540000,2.230000,0.010000,0.010000,0.000000,27.250000,-4.750000,-32.190000
1.314000,151262.000000,59.000000,1829.000000,1847.000000,1296.000000,1840.000000,2448.000000,0.000000,0.000000,0.000000,0.000000,0.000000,0.000000,0.000000,0.000000,0.000000,0.120000,9.540000,2.230000,0.010000,0.010000,0.000000,27.250000,-4.750000,-32.190000
1.316000,151263.000000,31.000000,1872.000000,1871.000000,1220.000000,1889.000000,2121.000000,0.000000,0.000000,0.000000,0.000000,0.000000,0.000000,0.000000,0.000000,0.000000,0.120000,9.540000,2.230000,0.010000,0.010000,0.000000,27.250000,-4.750000,-32.190000
1.318000,151264.000000,0.000000,1895.000000,1878.000000,956.000000,1897.000000,1453.000000,0.000000,0.000000,0.000000,0.000000,0.000000,0.000000,0.000000,0.000000,0.000000,0.120000,9.540000,2.230000,0.010000,0.010000,0.000000,27.250000,-4.750000,-32.190000
1.320000,151265.000000,364.000000,1885.000000,1850.000000,661.000000,1874.000000,1277.000000,0.000000,0.000000,0.000000,0.000000,0.000000,0.000000,0.000000,0.000000,0.000000,0.130000,9.530000,2.240000,0.010000,0.010000,0.000000,27.250000,-4.750000,-32.190000
1.322000,151266.000000,0.000000,1847.000000,1866.000000,493.000000,1875.000000,1375.000000,0.000000,0.000000,0.000000,0.000000,0.000000,0.000000,0.000000,0.000000,0.000000,0.130000,9.530000,2.240000,0.010000,0.010000,0.000000,27.250000,-4.750000,-32.190000
1.324000,151267.000000,0.000000,1814.000000,1856.000000,580.000000,1840.000000,1615.000000,0.000000,0.000000,0.000000,0.000000,0.000000,0.000000,0.000000,0.000000,0.000000,0.130000,9.530000,2.240000,0.010000,0.010000,0.000000,27.250000,-4.750000,-32.190000
1.326000,151268.000000,0.000000,1807.000000,1818.000000,671.000000,1842.000000,1699.000000,0.000000,0.000000,0.000000,0.000000,0.000000,0.000000,0.000000,0.000000,0.000000,0.130000,9.530000,2.240000,0.010000,0.010000,0.000000,27.250000,-4.750000,-32.190000
1.328000,151269.000000,0.000000,1776.000000,1798.000000,753.000000,1847.000000,1807.000000,0.000000,0.000000,0.000000,0.000000,0.000000,0.000000,0.000000,0.000000,0.000000,0.130000,9.530000,2.240000,0.010000,0.010000,0.000000,27.250000,-4.750000,-32.190000
1.330000,151270.000000,569.000000,1797.000000,1814.000000,807.000000,1857.000000,1872.000000,0.000000,0.000000,0.000000,0.000000,0.000000,0.000000,0.000000,0.000000,0.000000,0.150000,9.540000,2.300000,0.010000,0.010000,0.000000,27.250000,-4.750000,-32.190000
1.332000,151271.000000,73.000000,1807.000000,1802.000000,1113.000000,1843.000000,2542.000000,0.000000,0.000000,0.000000,0.000000,0.000000,0.000000,0.000000,0.000000,0.000000,0.150000,9.540000,2.300000,0.010000,0.010000,0.000000,27.250000,-4.750000,-32.190000
1.334000,151272.000000,61.000000,1858.000000,1839.000000,1303.000000,1859.000000,2451.000000,0.000000,0.000000,0.000000,0.000000,0.000000,0.000000,0.000000,0.000000,0.000000,0.150000,9.540000,2.300000,0.010000,0.010000,0.000000,27.250000,-4.750000,-32.190000
1.336000,151273.000000,23.000000,1885.000000,1862.000000,1218.000000,1902.000000,2096.000000,0.000000,0.000000,0.000000,0.000000,0.000000,0.000000,0.000000,0.000000,0.000000,0.150000,9.540000,2.300000,0.010000,0.010000,0.000000,27.250000,-4.750000,-32.190000
1.338000,151274.000000,0.000000,1904.000000,1879.000000,933.000000,1923.000000,1419.000000,0.000000,0.000000,0.000000,0.000000,0.000000,0.000000,0.000000,0.000000,0.000000,0.150000,9.540000,2.300000,0.010000,0.010000,0.000000,27.250000,-4.750000,-32.190000
1.340000,151275.000000,458.000000,1898.000000,1884.000000,646.000000,1920.000000,1308.000000,0.000000,0.000000,0.000000,0.000000,0.000000,0.000000,0.000000,0.000000,0.000000,0.150000,9.510000,2.300000,0.010000,0.010000,0.000000,27.690000,-3.690000,-31.750000
1.342000,151276.000000,0.000000,1856.000000,1850.000000,505.000000,1893.000000,1356.000000,0.000000,0.000000,0.000000,0.000000,0.000000,0.000000,0.000000,0.000000,0.000000,0.150000,9.510000,2.300000,0.010000,0.010000,0.000000,27.690000,-3.690000,-31.750000
1.344000,151277.000000,1.000000,1830.000000,1838.000000,595.000000,1881.000000,1582.000000,0.000000,0.000000,0.000000,0.000000,0.000000,0.000000,0.000000,0.000000,0.000000,0.150000,9.510000,2.300000,0.010000,0.010000,0.000000,27.690000,-3.690000,-31.750000
1.346000,151278.000000,0.000000,1809.000000,1835.000000,673.000000,1850.000000,1724.000000,0.000000,0.000000,0.000000,0.000000,0.000000,0.000000,0.000000,0.000000,0.000000,0.150000,9.510000,2.300000,0.010000,0.010000,0.000000,27.690000,-3.690000,-31.750000
1.348000,151279.000000,0.000000,1790.000000,1825.000000,751.000000,1868.000000,1773.000000,0.000000,0.000000,0.000000,0.000000,0.000000,0.000000,0.000000,0.000000,0.000000,0.150000,9.510000,2.300000,0.010000,0.010000,0.000000,27.690000,-3.690000,-31.750000
1.350000,151280.000000,7.000000,1799.000000,1830.000000,820.000000,1866.000000,1904.000000,0.000000,0.000000,0.000000,0.000000,0.000000,0.000000,0.000000,0.000000,0.000000,0.120000,9.530000,2.320000,0.010000,0.010000,0.000000,27.690000,-3.690000,-31.750000
1.352000,151281.000000,48.000000,1794.000000,1791.000000,1088.000000,1861.000000,2585.000000,0.000000,0.000000,0.000000,0.000000,0.000000,0.000000,0.000000,0.000000,0.000000,0.120000,9.530000,2.320000,0.010000,0.010000,0.000000,27.690000,-3.690000,-31.750000
1.354000,151282.000000,59.000000,1841.000000,1857.000000,1313.000000,1885.000000,2487.000000,0.000000,0.000000,0.000000,0.000000,0.000000,0.000000,0.000000,0.000000,0.000000,0.120000,9.530000,2.320000,0.010000,0.010000,0.000000,27.690000,-3.690000,-31.750000
1.356000,151283.000000,29.000000,1872.000000,1857.000000,1219.000000,1917.000000,2122.000000,0.000000,0.000000,0.000000,0.000000,0.000000,0.000000,0.000000,0.000000,0.000000,0.120000,9.530000,2.320000,0.010000,0.010000,0.000000,27.690000,-3.690000,-31.750000
1.358000,151284.000000,0.000000,1904.000000,1883.000000,960.000000,1922.000000,1424.000000,0.000000,0.000000,0.000000,0.000000,0.000000,0.000000,0.000000,0.000000,0.000000,0.120000,9.530000,2.320000,0.010000,0.010000,0.000000,27.690000,-3.690000,-31.750000
1.360000,151285.000000,534.000000,1894.000000,1874.000000,666.000000,1927.000000,1290.000000,0.000000,0.000000,0.000000,0.000000,0.000000,0.000000,0.000000,0.000000,0.000000,0.140000,9.510000,2.240000,0.010000,0.000000,0.000000,27.690000,-3.690000,-31.750000
1.362000,151286.000000,0.000000,1851.000000,1873.000000,499.000000,1895.000000,1363.000000,0.000000,0.000000,0.000000,0.000000,0.000000,0.000000,0.000000,0.000000,0.000000,0.140000,9.510000,2.240000,0.010000,0.000000,0.000000,27.690000,-3.690000,-31.750000
1.364000,151287.000000,0.000000,1821.000000,1840.000000,587.000000,1860.000000,1578.000000,0.000000,0.000000,0.000000,0.000000,0.000000,0.000000,0.000000,0.000000,0.000000,0.140000,9.510000,2.240000,0.010000,0.000000,0.000000,27.690000,-3.690000,-31.750000
1.366000,151288.000000,0.000000,1821.000000,1808.000000,680.000000,1840.000000,1719.000000,0.000000,0.000000,0.000000,0.000000,0.000000,0.000000,0.000000,0.000000,0.000000,0.140000,9.510000,2.240000,0.010000,0.000000,0.000000,27.690000,-3.690000,-31.750000
1.368000,151289.000000,0.000000,1808.000000,1837.000000,750.000000,1857.000000,1799.000000,0.000000,0.000000,0.000000,0.000000,0.000000,0.000000,0.000000,0.000000,0.000000,0.140000,9.510000,2.240000,0.010000,0.000000,0.000000,27.690000,-3.690000,-31.750000
1.370000,151290.000000,572.000000,1795.000000,1821.000000,816.000000,1838.000000,1869.000000,0.000000,0.000000,0.000000,0.000000,0.000000,0.000000,0.000000,0.000000,0.000000,0.120000,9.530000,2.290000,0.010000,0.000000,0.000000,27.690000,-3.690000,-31.750000
1.372000,151291.000000,75.000000,1781.000000,1839.000000,1104.000000,1866.000000,2556.000000,0.000000,0.000000,0.000000,0.000000,0.000000,0.000000,0.000000,0.000000,0.000000,0.120000,9.530000,2.290000,0.010000,0.000000,0.000000,27.690000,-3.690000,-31.750000
1.374000,151292.000000,61.000000,1830.000000,1829.000000,1309.000000,1872.000000,2490.000000,0.000000,0.000000,0.000000,0.000000,0.000000,0.000000,0.000000,0.000000,0.000000,0.120000,9.530000,2.290000,0.010000,0.000000,0.000000,27.690000,-3.690000,-31.750000
1.376000,151293.000000,30.000000,1884.000000,1859.000000,1216.000000,1918.000000,2121.000000,0.000000,0.000000,0.000000,0.000000,0.000000,0.000000,0.000000,0.000000,0.000000,0.120000,9.530000,2.290000,0.010000,0.000000,0.000000,27.690000,-3.690000,-31.750000
1.378000,151294.000000,0.000000,1932.000000,1899.000000,976.000000,1950.000000,1445.000000,0.000000,0.000000,0.000000,0.000000,0.000000,0.000000,0.000000,0.000000,0.000000,0.120000,9.530000,2.290000,0.010000,0.000000,0.000000,27.690000,-3.690000,-31.750000
1.380000,151295.000000,560.000000,1904.000000,1889.000000,656.000000,1913.000000,1306.000000,0.000000,0.000000,0.000000,0.000000,0.000000,0.000000,0.000000,0.000000,0.000000,0.120000,9.530000,2.290000,0.010000,0.000000,0.000000,27.690000,-3.690000,-31.750000
1.382000,151296.000000,0.000000,1873.000000,1859.000000,474.000000,1914.000000,1350.000000,0.000000,0.000000,0.000000,0.000000,0.000000,0.000000,0.000000,0.000000,0.000000,0.120000,9.530000,2.290000,0.010000,0.000000,0.000000,27.690000,-3.690000,-31.750000
1.384000,151297.000000,0.000000,1829.000000,1810.000000,590.000000,1875.000000,1609.000000,0.000000,0.000000,0.000000,0.000000,0.000000,0.000000,0.000000,0.000000,0.000000,0.120000,9.530000,2.290000,0.010000,0.000000,0.000000,27.690000,-3.690000,-31.750000
1.386000,151298.000000,0.000000,1825.000000,1849.000000,694.000000,1841.000000,1712.000000,0.000000,0.000000,0.000000,0.000000,0.000000,0.000000,0.000000,0.000000,0.000000,0.120000,9.530000,2.290000,0.010000,0.000000,0.000000,27.690000,-3.690000,-31.750000
1.388000,151299.000000,0.000000,1818.000000,1855.000000,751.000000,1829.000000,1786.000000,0.000000,0.000000,0.000000,0.000000,0.000000,0.000000,0.000000,0.000000,0.000000,0.120000,9.530000,2.290000,0.010000,0.000000,0.000000,27.690000,-3.690000,-31.750000
1.390000,151300.000000,582.000000,1807.000000,1819.000000,832.000000,1845.000000,1883.000000,0.000000,0.000000,0.000000,0.000000,0.000000,0.000000,0.000000,0.000000,0.000000,0.130000,9.540000,2.320000,0.000000,0.000000,0.000000,26.560000,-3.250000,-32.560000
1.392000,151301.000000,71.000000,1789.000000,1828.000000,1117.000000,1845.000000,2547.000000,0.000000,0.000000,0.000000,0.000000,0.000000,0.000000,0.000000,0.000000,0.000000,0.130000,9.540000,2.320000,0.000000,0.000000,0.000000,26.560000,-3.250000,-32.560000
1.394000,151302.000000,63.000000,1862.000000,1835.000000,1321.000000,1893.000000,2448.000000,0.000000,0.000000,0.000000,0.000000,0.000000,0.000000,0.000000,0.000000,0.000000,0.130000,9.540000,2.320000,0.000000,0.000000,0.000000,26.560000,-3.250000,-32.560000
1.396000,151303.000000,30.000000,1883.000000,1903.000000,1214.000000,1885.000000,2133.000000,0.000000,0.000000,0.000000,0.000000,0.000000,0.000000,0.000000,0.000000,0.000000,0.130000,9.540000,2.320000,0.000000,0.000000,0.000000,26.560000,-3.250000,-32.560000
1.398000,151304.000000,0.000000,1920.000000,1907.000000,950.000000,1919.000000,1447.000000,0.000000,0.000000,0.000000,0.000000,0.000000,0.000000,0.000000,0.000000,0.000000,0.130000,9.540000,2.320000,0.000000,0.000000,0.000000,26.560000,-3.250000,-32.560000
1.400000,151305.000000,561.000000,1915.000000,1908.000000,669.000000,1904.000000,1290.000000,0.000000,0.000000,0.000000,0.000000,0.000000,0.000000,0.000000,0.000000,0.000000,0.090000,9.530000,2.320000,0.000000,0.000000,0.000000,26.560000,-3.250000,-32.560000
1.402000,151306.000000,0.000000,1883.000000,1866.000000,501.000000,1904.000000,1360.000000,0.000000,0.000000,0.000000,0.000000,0.000000,0.000000,0.000000,0.000000,0.000000,0.090000,9.530000,2.320000,0.000000,0.000000,0.000000,26.560000,-3.250000,-32.560000
1.404000,151307.000000,0.000000,1825.000000,1856.000000,601.000000,1870.000000,1598.000000,0.000000,0.000000,0.000000,0.000000,0.000000,0.000000,0.000000,0.000000,0.000000,0.090000,9.530000,2.320000,0.000000,0.000000,0.000000,26.560000,-3.250000,-32.560000
1.406000,151308.000000,0.000000,1827.000000,1856.000000,687.000000,1862.000000,1701.000000,0.000000,0.000000,0.000000,0.000000,0.000000,0.000000,0.000000,0.000000,0.000000,0.090000,9.530000,2.320000,0.000000,0.000000,0.000000,26.560000,-3.250000,-32.560000
1.408000,151309.000000,0.000000,1826.000000,1808.000000,765.000000,1825.000000,1797.000000,0.000000,0.000000,0.000000,0.000000,0.000000,0.000000,0.000000,0.000000,0.000000,0.090000,9.530000,2.320000,0.000000,0.000000,0.000000,26.560000,-3.250000,-32.560000
1.410000,151310.000000,492.000000,1808.000000,1818.000000,813.000000,1840.000000,1851.000000,0.000000,0.000000,0.000000,0.000000,0.000000,0.000000,0.000000,0.000000,0.000000,0.090000,9.520000,2.200000,0.000000,0.010000,0.000000,26.560000,-3.250000,-32.560000
1.412000,151311.000000,64.000000,1819.000000,1840.000000,1105.000000,1856.000000,2555.000000,0.000000,0.000000,0.000000,0.000000,0.000000,0.000000,0.000000,0.000000,0.000000,0.090000,9.520000,2.200000,0.000000,0.010000,0.000000,26.560000,-3.250000,-32.560000
1.414000,151312.000000,64.000000,1854.000000,1867.000000,1302.000000,1861.000000,2461.000000,0.000000,0.000000,0.000000,0.000000,0.000000,0.000000,0.000000,0.000000,0.000000,0.090000,9.520000,2.200000,0.000000,0.010000,0.000000,26.560000,-3.250000,-32.560000
1.416000,151313.000000,33.000000,1919.000000,1853.000000,1222.000000,1894.000000,2157.000000,0.000000,0.000000,0.000000,0.000000,0.000000,0.000000,0.000000,0.000000,0.000000,0.090000,9.520000,2.200000,0.000000,0.010000,0.000000,26.560000,-3.250000,-32.560000
1.418000,151314.000000,0.000000,1936.000000,1874.000000,964.000000,1915.000000,1436.000000,0.000000,0.000000,0.000000,0.000000,0.000000,0.000000,0.000000,0.000000,0.000000,0.090000,9.520000,2.200000,0.000000,0.010000,0.000000,26.560000,-3.250000,-32.560000
1.420000,151315.000000,560.000000,1921.000000,1903.000000,661.000000,1920.000000,1282.000000,0.000000,0.000000,0.000000,0.000000,0.000000,0.000000,0.000000,0.000000,0.000000,0.130000,9.510000,2.310000,0.000000,0.010000,0.000000,26.560000,-3.250000,-32.560000
1.422000,151316.000000,0.000000,1878.000000,1879.000000,496.000000,1883.000000,1346.000000,0.000000,0.000000,0.000000,0.000000,0.000000,0.000000,0.000000,0.000000,0.000000,0.130000,9.510000,2.310000,0.000000,0.010000,0.000000,26.560000,-3.250000,-32.560000
1.424000,151317.000000,0.000000,1840.000000,1857.000000,586.000000,1858.000000,1596.000000,0.000000,0.000000,0.000000,0.000000,0.000000,0.000000,0.000000,0.000000,0.000000,0.130000,9.510000,2.310000,0.000000,0.010000,0.000000,26.560000,-3.250000,-32.560000
1.426000,151318.000000,0.000000,1825.000000,1811.000000,683.000000,1850.000000,1710.000000,0.000000,0.000000,0.000000,0.000000,0.000000,0.000000,0.000000,0.000000,0.000000,0.130000,9.510000,2.310000,0.000000,0.010000,0.000000,26.560000,-3.250000,-32.560000
1.428000,151319.000000,0.000000,1808.000000,1808.000000,744.000000,1841.000000,1795.000000,0.000000,0.000000,0.000000,0.000000,0.000000,0.000000,0.000000,0.000000,0.000000,0.130000,9.510000,2.310000,0.000000,0.010000,0.000000,26.560000,-3.250000,-32.560000
1.430000,151320.000000,579.000000,1803.000000,1829.000000,821.000000,1840.000000,1858.000000,0.000000,0.000000,0.000000,0.000000,0.000000,0.000000,0.000000,0.000000,0.000000,0.130000,9.510000,2.310000,0.000000,0.010000,0.000000,26.560000,-3.250000,-32.560000
1.432000,151321.000000,72.000000,1825.000000,1808.000000,1082.000000,1871.000000,2544.000000,0.000000,0.000000,0.000000,0.000000,0.000000,0.000000,0.000000,0.000000,0.000000,0.130000,9.510000,2.310000,0.000000,0.010000,0.000000,26.560000,-3.250000,-32.560000
1.434000,151322.000000,55.000000,1853.000000,1841.000000,1312.000000,1878.000000,2474.000000,0.000000,0.000000,0.000000,0.000000,0.000000,0.000000,0.000000,0.000000,0.000000,0.130000,9.510000,2.310000,0.000000,0.010000,0.000000,26.560000,-3.250000,-32.560000
1.436000,151323.000000,33.000000,1872.000000,1857.000000,1222.000000,1889.000000,2140.000000,0.000000,0.000000,0.000000,0.000000,0.000000,0.000000,0.000000,0.000000,0.000000,0.130000,9.510000,2.310000,0.000000,0.010000,0.000000,26.560000,-3.250000,-32.560000
1.438000,151324.000000,0.000000,1862.000000,1854.000000,943.000000,1935.000000,1463.000000,0.000000,0.000000,0.000000,0.000000,0.000000,0.000000,0.000000,0.000000,0.000000,0.130000,9.510000,2.310000,0.000000,0.010000,0.000000,26.560000,-3.250000,-32.560000
1.440000,151325.000000,0.000000,1918.000000,1884.000000,639.000000,1927.000000,1313.000000,0.000000,0.000000,0.000000,0.000000,0.000000,0.000000,0.000000,0.000000,0.000000,0.110000,9.510000,2.260000,-0.010000,0.000000,0.000000,26.880000,-4.060000,-31.380000
1.442000,151326.000000,0.000000,1867.000000,1867.000000,496.000000,1890.000000,1331.000000,0.000000,0.000000,0.000000,0.000000,0.000000,0.000000,0.000000,0.000000,0.000000,0.110000,9.510000,2.260000,-0.010000,0.000000,0.000000,26.880000,-4.060000,-31.380000
1.444000,151327.000000,0.000000,1833.000000,1802.000000,581.000000,1854.000000,1581.000000,0.000000,0.000000,0.000000,0.000000,0.000000,0.000000,0.000000,0.000000,0.000000,0.110000,9.510000,2.260000,-0.010000,0.000000,0.000000,26.880000,-4.060000,-31.380000
1.446000,151328.000000,0.000000,1804.000000,1789.000000,667.000000,1852.000000,1712.000000,0.000000,0.000000,0.000000,0.000000,0.000000,0.000000,0.000000,0.000000,0.000000,0.110000,9.510000,2.260000,-0.010000,0.000000,0.000000,26.880000,-4.060000,-31.380000
1.448000,151329.000000,0.000000,1807.000000,1805.000000,765.000000,1856.000000,1815.000000,0.000000,0.000000,0.000000,0.000000,0.000000,0.000000,0.000000,0.000000,0.000000,0.110000,9.510000,2.260000,-0.010000,0.000000,0.000000,26.880000,-4.060000,-31.380000
1.450000,151330.000000,576.000000,1792.000000,1797.000000,817.000000,1839.000000,1839.000000,0.000000,0.000000,0.000000,0.000000,0.000000,0.000000,0.000000,0.000000,0.000000,0.110000,9.510000,2.260000,-0.010000,0.010000,0.000000,26.880000,-4.060000,-31.380000
1.452000,151331.000000,70.000000,1792.000000,1761.000000,1084.000000,1852.000000,2533.000000,0.000000,0.000000,0.000000,0.000000,0.000000,0.000000,0.000000,0.000000,0.000000,0.110000,9.510000,2.260000,-0.010000,0.010000,0.000000,26.880000,-4.060000,-31.380000
1.454000,151332.000000,61.000000,1855.000000,1808.000000,1313.000000,1865.000000,2459.000000,0.000000,0.000000,0.000000,0.000000,0.000000,0.000000,0.000000,0.000000,0.000000,0.110000,9.510000,2.260000,-0.010000,0.010000,0.000000,26.880000,-4.060000,-31.380000
1.456000,151333.000000,35.000000,1890.000000,1831.000000,1219.000000,1885.000000,2125.000000,0.000000,0.000000,0.000000,0.000000,0.000000,0.000000,0.000000,0.000000,0.000000,0.110000,9.510000,2.260000,-0.010000,0.010000,0.000000,26.880000,-4.060000,-31.380000
1.458000,151334.000000,0.000000,1907.000000,1863.000000,975.000000,1929.000000,1469.000000,0.000000,0.000000,0.000000,0.000000,0.000000,0.000000,0.000000,0.000000,0.000000,0.110000,9.510000,2.260000,-0.010000,0.010000,0.000000,26.880000,-4.060000,-31.380000
1.460000,151335.000000,290.000000,1893.000000,1844.000000,681.000000,1910.000000,1291.000000,0.000000,0.000000,0.000000,0.000000,0.000000,0.000000,0.000000,0.000000,0.000000,0.120000,9.510000,2.190000,-0.010000,0.000000,0.000000,26.880000,-4.060000,-31.380000
1.462000,151336.000000,0.000000,1872.000000,1811.000000,491.000000,1857.000000,1344.000000,0.000000,0.000000,0.000000,0.000000,0.000000,0.000000,0.000000,0.000000,0.000000,0.120000,9.510000,2.190000,-0.010000,0.000000,0.000000,26.880000,-4.060000,-31.380000
1.464000,151337.000000,0.000000,1841.000000,1790.000000,578.000000,1856.000000,1587.000000,0.000000,0.000000,0.000000,0.000000,0.000000,0.000000,0.000000,0.000000,0.000000,0.120000,9.510000,2.190000,-0.010000,0.000000,0.000000,26.880000,-4.060000,-31.380000
1.466000,151338.000000,0.000000,1808.000000,1793.000000,688.000000,1840.000000,1701.000000,0.000000,0.000000,0.000000,0.000000,0.000000,0.000000,0.000000,0.000000,0.000000,0.120000,9.510000,2.190000,-0.010000,0.000000,0.000000,26.880000,-4.060000,-31.380000
1.468000,151339.000000,0.000000,1795.000000,1779.000000,747.000000,1840.000000,1787.000000,0.000000,0.000000,0.000000,0.000000,0.000000,0.000000,0.000000,0.000000,0.000000,0.120000,9.510000,2.190000,-0.010000,0.000000,0.000000,26.880000,-4.060000,-31.380000
1.470000,151340.000000,561.000000,1787.000000,1785.000000,813.000000,1807.000000,1856.000000,0.000000,0.000000,0.000000,0.000000,0.000000,0.000000,0.000000,0.000000,0.000000,0.130000,9.560000,2.270000,-0.010000,0.000000,0.000000,26.880000,-4.060000,-31.380000
1.472000,151341.000000,69.000000,1803.000000,1785.000000,1099.000000,1827.000000,2557.000000,0.000000,0.000000,0.000000,0.000000,0.000000,0.000000,0.000000,0.000000,0.000000,0.130000,9.560000,2.270000,-0.010000,0.000000,0.000000,26.880000,-4.060000,-31.380000
1.474000,151342.000000,64.000000,1850.000000,1791.000000,1318.000000,1872.000000,2471.000000,0.000000,0.000000,0.000000,0.000000,0.000000,0.000000,0.000000,0.000000,0.000000,0.130000,9.560000,2.270000,-0.010000,0.000000,0.000000,26.880000,-4.060000,-31.380000
1.476000,151343.000000,23.000000,1872.000000,1856.000000,1227.000000,1904.000000,2143.000000,0.000000,0.000000,0.000000,0.000000,0.000000,0.000000,0.000000,0.000000,0.000000,0.130000,9.560000,2.270000,-0.010000,0.000000,0.000000,26.880000,-4.060000,-31.380000
1.478000,151344.000000,0.000000,1899.000000,1833.000000,976.000000,1925.000000,1456.000000,0.000000,0.000000,0.000000,0.000000,0.000000,0.000000,0.000000,0.000000,0.000000,0.130000,9.560000,2.270000,-0.010000,0.000000,0.000000,26.880000,-4.060000,-31.380000
1.480000,151345.000000,383.000000,1894.000000,1843.000000,682.000000,1904.000000,1278.000000,0.000000,0.000000,0.000000,0.000000,0.000000,0.000000,0.000000,0.000000,0.000000,0.130000,9.560000,2.270000,-0.010000,0.000000,0.000000,26.880000,-4.060000,-31.380000
1.482000,151346.000000,0.000000,1856.000000,1844.000000,525.000000,1867.000000,1343.000000,0.000000,0.000000,0.000000,0.000000,0.000000,0.000000,0.000000,0.000000,0.000000,0.130000,9.560000,2.270000,-0.010000,0.000000,0.000000,26.880000,-4.060000,-31.380000
1.484000,151347.000000,0.000000,1826.000000,1787.000000,592.000000,1840.000000,1591.000000,0.000000,0.000000,0.000000,0.000000,0.000000,0.000000,0.000000,0.000000,0.000000,0.130000,9.560000,2.270000,-0.010000,0.000000,0.000000,26.880000,-4.060000,-31.380000
1.486000,151348.000000,0.000000,1803.000000,1788.000000,666.000000,1795.000000,1693.000000,0.000000,0.000000,0.000000,0.000000,0.000000,0.000000,0.000000,0.000000,0.000000,0.130000,9.560000,2.270000,-0.010000,0.000000,0.000000,26.880000,-4.060000,-31.380000
1.488000,151349.000000,0.000000,1793.000000,1787.000000,773.000000,1813.000000,1798.000000,0.000000,0.000000,0.000000,0.000000,0.000000,0.000000,0.000000,0.000000,0.000000,0.130000,9.560000,2.270000,-0.010000,0.000000,0.000000,26.880000,-4.060000,-31.380000
1.490000,151350.000000,3.000000,1806.000000,1770.000000,840.000000,1787.000000,1892.000000,0.000000,0.000000,0.000000,0.000000,0.000000,0.000000,0.000000,0.000000,0.000000,0.120000,9.520000,2.280000,-0.010000,0.010000,0.000000,27.250000,-3.690000,-31.000000
1.492000,151351.000000,62.000000,1805.000000,1726.000000,1101.000000,1799.000000,2526.000000,0.000000,0.000000,0.000000,0.000000,0.000000,0.000000,0.000000,0.000000,0.000000,0.120000,9.520000,2.280000,-0.010000,0.010000,0.000000,27.250000,-3.690000,-31.000000
1.494000,151352.000000,64.000000,1841.000000,1776.000000,1315.000000,1811.000000,2494.000000,0.000000,0.000000,0.000000,0.000000,0.000000,0.000000,0.000000,0.000000,0.000000,0.120000,9.520000,2.280000,-0.010000,0.010000,0.000000,27.250000,-3.690000,-31.000000
1.496000,151353.000000,30.000000,1892.000000,1808.000000,1225.000000,1866.000000,2139.000000,0.000000,0.000000,0.000000,0.000000,0.000000,0.000000,0.000000,0.000000,0.000000,0.120000,9.520000,2.280000,-0.010000,0.010000,0.000000,27.250000,-3.690000,-31.000000
1.498000,151354.000000,0.000000,1911.000000,1834.000000,980.000000,1872.000000,1447.000000,0.000000,0.000000,0.000000,0.000000,0.000000,0.000000,0.000000,0.000000,0.000000,0.120000,9.520000,2.280000,-0.010000,0.010000,0.000000,27.250000,-3.690000,-31.000000
1.500000,151355.000000,559.000000,1897.000000,1808.000000,672.000000,1839.000000,1259.000000,0.000000,0.000000,0.000000,0.000000,0.000000,0.000000,0.000000,0.000000,0.000000,0.100000,9.550000,2.240000,-0.010000,0.010000,0.000000,27.250000,-3.690000,-31.000000
1.502000,151356.000000,0.000000,1847.000000,1804.000000,499.000000,1826.000000,1330.000000,0.000000,0.000000,0.000000,0.000000,0.000000,0.000000,0.000000,0.000000,0.000000,0.100000,9.550000,2.240000,-0.010000,0.010000,0.000000,27.250000,-3.690000,-31.000000
1.504000,151357.000000,0.000000,1813.000000,1769.000000,593.000000,1815.000000,1582.000000,0.000000,0.000000,0.000000,0.000000,0.000000,0.000000,0.000000,0.000000,0.000000,0.100000,9.550000,2.240000,-0.010000,0.010000,0.000000,27.250000,-3.690000,-31.000000
1.506000,151358.000000,0.000000,1802.000000,1750.000000,656.000000,1785.000000,1679.000000,0.000000,0.000000,0.000000,0.000000,0.000000,0.000000,0.000000,0.000000,0.000000,0.100000,9.550000,2.240000,-0.010000,0.010000,0.000000,27.250000,-3.690000,-31.000000
1.508000,151359.000000,2.000000,1787.000000,1746.000000,766.000000,1777.000000,1779.000000,0.000000,0.000000,0.000000,0.000000,0.000000,0.000000,0.000000,0.000000,0.000000,0.100000,9.550000,2.240000,-0.010000,0.010000,0.000000,27.250000,-3.690000,-31.000000
1.510000,151360.000000,494.000000,1776.000000,1744.000000,822.000000,1767.000000,1864.000000,0.000000,0.000000,0.000000,0.000000,0.000000,0.000000,0.000000,0.000000,0.000000,0.120000,9.530000,2.170000,-0.010000,0.010000,0.000000,27.250000,-3.690000,-31.000000
1.512000,151361.000000,69.000000,1785.000000,1729.000000,1084.000000,1776.000000,2517.000000,0.000000,0.000000,0.000000,0.000000,0.000000,0.000000,0.000000,0.000000,0.000000,0.120000,9.530000,2.170000,-0.010000,0.010000,0.000000,27.250000,-3.690000,-31.000000
1.514000,151362.000000,63.000000,1826.000000,1749.000000,1307.000000,1813.000000,2488.000000,0.000000,0.000000,0.000000,0.000000,0.000000,0.000000,0.000000,0.000000,0.000000,0.120000,9.530000,2.170000,-0.010000,0.010000,0.000000,27.250000,-3.690000,-31.000000
1.516000,151363.000000,33.000000,1835.000000,1789.000000,1225.000000,1829.000000,2151.000000,0.000000,0.000000,0.000000,0.000000,0.000000,0.000000,0.000000,0.000000,0.000000,0.120000,9.530000,2.170000,-0.010000,0.010000,0.000000,27.250000,-3.690000,-31.000000
1.518000,151364.000000,0.000000,1877.000000,1801.000000,976.000000,1877.000000,1459.000000,0.000000,0.000000,0.000000,0.000000,0.000000,0.000000,0.000000,0.000000,0.000000,0.120000,9.530000,2.170000,-0.010000,0.010000,0.000000,27.250000,-3.690000,-31.000000
1.520000,151365.000000,444.000000,1861.000000,1794.000000,675.000000,1852.000000,1259.000000,0.000000,0.000000,0.000000,0.000000,0.000000,0.000000,0.000000,0.000000,0.000000,0.100000,9.560000,2.240000,0.000000,0.000000,-0.010000,27.250000,-3.690000,-31.000000
1.522000,151366.000000,0.000000,1825.000000,1771.000000,483.000000,1837.000000,1323.000000,0.000000,0.000000,0.000000,0.000000,0.000000,0.000000,0.000000,0.000000,0.000000,0.100000,9.560000,2.240000,0.000000,0.000000,-0.010000,27.250000,-3.690000,-31.000000
1.524000,151367.000000,0.000000,1795.000000,1759.000000,583.000000,1795.000000,1565.000000,0.000000,0.000000,0.000000,0.000000,0.000000,0.000000,0.000000,0.000000,0.000000,0.100000,9.560000,2.240000,0.000000,0.000000,-0.010000,27.250000,-3.690000,-31.000000
1.526000,151368.000000,0.000000,1778.000000,1729.000000,689.000000,1778.000000,1691.000000,0.000000,0.000000,0.000000,0.000000,0.000000,0.000000,0.000000,0.000000,0.000000,0.100000,9.560000,2.240000,0.000000,0.000000,-0.010000,27.250000,-3.690000,-31.000000
1.528000,151369.000000,0.000000,1760.000000,1733.000000,755.000000,1799.000000,1787.000000,0.000000,0.000000,0.000000,0.000000,0.000000,0.000000,0.000000,0.000000,0.000000,0.100000,9.560000,2.240000,0.000000,0.000000,-0.010000,27.250000,-3.690000,-31.000000
1.530000,151370.000000,15.000000,1754.000000,1712.000000,818.000000,1790.000000,1862.000000,0.000000,0.000000,0.000000,0.000000,0.000000,0.000000,0.000000,0.000000,0.000000,0.100000,9.550000,2.250000,-0.010000,-0.010000,-0.010000,27.250000,-3.690000,-31.000000
1.532000,151371.000000,51.000000,1757.000000,1734.000000,1060.000000,1779.000000,2523.000000,0.000000,0.000000,0.000000,0.000000,0.000000,0.000000,0.000000,0.000000,0.000000,0.100000,9.550000,2.250000,-0.010000,-0.010000,-0.010000,27.250000,-3.690000,-31.000000
1.534000,151372.000000,53.000000,1792.000000,1751.000000,1282.000000,1795.000000,2480.000000,0.000000,0.000000,0.000000,0.000000,0.000000,0.000000,0.000000,0.000000,0.000000,0.100000,9.550000,2.250000,-0.010000,-0.010000,-0.010000,27.250000,-3.690000,-31.000000
1.536000,151373.000000,29.000000,1855.000000,1791.000000,1217.000000,1855.000000,2135.000000,0.000000,0.000000,0.000000,0.000000,0.000000,0.000000,0.000000,0.000000,0.000000,0.100000,9.550000,2.250000,-0.010000,-0.010000,-0.010000,27.250000,-3.690000,-31.000000
1.538000,151374.000000,0.000000,1875.000000,1825.000000,966.000000,1875.000000,1477.000000,0.000000,0.000000,0.000000,0.000000,0.000000,0.000000,0.000000,0.000000,0.000000,0.100000,9.550000,2.250000,-0.010000,-0.010000,-0.010000,27.250000,-3.690000,-31.000000
1.540000,151375.000000,532.000000,1843.000000,1798.000000,651.000000,1877.000000,1258.000000,0.000000,0.000000,0.000000,0.000000,0.000000,0.000000,0.000000,0.000000,0.000000,0.100000,9.570000,2.280000,0.000000,-0.010000,-0.010000,26.880000,-4.060000,-32.190000
1.542000,151376.000000,0.000000,1831.000000,1790.000000,483.000000,1841.000000,1322.000000,0.000000,0.000000,0.000000,0.000000,0.000000,0.000000,0.000000,0.000000,0.000000,0.100000,9.570000,2.280000,0.000000,-0.010000,-0.010000,26.880000,-4.060000,-32.190000
1.544000,151377.000000,0.000000,1787.000000,1776.000000,575.000000,1796.000000,1563.000000,0.000000,0.000000,0.000000,0.000000,0.000000,0.000000,0.000000,0.000000,0.000000,0.100000,9.570000,2.280000,0.000000,-0.010000,-0.010000,26.880000,-4.060000,-32.190000
1.546000,151378.000000,0.000000,1772.000000,1744.000000,663.000000,1798.000000,1693.000000,0.000000,0.000000,0.000000,0.000000,0.000000,0.000000,0.000000,0.000000,0.000000,0.100000,9.570000,2.280000,0.000000,-0.010000,-0.010000,26.880000,-4.060000,-32.190000
1.548000,151379.000000,0.000000,1757.000000,1755.000000,754.000000,1806.000000,1791.000000,0.000000,0.000000,0.000000,0.000000,0.000000,0.000000,0.000000,0.000000,0.000000,0.100000,9.570000,2.280000,0.000000,-0.010000,-0.010000,26.880000,-4.060000,-32.190000
1.550000,151380.000000,565.000000,1758.000000,1712.000000,813.000000,1807.000000,1853.000000,0.000000,0.000000,0.000000,0.000000,0.000000,0.000000,0.000000,0.000000,0.000000,0.140000,9.510000,2.310000,-0.010000,-0.010000,-0.010000,26.880000,-4.060000,-32.190000
1.552000,151381.000000,66.000000,1766.000000,1730.000000,1067.000000,1804.000000,2544.000000,0.000000,0.000000,0.000000,0.000000,0.000000,0.000000,0.000000,0.000000,0.000000,0.140000,9.510000,2.310000,-0.010000,-0.010000,-0.010000,26.880000,-4.060000,-32.190000
1.554000,151382.000000,63.000000,1806.000000,1774.000000,1305.000000,1814.000000,2483.000000,0.000000,0.000000,0.000000,0.000000,0.000000,0.000000,0.000000,0.000000,0.000000,0.140000,9.510000,2.310000,-0.010000,-0.010000,-0.010000,26.880000,-4.060000,-32.190000
1.556000,151383.000000,31.000000,1840.000000,1775.000000,1250.000000,1868.000000,2146.000000,0.000000,0.000000,0.000000,0.000000,0.000000,0.000000,0.000000,0.000000,0.000000,0.140000,9.510000,2.310000,-0.010000,-0.010000,-0.010000,26.880000,-4.060000,-32.190000
1.558000,151384.000000,0.000000,1853.000000,1777.000000,976.000000,1858.000000,1473.000000,0.000000,0.000000,0.000000,0.000000,0.000000,0.000000,0.000000,0.000000,0.000000,0.140000,9.510000,2.310000,-0.010000,-0.010000,-0.010000,26.880000,-4.060000,-32.190000
1.560000,151385.000000,534.000000,1858.000000,1806.000000,653.000000,1827.000000,1261.000000,0.000000,0.000000,0.000000,0.000000,0.000000,0.000000,0.000000,0.000000,0.000000,0.160000,9.540000,2.230000,-0.010000,-0.010000,-0.010000,26.880000,-4.060000,-32.190000
1.562000,151386.000000,0.000000,1831.000000,1776.000000,508.000000,1846.000000,1353.000000,0.000000,0.000000,0.000000,0.000000,0.000000,0.000000,0.000000,0.000000,0.000000,0.160000,9.540000,2.230000,-0.010000,-0.010000,-0.010000,26.880000,-4.060000,-32.190000
1.564000,151387.000000,0.000000,1808.000000,1762.000000,581.000000,1813.000000,1584.000000,0.000000,0.000000,0.000000,0.000000,0.000000,0.000000,0.000000,0.000000,0.000000,0.160000,9.540000,2.230000,-0.010000,-0.010000,-0.010000,26.880000,-4.060000,-32.190000
1.566000,151388.000000,0.000000,1789.000000,1732.000000,667.000000,1805.000000,1685.000000,0.000000,0.000000,0.000000,0.000000,0.000000,0.000000,0.000000,0.000000,0.000000,0.160000,9.540000,2.230000,-0.010000,-0.010000,-0.010000,26.880000,-4.060000,-32.190000
1.568000,151389.000000,0.000000,1789.000000,1735.000000,752.000000,1797.000000,1779.000000,0.000000,0.000000,0.000000,0.000000,0.000000,0.000000,0.000000,0.000000,0.000000,0.160000,9.540000,2.230000,-0.010000,-0.010000,-0.010000,26.880000,-4.060000,-32.190000
1.570000,151390.000000,538.000000,1776.000000,1728.000000,827.000000,1774.000000,1847.000000,0.000000,0.000000,0.000000,0.000000,0.000000,0.000000,0.000000,0.000000,0.000000,0.180000,9.540000,2.270000,-0.010000,-0.010000,-0.010000,26.880000,-4.060000,-32.190000
1.572000,151391.000000,67.000000,1761.000000,1739.000000,1059.000000,1782.000000,2530.000000,0.000000,0.000000,0.000000,0.000000,0.000000,0.000000,0.000000,0.000000,0.000000,0.180000,9.540000,2.270000,-0.010000,-0.010000,-0.010000,26.880000,-4.060000,-32.190000
1.574000,151392.000000,61.000000,1805.000000,1762.000000,1289.000000,1811.000000,2484.000000,0.000000,0.000000,0.000000,0.000000,0.000000,0.000000,0.000000,0.000000,0.000000,0.180000,9.540000,2.270000,-0.010000,-0.010000,-0.010000,26.880000,-4.060000,-32.190000
1.576000,151393.000000,32.000000,1867.000000,1785.000000,1234.000000,1831.000000,2160.000000,0.000000,0.000000,0.000000,0.000000,0.000000,0.000000,0.000000,0.000000,0.000000,0.180000,9.540000,2.270000,-0.010000,-0.010000,-0.010000,26.880000,-4.060000,-32.190000
1.578000,151394.000000,0.000000,1886.000000,1829.000000,978.000000,1869.000000,1471.000000,0.000000,0.000000,0.000000,0.000000,0.000000,0.000000,0.000000,0.000000,0.000000,0.180000,9.540000,2.270000,-0.010000,-0.010000,-0.010000,26.880000,-4.060000,-32.190000
1.580000,151395.000000,0.000000,1846.000000,1834.000000,656.000000,1863.000000,1289.000000,0.000000,0.000000,0.000000,0.000000,0.000000,0.000000,0.000000,0.000000,0.000000,0.160000,9.560000,2.280000,-0.020000,0.000000,-0.010000,26.880000,-4.060000,-32.190000
1.582000,151396.000000,0.000000,1821.000000,1801.000000,501.000000,1840.000000,1304.000000,0.000000,0.000000,0.000000,0.000000,0.000000,0.000000,0.000000,0.000000,0.000000,0.160000,9.560000,2.280000,-0.020000,0.000000,-0.010000,26.880000,-4.060000,-32.190000
1.584000,151397.000000,0.000000,1808.000000,1791.000000,576.000000,1808.000000,1553.000000,0.000000,0.000000,0.000000,0.000000,0.000000,0.000000,0.000000,0.000000,0.000000,0.160000,9.560000,2.280000,-0.020000,0.000000,-0.010000,26.880000,-4.060000,-32.190000
1.586000,151398.000000,0.000000,1775.000000,1740.000000,671.000000,1799.000000,1686.000000,0.000000,0.000000,0.000000,0.000000,0.000000,0.000000,0.000000,0.000000,0.000000,0.160000,9.560000,2.280000,-0.020000,0.000000,-0.010000,26.880000,-4.060000,-32.190000
1.588000,151399.000000,0.000000,1787.000000,1737.000000,751.000000,1783.000000,1785.000000,0.000000,0.000000,0.000000,0.000000,0.000000,0.000000,0.000000,0.000000,0.000000,0.160000,9.560000,2.280000,-0.020000,0.000000,-0.010000,26.880000,-4.060000,-32.190000
1.590000,151400.000000,561.000000,1773.000000,1747.000000,791.000000,1797.000000,1855.000000,0.000000,0.000000,0.000000,0.000000,0.000000,0.000000,0.000000,0.000000,0.000000,0.170000,9.550000,2.300000,-0.010000,0.000000,-0.010000,27.250000,-4.060000,-31.750000
1.592000,151401.000000,66.000000,1765.000000,1751.000000,1057.000000,1789.000000,2526.000000,0.000000,0.000000,0.000000,0.000000,0.000000,0.000000,0.000000,0.000000,0.000000,0.170000,9.550000,2.300000,-0.010000,0.000000,-0.010000,27.250000,-4.060000,-31.750000
1.594000,151402.000000,74.000000,1808.000000,1777.000000,1278.000000,1828.000000,2455.000000,0.000000,0.000000,0.000000,0.000000,0.000000,0.000000,0.000000,0.000000,0.000000,0.170000,9.550000,2.300000,-0.010000,0.000000,-0.010000,27.250000,-4.060000,-31.750000
1.596000,151403.000000,36.000000,1845.000000,1806.000000,1222.000000,1840.000000,2129.000000,0.000000,0.000000,0.000000,0.000000,0.000000,0.000000,0.000000,0.000000,0.000000,0.170000,9.550000,2.300000,-0.010000,0.000000,-0.010000,27.250000,-4.060000,-31.750000
1.598000,151404.000000,0.000000,1904.000000,1823.000000,983.000000,1882.000000,1471.000000,0.000000,0.000000,0.000000,0.000000,0.000000,0.000000,0.000000,0.000000,0.000000,0.170000,9.550000,2.300000,-0.010000,0.000000,-0.010000,27.250000,-4.060000,-31.750000
1.600000,151405.000000,547.000000,1904.000000,1814.000000,649.000000,1872.000000,1255.000000,0.000000,0.000000,0.000000,0.000000,0.000000,0.000000,0.000000,0.000000,0.000000,0.140000,9.560000,2.260000,-0.010000,0.000000,-0.010000,27.250000,-4.060000,-31.750000
1.602000,151406.000000,0.000000,1863.000000,1815.000000,496.000000,1861.000000,1307.000000,0.000000,0.000000,0.000000,0.000000,0.000000,0.000000,0.000000,0.000000,0.000000,0.140000,9.560000,2.260000,-0.010000,0.000000,-0.010000,27.250000,-4.060000,-31.750000
1.604000,151407.000000,0.000000,1808.000000,1801.000000,560.000000,1819.000000,1580.000000,0.000000,0.000000,0.000000,0.000000,0.000000,0.000000,0.000000,0.000000,0.000000,0.140000,9.560000,2.260000,-0.010000,0.000000,-0.010000,27.250000,-4.060000,-31.750000
1.606000,151408.000000,0.000000,1791.000000,1791.000000,658.000000,1803.000000,1664.000000,0.000000,0.000000,0.000000,0.000000,0.000000,0.000000,0.000000,0.000000,0.000000,0.140000,9.560000,2.260000,-0.010000,0.000000,-0.010000,27.250000,-4.060000,-31.750000
1.608000,151409.000000,0.000000,1799.000000,1781.000000,747.000000,1802.000000,1787.000000,0.000000,0.000000,0.000000,0.000000,0.000000,0.000000,0.000000,0.000000,0.000000,0.140000,9.560000,2.260000,-0.010000,0.000000,-0.010000,27.250000,-4.060000,-31.750000
1.610000,151410.000000,264.000000,1779.000000,1775.000000,805.000000,1809.000000,1840.000000,0.000000,0.000000,0.000000,0.000000,0.000000,0.000000,0.000000,0.000000,0.000000,0.130000,9.560000,2.210000,-0.010000,-0.010000,-0.010000,27.250000,-4.060000,-31.750000
1.612000,151411.000000,55.000000,1802.000000,1747.000000,1070.000000,1808.000000,2544.000000,0.000000,0.000000,0.000000,0.000000,0.000000,0.000000,0.000000,0.000000,0.000000,0.130000,9.560000,2.210000,-0.010000,-0.010000,-0.010000,27.250000,-4.060000,-31.750000
1.614000,151412.000000,69.000000,1825.000000,1792.000000,1257.000000,1824.000000,2483.000000,0.000000,0.000000,0.000000,0.000000,0.000000,0.000000,0.000000,0.000000,0.000000,0.130000,9.560000,2.210000,-0.010000,-0.010000,-0.010000,27.250000,-4.060000,-31.750000
1.616000,151413.000000,27.000000,1872.000000,1802.000000,1232.000000,1872.000000,2151.000000,0.000000,0.000000,0.000000,0.000000,0.000000,0.000000,0.000000,0.000000,0.000000,0.130000,9.560000,2.210000,-0.010000,-0.010000,-0.010000,27.250000,-4.060000,-31.750000
1.618000,151414.000000,0.000000,1899.000000,1840.000000,965.000000,1865.000000,1500.000000,0.000000,0.000000,0.000000,0.000000,0.000000,0.000000,0.000000,0.000000,0.000000,0.130000,9.560000,2.210000,-0.010000,-0.010000,-0.010000,27.250000,-4.060000,-31.750000
1.620000,151415.000000,0.000000,1904.000000,1849.000000,642.000000,1856.000000,1305.000000,0.000000,0.000000,0.000000,0.000000,0.000000,0.000000,0.000000,0.000000,0.000000,0.130000,9.530000,2.230000,-0.010000,0.000000,-0.010000,27.250000,-4.060000,-31.750000
1.622000,151416.000000,0.000000,1873.000000,1823.000000,474.000000,1840.000000,1307.000000,0.000000,0.000000,0.000000,0.000000,0.000000,0.000000,0.000000,0.000000,0.000000,0.130000,9.530000,2.230000,-0.010000,0.000000,-0.010000,27.250000,-4.060000,-31.750000
1.624000,151417.000000,0.000000,1808.000000,1808.000000,566.000000,1817.000000,1574.000000,0.000000,0.000000,0.000000,0.000000,0.000000,0.000000,0.000000,0.000000,0.000000,0.130000,9.530000,2.230000,-0.010000,0.000000,-0.010000,27.250000,-4.060000,-31.750000
1.626000,151418.000000,0.000000,1783.000000,1770.000000,656.000000,1815.000000,1698.000000,0.000000,0.000000,0.000000,0.000000,0.000000,0.000000,0.000000,0.000000,0.000000,0.130000,9.530000,2.230000,-0.010000,0.000000,-0.010000,27.250000,-4.060000,-31.750000
1.628000,151419.000000,0.000000,1806.000000,1756.000000,742.000000,1822.000000,1808.000000,0.000000,0.000000,0.000000,0.000000,0.000000,0.000000,0.000000,0.000000,0.000000,0.130000,9.530000,2.230000,-0.010000,0.000000,-0.010000,27.250000,-4.060000,-31.750000
1.630000,151420.000000,576.000000,1809.000000,1794.000000,801.000000,1776.000000,1840.000000,0.000000,0.000000,0.000000,0.000000,0.000000,0.000000,0.000000,0.000000,0.000000,0.130000,9.530000,2.230000,-0.020000,0.000000,0.000000,27.250000,-4.060000,-31.750000
1.632000,151421.000000,64.000000,1808.000000,1786.000000,1042.000000,1825.000000,2534.000000,0.000000,0.000000,0.000000,0.000000,0.000000,0.000000,0.000000,0.000000,0.000000,0.130000,9.530000,2.230000,-0.020000,0.000000,0.000000,27.250000,-4.060000,-31.750000
1.634000,151422.000000,55.000000,1831.000000,1770.000000,1298.000000,1847.000000,2510.000000,0.000000,0.000000,0.000000,0.000000,0.000000,0.000000,0.000000,0.000000,0.000000,0.130000,9.530000,2.230000,-0.020000,0.000000,0.000000,27.250000,-4.060000,-31.750000
1.636000,151423.000000,30.000000,1869.000000,1802.000000,1227.000000,1866.000000,2146.000000,0.000000,0.000000,0.000000,0.000000,0.000000,0.000000,0.000000,0.000000,0.000000,0.130000,9.530000,2.230000,-0.020000,0.000000,0.000000,27.250000,-4.060000,-31.750000
1.638000,151424.000000,0.000000,1917.000000,1808.000000,973.000000,1899.000000,1509.000000,0.000000,0.000000,0.000000,0.000000,0.000000,0.000000,0.000000,0.000000,0.000000,0.130000,9.530000,2.230000,-0.020000,0.000000,0.000000,27.250000,-4.060000,-31.750000
1.640000,151425.000000,559.000000,1890.000000,1854.000000,657.000000,1879.000000,1328.000000,0.000000,0.000000,0.000000,0.000000,0.000000,0.000000,0.000000,0.000000,0.000000,0.110000,9.540000,2.290000,-0.020000,0.000000,0.000000,28.000000,-3.250000,-32.560000
1.642000,151426.000000,0.000000,1871.000000,1818.000000,496.000000,1857.000000,1313.000000,0.000000,0.000000,0.000000,0.000000,0.000000,0.000000,0.000000,0.000000,0.000000,0.110000,9.540000,2.290000,-0.020000,0.000000,0.000000,28.000000,-3.250000,-32.560000
1.644000,151427.000000,0.000000,1847.000000,1789.000000,560.000000,1830.000000,1563.000000,0.000000,0.000000,0.000000,0.000000,0.000000,0.000000,0.000000,0.000000,0.000000,0.110000,9.540000,2.290000,-0.020000,0.000000,0.000000,28.000000,-3.250000,-32.560000
1.646000,151428.000000,0.000000,1809.000000,1801.000000,637.000000,1823.000000,1717.000000,0.000000,0.000000,0.000000,0.000000,0.000000,0.000000,0.000000,0.000000,0.000000,0.110000,9.540000,2.290000,-0.020000,0.000000,0.000000,28.000000,-3.250000,-32.560000
1.648000,151429.000000,0.000000,1796.000000,1808.000000,720.000000,1804.000000,1802.000000,0.000000,0.000000,0.000000,0.000000,0.000000,0.000000,0.000000,0.000000,0.000000,0.110000,9.540000,2.290000,-0.020000,0.000000,0.000000,28.000000,-3.250000,-32.560000
1.650000,151430.000000,570.000000,1809.000000,1772.000000,793.000000,1814.000000,1849.000000,0.000000,0.000000,0.000000,0.000000,0.000000,0.000000,0.000000,0.000000,0.000000,0.140000,9.550000,2.250000,-0.020000,0.000000,-0.010000,28.000000,-3.250000,-32.560000
1.652000,151431.000000,71.000000,1766.000000,1760.000000,1051.000000,1802.000000,2529.000000,0.000000,0.000000,0.000000,0.000000,0.000000,0.000000,0.000000,0.000000,0.000000,0.140000,9.550000,2.250000,-0.020000,0.000000,-0.010000,28.000000,-3.250000,-32.560000
1.654000,151432.000000,64.000000,1853.000000,1789.000000,1307.000000,1840.000000,2483.000000,0.000000,0.000000,0.000000,0.000000,0.000000,0.000000,0.000000,0.000000,0.000000,0.140000,9.550000,2.250000,-0.020000,0.000000,-0.010000,28.000000,-3.250000,-32.560000
1.656000,151433.000000,32.000000,1909.000000,1829.000000,1226.000000,1858.000000,2115.000000,0.000000,0.000000,0.000000,0.000000,0.000000,0.000000,0.000000,0.000000,0.000000,0.140000,9.550000,2.250000,-0.020000,0.000000,-0.010000,28.000000,-3.250000,-32.560000
1.658000,151434.000000,0.000000,1920.000000,1851.000000,990.000000,1873.000000,1475.000000,0.000000,0.000000,0.000000,0.000000,0.000000,0.000000,0.000000,0.000000,0.000000,0.140000,9.550000,2.250000,-0.020000,0.000000,-0.010000,28.000000,-3.250000,-32.560000
1.660000,151435.000000,170.000000,1930.000000,1843.000000,656.000000,1859.000000,1277.000000,0.000000,0.000000,0.000000,0.000000,0.000000,0.000000,0.000000,0.000000,0.000000,0.150000,9.540000,2.090000,-0.020000,0.000000,-0.010000,28.000000,-3.250000,-32.560000
1.662000,151436.000000,0.000000,1887.000000,1830.000000,469.000000,1856.000000,1317.000000,0.000000,0.000000,0.000000,0.000000,0.000000,0.000000,0.000000,0.000000,0.000000,0.150000,9.540000,2.090000,-0.020000,0.000000,-0.010000,28.000000,-3.250000,-32.560000
1.664000,151437.000000,0.000000,1842.000000,1810.000000,559.000000,1830.000000,1583.000000,0.000000,0.000000,0.000000,0.000000,0.000000,0.000000,0.000000,0.000000,0.000000,0.150000,9.540000,2.090000,-0.020000,0.000000,-0.010000,28.000000,-3.250000,-32.560000
1.666000,151438.000000,0.000000,1821.000000,1790.000000,655.000000,1805.000000,1715.000000,0.000000,0.000000,0.000000,0.000000,0.000000,0.000000,0.000000,0.000000,0.000000,0.150000,9.540000,2.090000,-0.020000,0.000000,-0.010000,28.000000,-3.250000,-32.560000
1.668000,151439.000000,0.000000,1813.000000,1772.000000,737.000000,1809.000000,1791.000000,0.000000,0.000000,0.000000,0.000000,0.000000,0.000000,0.000000,0.000000,0.000000,0.150000,9.540000,2.090000,-0.020000,0.000000,-0.010000,28.000000,-3.250000,-32.560000
1.670000,151440.000000,1.000000,1809.000000,1775.000000,805.000000,1833.000000,1858.000000,0.000000,0.000000,0.000000,0.000000,0.000000,0.000000,0.000000,0.000000,0.000000,0.160000,9.540000,2.180000,-0.010000,0.000000,-0.010000,28.000000,-3.250000,-32.560000
1.672000,151441.000000,48.000000,1821.000000,1813.000000,1057.000000,1817.000000,2523.000000,0.000000,0.000000,0.000000,0.000000,0.000000,0.000000,0.000000,0.000000,0.000000,0.160000,9.540000,2.180000,-0.010000,0.000000,-0.010000,28.000000,-3.250000,-32.560000
1.674000,151442.000000,58.000000,1847.000000,1811.000000,1296.000000,1861.000000,2515.000000,0.000000,0.000000,0.000000,0.000000,0.000000,0.000000,0.000000,0.000000,0.000000,0.160000,9.540000,2.180000,-0.010000,0.000000,-0.010000,28.000000,-3.250000,-32.560000
1.676000,151443.000000,34.000000,1925.000000,1835.000000,1226.000000,1894.000000,2128.000000,0.000000,0.000000,0.000000,0.000000,0.000000,0.000000,0.000000,0.000000,0.000000,0.160000,9.540000,2.180000,-0.010000,0.000000,-0.010000,28.000000,-3.250000,-32.560000
1.678000,151444.000000,0.000000,1931.000000,1883.000000,995.000000,1908.000000,1489.000000,0.000000,0.000000,0.000000,0.000000,0.000000,0.000000,0.000000,0.000000,0.000000,0.160000,9.540000,2.180000,-0.010000,0.000000,-0.010000,28.000000,-3.250000,-32.560000
1.680000,151445.000000,560.000000,1946.000000,1806.000000,665.000000,1898.000000,1290.000000,0.000000,0.000000,0.000000,0.000000,0.000000,0.000000,0.000000,0.000000,0.000000,0.130000,9.520000,2.190000,-0.010000,0.000000,0.000000,28.000000,-3.250000,-32.560000
1.682000,151446.000000,0.000000,1904.000000,1861.000000,501.000000,1861.000000,1344.000000,0.000000,0.000000,0.000000,0.000000,0.000000,0.000000,0.000000,0.000000,0.000000,0.130000,9.520000,2.190000,-0.010000,0.000000,0.000000,28.000000,-3.250000,-32.560000
1.684000,151447.000000,0.000000,1870.000000,1845.000000,568.000000,1819.000000,1598.000000,0.000000,0.000000,0.000000,0.000000,0.000000,0.000000,0.000000,0.000000,0.000000,0.130000,9.520000,2.190000,-0.010000,0.000000,0.000000,28.000000,-3.250000,-32.560000
1.686000,151448.000000,0.000000,1841.000000,1840.000000,683.000000,1806.000000,1719.000000,0.000000,0.000000,0.000000,0.000000,0.000000,0.000000,0.000000,0.000000,0.000000,0.130000,9.520000,2.190000,-0.010000,0.000000,0.000000,28.000000,-3.250000,-32.560000
1.688000,151449.000000,0.000000,1840.000000,1822.000000,746.000000,1802.000000,1776.000000,0.000000,0.000000,0.000000,0.000000,0.000000,0.000000,0.000000,0.000000,0.000000,0.130000,9.520000,2.190000,-0.010000,0.000000,0.000000,28.000000,-3.250000,-32.560000
1.690000,151450.000000,528.000000,1865.000000,1830.000000,802.000000,1782.000000,1858.000000,0.000000,0.000000,0.000000,0.000000,0.000000,0.000000,0.000000,0.000000,0.000000,0.160000,9.560000,2.230000,-0.010000,-0.010000,0.000000,27.250000,-4.500000,-31.000000
1.692000,151451.000000,64.000000,1853.000000,1854.000000,1072.000000,1795.000000,2521.000000,0.000000,0.000000,0.000000,0.000000,0.000000,0.000000,0.000000,0.000000,0.000000,0.160000,9.560000,2.230000,-0.010000,-0.010000,0.000000,27.250000,-4.500000,-31.000000
1.694000,151452.000000,64.000000,1850.000000,1844.000000,1276.000000,1840.000000,2509.000000,0.000000,0.000000,0.000000,0.000000,0.000000,0.000000,0.000000,0.000000,0.000000,0.160000,9.560000,2.230000,-0.010000,-0.010000,0.000000,27.250000,-4.500000,-31.000000
1.696000,151453.000000,32.000000,1915.000000,1872.000000,1250.000000,1872.000000,2155.000000,0.000000,0.000000,0.000000,0.000000,0.000000,0.000000,0.000000,0.000000,0.000000,0.160000,9.560000,2.230000,-0.010000,-0.010000,0.000000,27.250000,-4.500000,-31.000000
1.698000,151454.000000,0.000000,1941.000000,1881.000000,973.000000,1875.000000,1509.000000,0.000000,0.000000,0.000000,0.000000,0.000000,0.000000,0.000000,0.000000,0.000000,0.160000,9.560000,2.230000,-0.010000,-0.010000,0.000000,27.250000,-4.500000,-31.000000
1.700000,151455.000000,563.000000,1923.000000,1907.000000,694.000000,1889.000000,1267.000000,0.000000,0.000000,0.000000,0.000000,0.000000,0.000000,0.000000,0.000000,0.000000,0.160000,9.580000,2.230000,-0.010000,0.000000,0.000000,27.250000,-4.500000,-31.000000
1.702000,151456.000000,0.000000,1900.000000,1887.000000,494.000000,1843.000000,1318.000000,0.000000,0.000000,0.000000,0.000000,0.000000,0.000000,0.000000,0.000000,0.000000,0.160000,9.580000,2.230000,-0.010000,0.000000,0.000000,27.250000,-4.500000,-31.000000
1.704000,151457.000000,0.000000,1866.000000,1849.000000,560.000000,1840.000000,1569.000000,0.000000,0.000000,0.000000,0.000000,0.000000,0.000000,0.000000,0.000000,0.000000,0.160000,9.580000,2.230000,-0.010000,0.000000,0.000000,27.250000,-4.500000,-31.000000
1.706000,151458.000000,0.000000,1840.000000,1818.000000,688.000000,1809.000000,1676.000000,0.000000,0.000000,0.000000,0.000000,0.000000,0.000000,0.000000,0.000000,0.000000,0.160000,9.580000,2.230000,-0.010000,0.000000,0.000000,27.250000,-4.500000,-31.000000
1.708000,151459.000000,0.000000,1837.000000,1821.000000,747.000000,1815.000000,1792.000000,0.000000,0.000000,0.000000,0.000000,0.000000,0.000000,0.000000,0.000000,0.000000,0.160000,9.580000,2.230000,-0.010000,0.000000,0.000000,27.250000,-4.500000,-31.000000
1.710000,151460.000000,22.000000,1842.000000,1850.000000,811.000000,1820.000000,1869.000000,0.000000,0.000000,0.000000,0.000000,0.000000,0.000000,0.000000,0.000000,0.000000,0.110000,9.550000,2.140000,-0.010000,0.000000,0.000000,27.250000,-4.500000,-31.000000
1.712000,151461.000000,47.000000,1819.000000,1845.000000,1046.000000,1821.000000,2503.000000,0.000000,0.000000,0.000000,0.000000,0.000000,0.000000,0.000000,0.000000,0.000000,0.110000,9.550000,2.140000,-0.010000,0.000000,0.000000,27.250000,-4.500000,-31.000000
1.714000,151462.000000,64.000000,1869.000000,1862.000000,1306.000000,1834.000000,2505.000000,0.000000,0.000000,0.000000,0.000000,0.000000,0.000000,0.000000,0.000000,0.000000,0.110000,9.550000,2.140000,-0.010000,0.000000,0.000000,27.250000,-4.500000,-31.000000
1.716000,151463.000000,27.000000,1911.000000,1877.000000,1241.000000,1869.000000,2171.000000,0.000000,0.000000,0.000000,0.000000,0.000000,0.000000,0.000000,0.000000,0.000000,0.110000,9.550000,2.140000,-0.010000,0.000000,0.000000,27.250000,-4.500000,-31.000000
1.718000,151464.000000,0.000000,1933.000000,1882.000000,1008.000000,1871.000000,1517.000000,0.000000,0.000000,0.000000,0.000000,0.000000,0.000000,0.000000,0.000000,0.000000,0.110000,9.550000,2.140000,-0.010000,0.000000,0.000000,27.250000,-4.500000,-31.000000
1.720000,151465.000000,562.000000,1918.000000,1898.000000,681.000000,1871.000000,1296.000000,0.000000,0.000000,0.000000,0.000000,0.000000,0.000000,0.000000,0.000000,0.000000,0.090000,9.510000,2.200000,-0.010000,0.010000,0.000000,27.250000,-4.500000,-31.000000
1.722000,151466.000000,0.000000,1883.000000,1910.000000,496.000000,1865.000000,1316.000000,0.000000,0.000000,0.000000,0.000000,0.000000,0.000000,0.000000,0.000000,0.000000,0.090000,9.510000,2.200000,-0.010000,0.010000,0.000000,27.250000,-4.500000,-31.000000
1.724000,151467.000000,0.000000,1840.000000,1865.000000,559.000000,1838.000000,1580.000000,0.000000,0.000000,0.000000,0.000000,0.000000,0.000000,0.000000,0.000000,0.000000,0.090000,9.510000,2.200000,-0.010000,0.010000,0.000000,27.250000,-4.500000,-31.000000
1.726000,151468.000000,0.000000,1819.000000,1861.000000,674.000000,1818.000000,1713.000000,0.000000,0.000000,0.000000,0.000000,0.000000,0.000000,0.000000,0.000000,0.000000,0.090000,9.510000,2.200000,-0.010000,0.010000,0.000000,27.250000,-4.500000,-31.000000
1.728000,151469.000000,1.000000,1818.000000,1840.000000,745.000000,1814.000000,1776.000000,0.000000,0.000000,0.000000,0.000000,0.000000,0.000000,0.000000,0.000000,0.000000,0.090000,9.510000,2.200000,-0.010000,0.010000,0.000000,27.250000,-4.500000,-31.000000
1.730000,151470.000000,570.000000,1807.000000,1825.000000,811.000000,1807.000000,1861.000000,0.000000,0.000000,0.000000,0.000000,0.000000,0.000000,0.000000,0.000000,0.000000,0.080000,9.530000,2.250000,-0.010000,0.010000,0.000000,27.250000,-4.500000,-31.000000
1.732000,151471.000000,67.000000,1822.000000,1835.000000,1041.000000,1791.000000,2507.000000,0.000000,0.000000,0.000000,0.000000,0.000000,0.000000,0.000000,0.000000,0.000000,0.080000,9.530000,2.250000,-0.010000,0.010000,0.000000,27.250000,-4.500000,-31.000000
1.734000,151472.000000,65.000000,1856.000000,1813.000000,1305.000000,1840.000000,2512.000000,0.000000,0.000000,0.000000,0.000000,0.000000,0.000000,0.000000,0.000000,0.000000,0.080000,9.530000,2.250000,-0.010000,0.010000,0.000000,27.250000,-4.500000,-31.000000
1.736000,151473.000000,33.000000,1872.000000,1867.000000,1232.000000,1858.000000,2163.000000,0.000000,0.000000,0.000000,0.000000,0.000000,0.000000,0.000000,0.000000,0.000000,0.080000,9.530000,2.250000,-0.010000,0.010000,0.000000,27.250000,-4.500000,-31.000000
1.738000,151474.000000,0.000000,1897.000000,1905.000000,988.000000,1858.000000,1520.000000,0.000000,0.000000,0.000000,0.000000,0.000000,0.000000,0.000000,0.000000,0.000000,0.080000,9.530000,2.250000,-0.010000,0.010000,0.000000,27.250000,-4.500000,-31.000000
1.740000,151475.000000,549.000000,1893.000000,1893.000000,697.000000,1859.000000,1274.000000,0.000000,0.000000,0.000000,0.000000,0.000000,0.000000,0.000000,0.000000,0.000000,0.100000,9.510000,2.250000,-0.020000,0.020000,-0.010000,28.000000,-4.500000,-32.190000
1.742000,151476.000000,0.000000,1859.000000,1872.000000,498.000000,1847.000000,1296.000000,0.000000,0.000000,0.000000,0.000000,0.000000,0.000000,0.000000,0.000000,0.000000,0.100000,9.510000,2.250000,-0.020000,0.020000,-0.010000,28.000000,-4.500000,-32.190000
1.744000,151477.000000,0.000000,1840.000000,1840.000000,582.000000,1808.000000,1578.000000,0.000000,0.000000,0.000000,0.000000,0.000000,0.000000,0.000000,0.000000,0.000000,0.100000,9.510000,2.250000,-0.020000,0.020000,-0.010000,28.000000,-4.500000,-32.190000
1.746000,151478.000000,0.000000,1829.000000,1803.000000,667.000000,1775.000000,1683.000000,0.000000,0.000000,0.000000,0.000000,0.000000,0.000000,0.000000,0.000000,0.000000,0.100000,9.510000,2.250000,-0.020000,0.020000,-0.010000,28.000000,-4.500000,-32.190000
1.748000,151479.000000,0.000000,1825.000000,1808.000000,742.000000,1811.000000,1801.000000,0.000000,0.000000,0.000000,0.000000,0.000000,0.000000,0.000000,0.000000,0.000000,0.100000,9.510000,2.250000,-0.020000,0.020000,-0.010000,28.000000,-4.500000,-32.190000
1.750000,151480.000000,582.000000,1826.000000,1798.000000,839.000000,1783.000000,1838.000000,0.000000,0.000000,0.000000,0.000000,0.000000,0.000000,0.000000,0.000000,0.000000,0.110000,9.540000,2.250000,-0.020000,0.020000,0.000000,28.000000,-4.500000,-32.190000
1.752000,151481.000000,64.000000,1821.000000,1791.000000,1051.000000,1809.000000,2515.000000,0.000000,0.000000,0.000000,0.000000,0.000000,0.000000,0.000000,0.000000,0.000000,0.110000,9.540000,2.250000,-0.020000,0.020000,0.000000,28.000000,-4.500000,-32.190000
1.754000,151482.000000,64.000000,1858.000000,1823.000000,1300.000000,1826.000000,2512.000000,0.000000,0.000000,0.000000,0.000000,0.000000,0.000000,0.000000,0.000000,0.000000,0.110000,9.540000,2.250000,-0.020000,0.020000,0.000000,28.000000,-4.500000,-32.190000
1.756000,151483.000000,38.000000,1893.000000,1865.000000,1261.000000,1871.000000,2162.000000,0.000000,0.000000,0.000000,0.000000,0.000000,0.000000,0.000000,0.000000,0.000000,0.110000,9.540000,2.250000,-0.020000,0.020000,0.000000,28.000000,-4.500000,-32.190000
1.758000,151484.000000,0.000000,1887.000000,1891.000000,1011.000000,1861.000000,1532.000000,0.000000,0.000000,0.000000,0.000000,0.000000,0.000000,0.000000,0.000000,0.000000,0.110000,9.540000,2.250000,-0.020000,0.020000,0.000000,28.000000,-4.500000,-32.190000
1.760000,151485.000000,0.000000,1911.000000,1866.000000,654.000000,1885.000000,1289.000000,0.000000,0.000000,0.000000,0.000000,0.000000,0.000000,0.000000,0.000000,0.000000,0.120000,9.510000,2.160000,-0.020000,0.020000,-0.010000,28.000000,-4.500000,-32.190000
1.762000,151486.000000,0.000000,1877.000000,1823.000000,501.000000,1856.000000,1316.000000,0.000000,0.000000,0.000000,0.000000,0.000000,0.000000,0.000000,0.000000,0.000000,0.120000,9.510000,2.160000,-0.020000,0.020000,-0.010000,28.000000,-4.500000,-32.190000
1.764000,151487.000000,0.000000,1846.000000,1830.000000,582.000000,1835.000000,1572.000000,0.000000,0.000000,0.000000,0.000000,0.000000,0.000000,0.000000,0.000000,0.000000,0.120000,9.510000,2.160000,-0.020000,0.020000,-0.010000,28.000000,-4.500000,-32.190000
1.766000,151488.000000,0.000000,1837.000000,1801.000000,675.000000,1810.000000,1695.000000,0.000000,0.000000,0.000000,0.000000,0.000000,0.000000,0.000000,0.000000,0.000000,0.120000,9.510000,2.160000,-0.020000,0.020000,-0.010000,28.000000,-4.500000,-32.190000
1.768000,151489.000000,1.000000,1805.000000,1810.000000,762.000000,1821.000000,1782.000000,0.000000,0.000000,0.000000,0.000000,0.000000,0.000000,0.000000,0.000000,0.000000,0.120000,9.510000,2.160000,-0.020000,0.020000,-0.010000,28.000000,-4.500000,-32.190000
1.770000,151490.000000,581.000000,1810.000000,1817.000000,825.000000,1782.000000,1847.000000,0.000000,0.000000,0.000000,0.000000,0.000000,0.000000,0.000000,0.000000,0.000000,0.100000,9.520000,2.220000,-0.020000,0.020000,-0.010000,28.000000,-4.500000,-32.190000
1.772000,151491.000000,65.000000,1827.000000,1789.000000,1040.000000,1805.000000,2517.000000,0.000000,0.000000,0.000000,0.000000,0.000000,0.000000,0.000000,0.000000,0.000000,0.100000,9.520000,2.220000,-0.020000,0.020000,-0.010000,28.000000,-4.500000,-32.190000
1.774000,151492.000000,64.000000,1867.000000,1829.000000,1290.000000,1839.000000,2521.000000,0.000000,0.000000,0.000000,0.000000,0.000000,0.000000,0.000000,0.000000,0.000000,0.100000,9.520000,2.220000,-0.020000,0.020000,-0.010000,28.000000,-4.500000,-32.190000
1.776000,151493.000000,29.000000,1903.000000,1845.000000,1249.000000,1872.000000,2166.000000,0.000000,0.000000,0.000000,0.000000,0.000000,0.000000,0.000000,0.000000,0.000000,0.100000,9.520000,2.220000,-0.020000,0.020000,-0.010000,28.000000,-4.500000,-32.190000
1.778000,151494.000000,0.000000,1935.000000,1877.000000,1011.000000,1872.000000,1535.000000,0.000000,0.000000,0.000000,0.000000,0.000000,0.000000,0.000000,0.000000,0.000000,0.100000,9.520000,2.220000,-0.020000,0.020000,-0.010000,28.000000,-4.500000,-32.190000
1.780000,151495.000000,21.000000,1927.000000,1850.000000,687.000000,1935.000000,1297.000000,0.000000,0.000000,0.000000,0.000000,0.000000,0.000000,0.000000,0.000000,0.000000,0.090000,9.540000,2.220000,-0.020000,0.020000,-0.010000,28.000000,-4.500000,-32.190000
1.782000,151496.000000,0.000000,1902.000000,1857.000000,496.000000,1847.000000,1324.000000,0.000000,0.000000,0.000000,0.000000,0.000000,0.000000,0.000000,0.000000,0.000000,0.090000,9.540000,2.220000,-0.020000,0.020000,-0.010000,28.000000,-4.500000,-32.190000
1.784000,151497.000000,0.000000,1865.000000,1813.000000,568.000000,1808.000000,1578.000000,0.000000,0.000000,0.000000,0.000000,0.000000,0.000000,0.000000,0.000000,0.000000,0.090000,9.540000,2.220000,-0.020000,0.020000,-0.010000,28.000000,-4.500000,-32.190000
1.786000,151498.000000,0.000000,1851.000000,1818.000000,675.000000,1805.000000,1705.000000,0.000000,0.000000,0.000000,0.000000,0.000000,0.000000,0.000000,0.000000,0.000000,0.090000,9.540000,2.220000,-0.020000,0.020000,-0.010000,28.000000,-4.500000,-32.190000
1.788000,151499.000000,0.000000,1840.000000,1823.000000,722.000000,1783.000000,1778.000000,0.000000,0.000000,0.000000,0.000000,0.000000,0.000000,0.000000,0.000000,0.000000,0.090000,9.540000,2.220000,-0.020000,0.020000,-0.010000,28.000000,-4.500000,-32.190000
1.790000,151500.000000,69.000000,1834.000000,1823.000000,830.000000,1802.000000,1847.000000,0.000000,0.000000,0.000000,0.000000,0.000000,0.000000,0.000000,0.000000,0.000000,0.110000,9.520000,2.290000,-0.020000,0.030000,-0.010000,26.560000,-3.250000,-31.750000
1.792000,151501.000000,51.000000,1852.000000,1817.000000,1046.000000,1782.000000,2543.000000,0.000000,0.000000,0.000000,0.000000,0.000000,0.000000,0.000000,0.000000,0.000000,0.110000,9.520000,2.290000,-0.020000,0.030000,-0.010000,26.560000,-3.250000,-31.750000
1.794000,151502.000000,97.000000,1888.000000,1819.000000,1293.000000,1824.000000,2513.000000,0.000000,0.000000,0.000000,0.000000,0.000000,0.000000,0.000000,0.000000,0.000000,0.110000,9.520000,2.290000,-0.020000,0.030000,-0.010000,26.560000,-3.250000,-31.750000
1.796000,151503.000000,34.000000,1936.000000,1852.000000,1249.000000,1862.000000,2170.000000,0.000000,0.000000,0.000000,0.000000,0.000000,0.000000,0.000000,0.000000,0.000000,0.110000,9.520000,2.290000,-0.020000,0.030000,-0.010000,26.560000,-3.250000,-31.750000
1.798000,151504.000000,0.000000,1966.000000,1900.000000,989.000000,1857.000000,1535.000000,0.000000,0.000000,0.000000,0.000000,0.000000,0.000000,0.000000,0.000000,0.000000,0.110000,9.520000,2.290000,-0.020000,0.030000,-0.010000,26.560000,-3.250000,-31.750000
1.800000,151505.000000,571.000000,1952.000000,1886.000000,676.000000,1833.000000,1287.000000,0.000000,0.000000,0.000000,0.000000,0.000000,0.000000,0.000000,0.000000,0.000000,0.130000,9.550000,2.260000,-0.020000,0.020000,-0.010000,26.560000,-3.250000,-31.750000
1.802000,151506.000000,0.000000,1915.000000,1862.000000,496.000000,1823.000000,1328.000000,0.000000,0.000000,0.000000,0.000000,0.000000,0.000000,0.000000,0.000000,0.000000,0.130000,9.550000,2.260000,-0.020000,0.020000,-0.010000,26.560000,-3.250000,-31.750000
1.804000,151507.000000,0.000000,1852.000000,1854.000000,565.000000,1810.000000,1573.000000,0.000000,0.000000,0.000000,0.000000,0.000000,0.000000,0.000000,0.000000,0.000000,0.130000,9.550000,2.260000,-0.020000,0.020000,-0.010000,26.560000,-3.250000,-31.750000
1.806000,151508.000000,0.000000,1855.000000,1840.000000,654.000000,1772.000000,1705.000000,0.000000,0.000000,0.000000,0.000000,0.000000,0.000000,0.000000,0.000000,0.000000,0.130000,9.550000,2.260000,-0.020000,0.020000,-0.010000,26.560000,-3.250000,-31.750000
1.808000,151509.000000,0.000000,1856.000000,1839.000000,752.000000,1796.000000,1788.000000,0.000000,0.000000,0.000000,0.000000,0.000000,0.000000,0.000000,0.000000,0.000000,0.130000,9.550000,2.260000,-0.020000,0.020000,-0.010000,26.560000,-3.250000,-31.750000
1.810000,151510.000000,592.000000,1851.000000,1786.000000,812.000000,1776.000000,1840.000000,0.000000,0.000000,0.000000,0.000000,0.000000,0.000000,0.000000,0.000000,0.000000,0.140000,9.560000,2.140000,-0.020000,0.020000,-0.010000,26.560000,-3.250000,-31.750000
1.812000,151511.000000,64.000000,1848.000000,1830.000000,1053.000000,1777.000000,2509.000000,0.000000,0.000000,0.000000,0.000000,0.000000,0.000000,0.000000,0.000000,0.000000,0.140000,9.560000,2.140000,-0.020000,0.020000,-0.010000,26.560000,-3.250000,-31.750000
1.814000,151512.000000,70.000000,1879.000000,1847.000000,1296.000000,1808.000000,2508.000000,0.000000,0.000000,0.000000,0.000000,0.000000,0.000000,0.000000,0.000000,0.000000,0.140000,9.560000,2.140000,-0.020000,0.020000,-0.010000,26.560000,-3.250000,-31.750000
1.816000,151513.000000,38.000000,1937.000000,1872.000000,1249.000000,1843.000000,2159.000000,0.000000,0.000000,0.000000,0.000000,0.000000,0.000000,0.000000,0.000000,0.000000,0.140000,9.560000,2.140000,-0.020000,0.020000,-0.010000,26.560000,-3.250000,-31.750000
1.818000,151514.000000,0.000000,1967.000000,1893.000000,1019.000000,1841.000000,1565.000000,0.000000,0.000000,0.000000,0.000000,0.000000,0.000000,0.000000,0.000000,0.000000,0.140000,9.560000,2.140000,-0.020000,0.020000,-0.010000,26.560000,-3.250000,-31.750000
1.820000,151515.000000,523.000000,1963.000000,1914.000000,694.000000,1872.000000,1276.000000,0.000000,0.000000,0.000000,0.000000,0.000000,0.000000,0.000000,0.000000,0.000000,0.150000,9.510000,2.200000,-0.020000,0.010000,-0.010000,26.560000,-3.250000,-31.750000
1.822000,151516.000000,0.000000,1923.000000,1895.000000,497.000000,1852.000000,1314.000000,0.000000,0.000000,0.000000,0.000000,0.000000,0.000000,0.000000,0.000000,0.000000,0.150000,9.510000,2.200000,-0.020000,0.010000,-0.010000,26.560000,-3.250000,-31.750000
1.824000,151517.000000,0.000000,1878.000000,1861.000000,565.000000,1830.000000,1585.000000,0.000000,0.000000,0.000000,0.000000,0.000000,0.000000,0.000000,0.000000,0.000000,0.150000,9.510000,2.200000,-0.020000,0.010000,-0.010000,26.560000,-3.250000,-31.750000
1.826000,151518.000000,0.000000,1872.000000,1861.000000,688.000000,1823.000000,1691.000000,0.000000,0.000000,0.000000,0.000000,0.000000,0.000000,0.000000,0.000000,0.000000,0.150000,9.510000,2.200000,-0.020000,0.010000,-0.010000,26.560000,-3.250000,-31.750000
1.828000,151519.000000,0.000000,1882.000000,1856.000000,753.000000,1791.000000,1797.000000,0.000000,0.000000,0.000000,0.000000,0.000000,0.000000,0.000000,0.000000,0.000000,0.150000,9.510000,2.200000,-0.020000,0.010000,-0.010000,26.560000,-3.250000,-31.750000
1.830000,151520.000000,587.000000,1855.000000,1875.000000,823.000000,1827.000000,1852.000000,0.000000,0.000000,0.000000,0.000000,0.000000,0.000000,0.000000,0.000000,0.000000,0.130000,9.540000,2.240000,-0.020000,0.010000,-0.020000,26.560000,-3.250000,-31.750000
1.832000,151521.000000,64.000000,1885.000000,1892.000000,1037.000000,1821.000000,2525.000000,0.000000,0.000000,0.000000,0.000000,0.000000,0.000000,0.000000,0.000000,0.000000,0.130000,9.540000,2.240000,-0.020000,0.010000,-0.020000,26.560000,-3.250000,-31.750000
1.834000,151522.000000,63.000000,1917.000000,1904.000000,1322.000000,1842.000000,2522.000000,0.000000,0.000000,0.000000,0.000000,0.000000,0.000000,0.000000,0.000000,0.000000,0.130000,9.540000,2.240000,-0.020000,0.010000,-0.020000,26.560000,-3.250000,-31.750000
1.836000,151523.000000,27.000000,1981.000000,1952.000000,1261.000000,1854.000000,2160.000000,0.000000,0.000000,0.000000,0.000000,0.000000,0.000000,0.000000,0.000000,0.000000,0.130000,9.540000,2.240000,-0.020000,0.010000,-0.020000,26.560000,-3.250000,-31.750000
1.838000,151524.000000,0.000000,1991.000000,1940.000000,1034.000000,1872.000000,1566.000000,0.000000,0.000000,0.000000,0.000000,0.000000,0.000000,0.000000,0.000000,0.000000,0.130000,9.540000,2.240000,-0.020000,0.010000,-0.020000,26.560000,-3.250000,-31.750000
1.840000,151525.000000,511.000000,1995.000000,1972.000000,680.000000,1873.000000,1311.000000,0.000000,0.000000,0.000000,0.000000,0.000000,0.000000,0.000000,0.000000,0.000000,0.120000,9.530000,2.240000,-0.020000,0.010000,-0.020000,27.250000,-4.500000,-31.380000
1.842000,151526.000000,0.000000,1962.000000,1936.000000,503.000000,1842.000000,1323.000000,0.000000,0.000000,0.000000,0.000000,0.000000,0.000000,0.000000,0.000000,0.000000,0.120000,9.530000,2.240000,-0.020000,0.010000,-0.020000,27.250000,-4.500000,-31.380000
1.844000,151527.000000,0.000000,1947.000000,1911.000000,592.000000,1799.000000,1604.000000,0.000000,0.000000,0.000000,0.000000,0.000000,0.000000,0.000000,0.000000,0.000000,0.120000,9.530000,2.240000,-0.020000,0.010000,-0.020000,27.250000,-4.500000,-31.380000
1.846000,151528.000000,0.000000,1943.000000,1930.000000,677.000000,1782.000000,1723.000000,0.000000,0.000000,0.000000,0.000000,0.000000,0.000000,0.000000,0.000000,0.000000,0.120000,9.530000,2.240000,-0.020000,0.010000,-0.020000,27.250000,-4.500000,-31.380000
1.848000,151529.000000,1.000000,1936.000000,1925.000000,758.000000,1787.000000,1790.000000,0.000000,0.000000,0.000000,0.000000,0.000000,0.000000,0.000000,0.000000,0.000000,0.120000,9.530000,2.240000,-0.020000,0.010000,-0.020000,27.250000,-4.500000,-31.380000
1.850000,151530.000000,151.000000,1941.000000,1939.000000,831.000000,1783.000000,1857.000000,0.000000,0.000000,0.000000,0.000000,0.000000,0.000000,0.000000,0.000000,0.000000,0.090000,9.490000,2.260000,-0.020000,0.010000,-0.020000,27.250000,-4.500000,-31.380000
1.852000,151531.000000,48.000000,1914.000000,1938.000000,1066.000000,1761.000000,2514.000000,0.000000,0.000000,0.000000,0.000000,0.000000,0.000000,0.000000,0.000000,0.000000,0.090000,9.490000,2.260000,-0.020000,0.010000,-0.020000,27.250000,-4.500000,-31.380000
1.854000,151532.000000,67.000000,1983.000000,1951.000000,1318.000000,1786.000000,2542.000000,0.000000,0.000000,0.000000,0.000000,0.000000,0.000000,0.000000,0.000000,0.000000,0.090000,9.490000,2.260000,-0.020000,0.010000,-0.020000,27.250000,-4.500000,-31.380000
1.856000,151533.000000,32.000000,2031.000000,1967.000000,1245.000000,1839.000000,2192.000000,0.000000,0.000000,0.000000,0.000000,0.000000,0.000000,0.000000,0.000000,0.000000,0.090000,9.490000,2.260000,-0.020000,0.010000,-0.020000,27.250000,-4.500000,-31.380000
1.858000,151534.000000,0.000000,2062.000000,2018.000000,1041.000000,1840.000000,1590.000000,0.000000,0.000000,0.000000,0.000000,0.000000,0.000000,0.000000,0.000000,0.000000,0.090000,9.490000,2.260000,-0.020000,0.010000,-0.020000,27.250000,-4.500000,-31.380000
1.860000,151535.000000,607.000000,2042.000000,2006.000000,706.000000,1846.000000,1276.000000,0.000000,0.000000,0.000000,0.000000,0.000000,0.000000,0.000000,0.000000,0.000000,0.060000,9.500000,2.170000,-0.010000,0.010000,-0.030000,27.250000,-4.500000,-31.380000
1.862000,151536.000000,0.000000,2029.000000,2001.000000,507.000000,1821.000000,1334.000000,0.000000,0.000000,0.000000,0.000000,0.000000,0.000000,0.000000,0.000000,0.000000,0.060000,9.500000,2.170000,-0.010000,0.010000,-0.030000,27.250000,-4.500000,-31.380000
1.864000,151537.000000,0.000000,1982.000000,1997.000000,569.000000,1793.000000,1610.000000,0.000000,0.000000,0.000000,0.000000,0.000000,0.000000,0.000000,0.000000,0.000000,0.060000,9.500000,2.170000,-0.010000,0.010000,-0.030000,27.250000,-4.500000,-31.380000
1.866000,151538.000000,0.000000,1954.000000,1955.000000,702.000000,1783.000000,1717.000000,0.000000,0.000000,0.000000,0.000000,0.000000,0.000000,0.000000,0.000000,0.000000,0.060000,9.500000,2.170000,-0.010000,0.010000,-0.030000,27.250000,-4.500000,-31.380000
1.868000,151539.000000,1.000000,1962.000000,1972.000000,752.000000,1746.000000,1787.000000,0.000000,0.000000,0.000000,0.000000,0.000000,0.000000,0.000000,0.000000,0.000000,0.060000,9.500000,2.170000,-0.010000,0.010000,-0.030000,27.250000,-4.500000,-31.380000
1.870000,151540.000000,627.000000,1962.000000,1962.000000,829.000000,1767.000000,1846.000000,0.000000,0.000000,0.000000,0.000000,0.000000,0.000000,0.000000,0.000000,0.000000,0.030000,9.510000,2.250000,-0.010000,0.020000,-0.040000,27.250000,-4.500000,-31.380000
1.872000,151541.000000,73.000000,1964.000000,1959.000000,1057.000000,1749.000000,2498.000000,0.000000,0.000000,0.000000,0.000000,0.000000,0.000000,0.000000,0.000000,0.000000,0.030000,9.510000,2.250000,-0.010000,0.020000,-0.040000,27.250000,-4.500000,-31.380000
1.874000,151542.000000,69.000000,1975.000000,1972.000000,1331.000000,1776.000000,2542.000000,0.000000,0.000000,0.000000,0.000000,0.000000,0.000000,0.000000,0.000000,0.000000,0.030000,9.510000,2.250000,-0.010000,0.020000,-0.040000,27.250000,-4.500000,-31.380000
1.876000,151543.000000,45.000000,2056.000000,1997.000000,1277.000000,1824.000000,2161.000000,0.000000,0.000000,0.000000,0.000000,0.000000,0.000000,0.000000,0.000000,0.000000,0.030000,9.510000,2.250000,-0.010000,0.020000,-0.040000,27.250000,-4.500000,-31.380000
1.878000,151544.000000,0.000000,2080.000000,2033.000000,1033.000000,1844.000000,1589.000000,0.000000,0.000000,0.000000,0.000000,0.000000,0.000000,0.000000,0.000000,0.000000,0.030000,9.510000,2.250000,-0.010000,0.020000,-0.040000,27.250000,-4.500000,-31.380000
1.880000,151545.000000,0.000000,2069.000000,1997.000000,689.000000,1840.000000,1303.000000,0.000000,0.000000,0.000000,0.000000,0.000000,0.000000,0.000000,0.000000,0.000000,0.030000,9.510000,2.290000,-0.010000,0.020000,-0.040000,27.250000,-4.500000,-31.380000
1.882000,151546.000000,0.000000,2034.000000,1982.000000,529.000000,1791.000000,1314.000000,0.000000,0.000000,0.000000,0.000000,0.000000,0.000000,0.000000,0.000000,0.000000,0.030000,9.510000,2.290000,-0.010000,0.020000,-0.040000,27.250000,-4.500000,-31.380000
1.884000,151547.000000,0.000000,1971.000000,1963.000000,577.000000,1776.000000,1583.000000,0.000000,0.000000,0.000000,0.000000,0.000000,0.000000,0.000000,0.000000,0.000000,0.030000,9.510000,2.290000,-0.010000,0.020000,-0.040000,27.250000,-4.500000,-31.380000
1.886000,151548.000000,0.000000,1954.000000,1963.000000,683.000000,1759.000000,1712.000000,0.000000,0.000000,0.000000,0.000000,0.000000,0.000000,0.000000,0.000000,0.000000,0.030000,9.510000,2.290000,-0.010000,0.020000,-0.040000,27.250000,-4.500000,-31.380000
1.888000,151549.000000,2.000000,1936.000000,1933.000000,752.000000,1761.000000,1792.000000,0.000000,0.000000,0.000000,0.000000,0.000000,0.000000,0.000000,0.000000,0.000000,0.030000,9.510000,2.290000,-0.010000,0.020000,-0.040000,27.250000,-4.500000,-31.380000
1.890000,151550.000000,84.000000,1957.000000,1953.000000,816.000000,1741.000000,1871.000000,0.000000,0.000000,0.000000,0.000000,0.000000,0.000000,0.000000,0.000000,0.000000,0.030000,9.510000,2.290000,-0.010000,0.020000,-0.050000,26.880000,-3.250000,-30.500000
1.892000,151551.000000,47.000000,1949.000000,1937.000000,1039.000000,1747.000000,2531.000000,0.000000,0.000000,0.000000,0.000000,0.000000,0.000000,0.000000,0.000000,0.000000,0.030000,9.510000,2.290000,-0.010000,0.020000,-0.050000,26.880000,-3.250000,-30.500000
1.894000,151552.000000,72.000000,1969.000000,1971.000000,1303.000000,1745.000000,2523.000000,0.000000,0.000000,0.000000,0.000000,0.000000,0.000000,0.000000,0.000000,0.000000,0.030000,9.510000,2.290000,-0.010000,0.020000,-0.050000,26.880000,-3.250000,-30.500000
1.896000,151553.000000,42.000000,2035.000000,1977.000000,1239.000000,1799.000000,2192.000000,0.000000,0.000000,0.000000,0.000000,0.000000,0.000000,0.000000,0.000000,0.000000,0.030000,9.510000,2.290000,-0.010000,0.020000,-0.050000,26.880000,-3.250000,-30.500000
1.898000,151554.000000,0.000000,2032.000000,1995.000000,1040.000000,1829.000000,1593.000000,0.000000,0.000000,0.000000,0.000000,0.000000,0.000000,0.000000,0.000000,0.000000,0.030000,9.510000,2.290000,-0.010000,0.020000,-0.050000,26.880000,-3.250000,-30.500000
1.900000,151555.000000,592.000000,2033.000000,1987.000000,709.000000,1818.000000,1266.000000,0.000000,0.000000,0.000000,0.000000,0.000000,0.000000,0.000000,0.000000,0.000000,0.160000,9.480000,2.270000,-0.020000,0.020000,-0.060000,26.880000,-3.250000,-30.500000
1.902000,151556.000000,0.000000,1970.000000,1972.000000,511.000000,1793.000000,1311.000000,0.000000,0.000000,0.000000,0.000000,0.000000,0.000000,0.000000,0.000000,0.000000,0.160000,9.480000,2.270000,-0.020000,0.020000,-0.060000,26.880000,-3.250000,-30.500000
1.904000,151557.000000,0.000000,1949.000000,1951.000000,576.000000,1761.000000,1593.000000,0.000000,0.000000,0.000000,0.000000,0.000000,0.000000,0.000000,0.000000,0.000000,0.160000,9.480000,2.270000,-0.020000,0.020000,-0.060000,26.880000,-3.250000,-30.500000
1.906000,151558.000000,0.000000,1922.000000,1935.000000,695.000000,1772.000000,1714.000000,0.000000,0.000000,0.000000,0.000000,0.000000,0.000000,0.000000,0.000000,0.000000,0.160000,9.480000,2.270000,-0.020000,0.020000,-0.060000,26.880000,-3.250000,-30.500000
1.908000,151559.000000,0.000000,1904.000000,1925.000000,765.000000,1750.000000,1813.000000,0.000000,0.000000,0.000000,0.000000,0.000000,0.000000,0.000000,0.000000,0.000000,0.160000,9.480000,2.270000,-0.020000,0.020000,-0.060000,26.880000,-3.250000,-30.500000
1.910000,151560.000000,575.000000,1914.000000,1921.000000,830.000000,1760.000000,1856.000000,0.000000,0.000000,0.000000,0.000000,0.000000,0.000000,0.000000,0.000000,0.000000,0.220000,9.480000,2.210000,-0.030000,0.030000,-0.050000,26.880000,-3.250000,-30.500000
1.912000,151561.000000,70.000000,1911.000000,1935.000000,1047.000000,1747.000000,2521.000000,0.000000,0.000000,0.000000,0.000000,0.000000,0.000000,0.000000,0.000000,0.000000,0.220000,9.480000,2.210000,-0.030000,0.030000,-0.050000,26.880000,-3.250000,-30.500000
1.914000,151562.000000,67.000000,1938.000000,1945.000000,1298.000000,1766.000000,2545.000000,0.000000,0.000000,0.000000,0.000000,0.000000,0.000000,0.000000,0.000000,0.000000,0.220000,9.480000,2.210000,-0.030000,0.030000,-0.050000,26.880000,-3.250000,-30.500000
1.916000,151563.000000,39.000000,2000.000000,1968.000000,1249.000000,1783.000000,2192.000000,0.000000,0.000000,0.000000,0.000000,0.000000,0.000000,0.000000,0.000000,0.000000,0.220000,9.480000,2.210000,-0.030000,0.030000,-0.050000,26.880000,-3.250000,-30.500000
1.918000,151564.000000,0.000000,2034.000000,2000.000000,1032.000000,1825.000000,1583.000000,0.000000,0.000000,0.000000,0.000000,0.000000,0.000000,0.000000,0.000000,0.000000,0.220000,9.480000,2.210000,-0.030000,0.030000,-0.050000,26.880000,-3.250000,-30.500000
1.920000,151565.000000,589.000000,2031.000000,1989.000000,698.000000,1809.000000,1287.000000,0.000000,0.000000,0.000000,0.000000,0.000000,0.000000,0.000000,0.000000,0.000000,0.290000,9.510000,2.250000,-0.040000,0.030000,-0.050000,26.880000,-3.250000,-30.500000
1.922000,151566.000000,0.000000,1984.000000,2004.000000,524.000000,1798.000000,1296.000000,0.000000,0.000000,0.000000,0.000000,0.000000,0.000000,0.000000,0.000000,0.000000,0.290000,9.510000,2.250000,-0.040000,0.030000,-0.050000,26.880000,-3.250000,-30.500000
1.924000,151567.000000,0.000000,1974.000000,1975.000000,570.000000,1776.000000,1600.000000,0.000000,0.000000,0.000000,0.000000,0.000000,0.000000,0.000000,0.000000,0.000000,0.290000,9.510000,2.250000,-0.040000,0.030000,-0.050000,26.880000,-3.250000,-30.500000
1.926000,151568.000000,0.000000,1949.000000,1974.000000,688.000000,1760.000000,1697.000000,0.000000,0.000000,0.000000,0.000000,0.000000,0.000000,0.000000,0.000000,0.000000,0.290000,9.510000,2.250000,-0.040000,0.030000,-0.050000,26.880000,-3.250000,-30.500000
1.928000,151569.000000,0.000000,1927.000000,1947.000000,759.000000,1744.000000,1776.000000,0.000000,0.000000,0.000000,0.000000,0.000000,0.000000,0.000000,0.000000,0.000000,0.290000,9.510000,2.250000,-0.040000,0.030000,-0.050000,26.880000,-3.250000,-30.500000
1.930000,151570.000000,63.000000,1946.000000,1973.000000,826.000000,1747.000000,1866.000000,0.000000,0.000000,0.000000,0.000000,0.000000,0.000000,0.000000,0.000000,0.000000,0.370000,9.500000,2.330000,-0.040000,0.030000,-0.050000,26.880000,-3.250000,-30.500000
1.932000,151571.000000,48.000000,1959.000000,1966.000000,1023.000000,1760.000000,2486.000000,0.000000,0.000000,0.000000,0.000000,0.000000,0.000000,0.000000,0.000000,0.000000,0.370000,9.500000,2.330000,-0.040000,0.030000,-0.050000,26.880000,-3.250000,-30.500000
1.934000,151572.000000,59.000000,2000.000000,1998.000000,1302.000000,1765.000000,2559.000000,0.000000,0.000000,0.000000,0.000000,0.000000,0.000000,0.000000,0.000000,0.000000,0.370000,9.500000,2.330000,-0.040000,0.030000,-0.050000,26.880000,-3.250000,-30.500000
1.936000,151573.000000,43.000000,2054.000000,2034.000000,1247.000000,1821.000000,2197.000000,0.000000,0.000000,0.000000,0.000000,0.000000,0.000000,0.000000,0.000000,0.000000,0.370000,9.500000,2.330000,-0.040000,0.030000,-0.050000,26.880000,-3.250000,-30.500000
1.938000,151574.000000,0.000000,2085.000000,2031.000000,1040.000000,1841.000000,1599.000000,0.000000,0.000000,0.000000,0.000000,0.000000,0.000000,0.000000,0.000000,0.000000,0.370000,9.500000,2.330000,-0.040000,0.030000,-0.050000,26.880000,-3.250000,-30.500000
1.940000,151575.000000,0.000000,2083.000000,2069.000000,688.000000,1857.000000,1294.000000,0.000000,0.000000,0.000000,0.000000,0.000000,0.000000,0.000000,0.000000,0.000000,0.500000,9.520000,2.330000,-0.040000,0.040000,-0.030000,26.560000,-3.000000,-31.000000
1.942000,151576.000000,0.000000,2071.000000,2047.000000,511.000000,1840.000000,1306.000000,0.000000,0.000000,0.000000,0.000000,0.000000,0.000000,0.000000,0.000000,0.000000,0.500000,9.520000,2.330000,-0.040000,0.040000,-0.030000,26.560000,-3.000000,-31.000000
1.944000,151577.000000,0.000000,2010.000000,2010.000000,569.000000,1808.000000,1599.000000,0.000000,0.000000,0.000000,0.000000,0.000000,0.000000,0.000000,0.000000,0.000000,0.500000,9.520000,2.330000,-0.040000,0.040000,-0.030000,26.560000,-3.000000,-31.000000
1.946000,151578.000000,0.000000,2023.000000,2005.000000,683.000000,1783.000000,1715.000000,0.000000,0.000000,0.000000,0.000000,0.000000,0.000000,0.000000,0.000000,0.000000,0.500000,9.520000,2.330000,-0.040000,0.040000,-0.030000,26.560000,-3.000000,-31.000000
1.948000,151579.000000,0.000000,1984.000000,1999.000000,755.000000,1749.000000,1758.000000,0.000000,0.000000,0.000000,0.000000,0.000000,0.000000,0.000000,0.000000,0.000000,0.500000,9.520000,2.330000,-0.040000,0.040000,-0.030000,26.560000,-3.000000,-31.000000
1.950000,151580.000000,630.000000,2013.000000,2028.000000,831.000000,1764.000000,1856.000000,0.000000,0.000000,0.000000,0.000000,0.000000,0.000000,0.000000,0.000000,0.000000,0.490000,9.530000,2.310000,-0.040000,0.060000,-0.030000,26.560000,-3.000000,-31.000000
1.952000,151581.000000,67.000000,2010.000000,2015.000000,1056.000000,1761.000000,2502.000000,0.000000,0.000000,0.000000,0.000000,0.000000,0.000000,0.000000,0.000000,0.000000,0.490000,9.530000,2.310000,-0.040000,0.060000,-0.030000,26.560000,-3.000000,-31.000000
1.954000,151582.000000,67.000000,2071.000000,2062.000000,1315.000000,1773.000000,2549.000000,0.000000,0.000000,0.000000,0.000000,0.000000,0.000000,0.000000,0.000000,0.000000,0.490000,9.530000,2.310000,-0.040000,0.060000,-0.030000,26.560000,-3.000000,-31.000000
1.956000,151583.000000,51.000000,2092.000000,2101.000000,1259.000000,1795.000000,2225.000000,0.000000,0.000000,0.000000,0.000000,0.000000,0.000000,0.000000,0.000000,0.000000,0.490000,9.530000,2.310000,-0.040000,0.060000,-0.030000,26.560000,-3.000000,-31.000000
1.958000,151584.000000,0.000000,2160.000000,2133.000000,1043.000000,1826.000000,1588.000000,0.000000,0.000000,0.000000,0.000000,0.000000,0.000000,0.000000,0.000000,0.000000,0.490000,9.530000,2.310000,-0.040000,0.060000,-0.030000,26.560000,-3.000000,-31.000000
1.960000,151585.000000,626.000000,2133.000000,2106.000000,721.000000,1821.000000,1292.000000,0.000000,0.000000,0.000000,0.000000,0.000000,0.000000,0.000000,0.000000,0.000000,0.480000,9.530000,2.230000,-0.040000,0.080000,-0.030000,26.560000,-3.000000,-31.000000
1.962000,151586.000000,0.000000,2119.000000,2112.000000,533.000000,1777.000000,1318.000000,0.000000,0.000000,0.000000,0.000000,0.000000,0.000000,0.000000,0.000000,0.000000,0.480000,9.530000,2.230000,-0.040000,0.080000,-0.030000,26.560000,-3.000000,-31.000000
1.964000,151587.000000,0.000000,2107.000000,2103.000000,582.000000,1769.000000,1609.000000,0.000000,0.000000,0.000000,0.000000,0.000000,0.000000,0.000000,0.000000,0.000000,0.480000,9.530000,2.230000,-0.040000,0.080000,-0.030000,26.560000,-3.000000,-31.000000
1.966000,151588.000000,0.000000,2064.000000,2082.000000,716.000000,1743.000000,1741.000000,0.000000,0.000000,0.000000,0.000000,0.000000,0.000000,0.000000,0.000000,0.000000,0.480000,9.530000,2.230000,-0.040000,0.080000,-0.030000,26.560000,-3.000000,-31.000000
1.968000,151589.000000,0.000000,2033.000000,2077.000000,786.000000,1732.000000,1791.000000,0.000000,0.000000,0.000000,0.000000,0.000000,0.000000,0.000000,0.000000,0.000000,0.480000,9.530000,2.230000,-0.040000,0.080000,-0.030000,26.560000,-3.000000,-31.000000
1.970000,151590.000000,660.000000,2041.000000,2073.000000,819.000000,1746.000000,1874.000000,0.000000,0.000000,0.000000,0.000000,0.000000,0.000000,0.000000,0.000000,0.000000,0.420000,9.550000,2.170000,-0.030000,0.090000,-0.030000,26.560000,-3.000000,-31.000000
1.972000,151591.000000,77.000000,2057.000000,2069.000000,1052.000000,1731.000000,2512.000000,0.000000,0.000000,0.000000,0.000000,0.000000,0.000000,0.000000,0.000000,0.000000,0.420000,9.550000,2.170000,-0.030000,0.090000,-0.030000,26.560000,-3.000000,-31.000000
1.974000,151592.000000,74.000000,2105.000000,2095.000000,1296.000000,1746.000000,2553.000000,0.000000,0.000000,0.000000,0.000000,0.000000,0.000000,0.000000,0.000000,0.000000,0.420000,9.550000,2.170000,-0.030000,0.090000,-0.030000,26.560000,-3.000000,-31.000000
1.976000,151593.000000,36.000000,2135.000000,2162.000000,1267.000000,1774.000000,2192.000000,0.000000,0.000000,0.000000,0.000000,0.000000,0.000000,0.000000,0.000000,0.000000,0.420000,9.550000,2.170000,-0.030000,0.090000,-0.030000,26.560000,-3.000000,-31.000000
1.978000,151594.000000,0.000000,2160.000000,2144.000000,1021.000000,1799.000000,1602.000000,0.000000,0.000000,0.000000,0.000000,0.000000,0.000000,0.000000,0.000000,0.000000,0.420000,9.550000,2.170000,-0.030000,0.090000,-0.030000,26.560000,-3.000000,-31.000000
1.980000,151595.000000,41.000000,2167.000000,2157.000000,688.000000,1808.000000,1296.000000,0.000000,0.000000,0.000000,0.000000,0.000000,0.000000,0.000000,0.000000,0.000000,0.290000,9.470000,2.200000,-0.030000,0.090000,-0.030000,26.560000,-3.000000,-31.000000
1.982000,151596.000000,0.000000,2129.000000,2142.000000,501.000000,1772.000000,1307.000000,0.000000,0.000000,0.000000,0.000000,0.000000,0.000000,0.000000,0.000000,0.000000,0.290000,9.470000,2.200000,-0.030000,0.090000,-0.030000,26.560000,-3.000000,-31.000000
1.984000,151597.000000,0.000000,2092.000000,2128.000000,576.000000,1741.000000,1600.000000,0.000000,0.000000,0.000000,0.000000,0.000000,0.000000,0.000000,0.000000,0.000000,0.290000,9.470000,2.200000,-0.030000,0.090000,-0.030000,26.560000,-3.000000,-31.000000
1.986000,151598.000000,0.000000,2095.000000,2145.000000,693.000000,1741.000000,1712.000000,0.000000,0.000000,0.000000,0.000000,0.000000,0.000000,0.000000,0.000000,0.000000,0.290000,9.470000,2.200000,-0.030000,0.090000,-0.030000,26.560000,-3.000000,-31.000000
1.988000,151599.000000,0.000000,2080.000000,2113.000000,759.000000,1706.000000,1778.000000,0.000000,0.000000,0.000000,0.000000,0.000000,0.000000,0.000000,0.000000,0.000000,0.290000,9.470000,2.200000,-0.030000,0.090000,-0.030000,26.560000,-3.000000,-31.000000
1.990000,151600.000000,29.000000,2065.000000,2080.000000,843.000000,1735.000000,1891.000000,0.000000,0.000000,0.000000,0.000000,0.000000,0.000000,0.000000,0.000000,0.000000,0.240000,9.480000,2.240000,-0.030000,0.090000,-0.030000,27.250000,-3.690000,-31.000000
1.992000,151601.000000,45.000000,2071.000000,2160.000000,1056.000000,1730.000000,2513.000000,0.000000,0.000000,0.000000,0.000000,0.000000,0.000000,0.000000,0.000000,0.000000,0.240000,9.480000,2.240000,-0.030000,0.090000,-0.030000,27.250000,-3.690000,-31.000000
1.994000,151602.000000,106.000000,2094.000000,2130.000000,1298.000000,1744.000000,2559.000000,0.000000,0.000000,0.000000,0.000000,0.000000,0.000000,0.000000,0.000000,0.000000,0.240000,9.480000,2.240000,-0.030000,0.090000,-0.030000,27.250000,-3.690000,-31.000000
1.996000,151603.000000,46.000000,2141.000000,2134.000000,1264.000000,1787.000000,2203.000000,0.000000,0.000000,0.000000,0.000000,0.000000,0.000000,0.000000,0.000000,0.000000,0.240000,9.480000,2.240000,-0.030000,0.090000,-0.030000,27.250000,-3.690000,-31.000000
1.998000,151604.000000,0.000000,2169.000000,2148.000000,1040.000000,1834.000000,1615.000000,0.000000,0.000000,0.000000,0.000000,0.000000,0.000000,0.000000,0.000000,0.000000,0.240000,9.480000,2.240000,-0.030000,0.090000,-0.030000,27.250000,-3.690000,-31.000000
2.000000,151605.000000,642.000000,2149.000000,2138.000000,719.000000,1807.000000,1302.000000,0.000000,0.000000,0.000000,0.000000,0.000000,0.000000,0.000000,0.000000,0.000000,0.190000,9.470000,2.210000,-0.030000,0.070000,-0.050000,27.250000,-3.690000,-31.000000
2.002000,151606.000000,0.000000,2141.000000,2110.000000,511.000000,1774.000000,1313.000000,0.000000,0.000000,0.000000,0.000000,0.000000,0.000000,0.000000,0.000000,0.000000,0.190000,9.470000,2.210000,-0.030000,0.070000,-0.050000,27.250000,-3.690000,-31.000000
2.004000,151607.000000,0.000000,2059.000000,2097.000000,587.000000,1757.000000,1591.000000,0.000000,0.000000,0.000000,0.000000,0.000000,0.000000,0.000000,0.000000,0.000000,0.190000,9.470000,2.210000,-0.030000,0.070000,-0.050000,27.250000,-3.690000,-31.000000
2.006000,151608.000000,0.000000,2074.000000,2061.000000,663.000000,1720.000000,1714.000000,0.000000,0.000000,0.000000,0.000000,0.000000,0.000000,0.000000,0.000000,0.000000,0.190000,9.470000,2.210000,-0.030000,0.070000,-0.050000,27.250000,-3.690000,-31.000000
2.008000,151609.000000,7.000000,2038.000000,2031.000000,759.000000,1721.000000,1808.000000,0.000000,0.000000,0.000000,0.000000,0.000000,0.000000,0.000000,0.000000,0.000000,0.190000,9.470000,2.210000,-0.030000,0.070000,-0.050000,27.250000,-3.690000,-31.000000
2.010000,151610.000000,639.000000,2037.000000,2043.000000,810.000000,1697.000000,1846.000000,0.000000,0.000000,0.000000,0.000000,0.000000,0.000000,0.000000,0.000000,0.000000,0.170000,9.450000,2.050000,-0.030000,0.060000,-0.060000,27.250000,-3.690000,-31.000000
2.012000,151611.000000,64.000000,2038.000000,2064.000000,1023.000000,1713.000000,2491.000000,0.000000,0.000000,0.000000,0.000000,0.000000,0.000000,0.000000,0.000000,0.000000,0.170000,9.450000,2.050000,-0.030000,0.060000,-0.060000,27.250000,-3.690000,-31.000000
2.014000,151612.000000,65.000000,2046.000000,2070.000000,1286.000000,1707.000000,2534.000000,0.000000,0.000000,0.000000,0.000000,0.000000,0.000000,0.000000,0.000000,0.000000,0.170000,9.450000,2.050000,-0.030000,0.060000,-0.060000,27.250000,-3.690000,-31.000000
2.016000,151613.000000,46.000000,2105.000000,2096.000000,1250.000000,1750.000000,2198.000000,0.000000,0.000000,0.000000,0.000000,0.000000,0.000000,0.000000,0.000000,0.000000,0.170000,9.450000,2.050000,-0.030000,0.060000,-0.060000,27.250000,-3.690000,-31.000000
2.018000,151614.000000,0.000000,2122.000000,2109.000000,1008.000000,1773.000000,1616.000000,0.000000,0.000000,0.000000,0.000000,0.000000,0.000000,0.000000,0.000000,0.000000,0.170000,9.450000,2.050000,-0.030000,0.060000,-0.060000,27.250000,-3.690000,-31.000000
2.020000,151615.000000,625.000000,2128.000000,2113.000000,711.000000,1774.000000,1291.000000,0.000000,0.000000,0.000000,0.000000,0.000000,0.000000,0.000000,0.000000,0.000000,0.190000,9.490000,2.110000,-0.040000,0.050000,-0.060000,27.250000,-3.690000,-31.000000
2.022000,151616.000000,0.000000,2068.000000,2090.000000,482.000000,1755.000000,1296.000000,0.000000,0.000000,0.000000,0.000000,0.000000,0.000000,0.000000,0.000000,0.000000,0.190000,9.490000,2.110000,-0.040000,0.050000,-0.060000,27.250000,-3.690000,-31.000000
2.024000,151617.000000,0.000000,2047.000000,2059.000000,569.000000,1729.000000,1585.000000,0.000000,0.000000,0.000000,0.000000,0.000000,0.000000,0.000000,0.000000,0.000000,0.190000,9.490000,2.110000,-0.040000,0.050000,-0.060000,27.250000,-3.690000,-31.000000
2.026000,151618.000000,0.000000,2032.000000,2053.000000,683.000000,1713.000000,1712.000000,0.000000,0.000000,0.000000,0.000000,0.000000,0.000000,0.000000,0.000000,0.000000,0.190000,9.490000,2.110000,-0.040000,0.050000,-0.060000,27.250000,-3.690000,-31.000000
2.028000,151619.000000,0.000000,2026.000000,2036.000000,720.000000,1719.000000,1803.000000,0.000000,0.000000,0.000000,0.000000,0.000000,0.000000,0.000000,0.000000,0.000000,0.190000,9.490000,2.110000,-0.040000,0.050000,-0.060000,27.250000,-3.690000,-31.000000
2.030000,151620.000000,2.000000,1997.000000,2064.000000,799.000000,1717.000000,1887.000000,0.000000,0.000000,0.000000,0.000000,0.000000,0.000000,0.000000,0.000000,0.000000,0.210000,9.520000,2.130000,-0.040000,0.030000,-0.070000,27.250000,-3.690000,-31.000000
2.032000,151621.000000,49.000000,2009.000000,2035.000000,1011.000000,1696.000000,2505.000000,0.000000,0.000000,0.000000,0.000000,0.000000,0.000000,0.000000,0.000000,0.000000,0.210000,9.520000,2.130000,-0.040000,0.030000,-0.070000,27.250000,-3.690000,-31.000000
2.034000,151622.000000,65.000000,2029.000000,2042.000000,1281.000000,1728.000000,2557.000000,0.000000,0.000000,0.000000,0.000000,0.000000,0.000000,0.000000,0.000000,0.000000,0.210000,9.520000,2.130000,-0.040000,0.030000,-0.070000,27.250000,-3.690000,-31.000000
2.036000,151623.000000,34.000000,2092.000000,2096.000000,1246.000000,1762.000000,2206.000000,0.000000,0.000000,0.000000,0.000000,0.000000,0.000000,0.000000,0.000000,0.000000,0.210000,9.520000,2.130000,-0.040000,0.030000,-0.070000,27.250000,-3.690000,-31.000000
2.038000,151624.000000,0.000000,2116.000000,2122.000000,1014.000000,1791.000000,1606.000000,0.000000,0.000000,0.000000,0.000000,0.000000,0.000000,0.000000,0.000000,0.000000,0.210000,9.520000,2.130000,-0.040000,0.030000,-0.070000,27.250000,-3.690000,-31.000000
2.040000,151625.000000,0.000000,2124.000000,2112.000000,657.000000,1774.000000,1312.000000,0.000000,0.000000,0.000000,0.000000,0.000000,0.000000,0.000000,0.000000,0.000000,0.240000,9.580000,2.110000,-0.040000,0.030000,-0.070000,28.000000,-3.000000,-29.690000
2.042000,151626.000000,0.000000,2102.000000,2063.000000,481.000000,1744.000000,1298.000000,0.000000,0.000000,0.000000,0.000000,0.000000,0.000000,0.000000,0.000000,0.000000,0.240000,9.580000,2.110000,-0.040000,0.030000,-0.070000,28.000000,-3.000000,-29.690000
2.044000,151627.000000,19.000000,2096.000000,2058.000000,538.000000,1729.000000,1581.000000,0.000000,0.000000,0.000000,0.000000,0.000000,0.000000,0.000000,0.000000,0.000000,0.240000,9.580000,2.110000,-0.040000,0.030000,-0.070000,28.000000,-3.000000,-29.690000
2.046000,151628.000000,0.000000,2061.000000,2023.000000,630.000000,1709.000000,1689.000000,0.000000,0.000000,0.000000,0.000000,0.000000,0.000000,0.000000,0.000000,0.000000,0.240000,9.580000,2.110000,-0.040000,0.030000,-0.070000,28.000000,-3.000000,-29.690000
2.048000,151629.000000,0.000000,2043.000000,2044.000000,727.000000,1691.000000,1777.000000,0.000000,0.000000,0.000000,0.000000,0.000000,0.000000,0.000000,0.000000,0.000000,0.240000,9.580000,2.110000,-0.040000,0.030000,-0.070000,28.000000,-3.000000,-29.690000
2.050000,151630.000000,661.000000,2041.000000,2559.000000,782.000000,1702.000000,1839.000000,0.000000,0.000000,0.000000,0.000000,0.000000,0.000000,0.000000,0.000000,0.000000,0.300000,9.630000,2.070000,-0.020000,0.020000,-0.070000,28.000000,-3.000000,-29.690000
2.052000,151631.000000,64.000000,2064.000000,2035.000000,983.000000,1689.000000,2511.000000,0.000000,0.000000,0.000000,0.000000,0.000000,0.000000,0.000000,0.000000,0.000000,0.300000,9.630000,2.070000,-0.020000,0.020000,-0.070000,28.000000,-3.000000,-29.690000
2.054000,151632.000000,74.000000,2110.000000,2037.000000,1254.000000,1699.000000,2553.000000,0.000000,0.000000,0.000000,0.000000,0.000000,0.000000,0.000000,0.000000,0.000000,0.300000,9.630000,2.070000,-0.020000,0.020000,-0.070000,28.000000,-3.000000,-29.690000
2.056000,151633.000000,42.000000,2143.000000,2097.000000,1240.000000,1746.000000,2204.000000,0.000000,0.000000,0.000000,0.000000,0.000000,0.000000,0.000000,0.000000,0.000000,0.300000,9.630000,2.070000,-0.020000,0.020000,-0.070000,28.000000,-3.000000,-29.690000
2.058000,151634.000000,0.000000,2192.000000,2110.000000,1009.000000,1763.000000,1620.000000,0.000000,0.000000,0.000000,0.000000,0.000000,0.000000,0.000000,0.000000,0.000000,0.300000,9.630000,2.070000,-0.020000,0.020000,-0.070000,28.000000,-3.000000,-29.690000
2.060000,151635.000000,500.000000,2193.000000,2112.000000,687.000000,1764.000000,1316.000000,0.000000,0.000000,0.000000,0.000000,0.000000,0.000000,0.000000,0.000000,0.000000,0.280000,9.650000,1.970000,-0.010000,0.040000,-0.060000,28.000000,-3.000000,-29.690000
2.062000,151636.000000,0.000000,2149.000000,2109.000000,493.000000,1739.000000,1309.000000,0.000000,0.000000,0.000000,0.000000,0.000000,0.000000,0.000000,0.000000,0.000000,0.280000,9.650000,1.970000,-0.010000,0.040000,-0.060000,28.000000,-3.000000,-29.690000
2.064000,151637.000000,0.000000,2114.000000,2101.000000,573.000000,1726.000000,1571.000000,0.000000,0.000000,0.000000,0.000000,0.000000,0.000000,0.000000,0.000000,0.000000,0.280000,9.650000,1.970000,-0.010000,0.040000,-0.060000,28.000000,-3.000000,-29.690000
2.066000,151638.000000,0.000000,2107.000000,2082.000000,646.000000,1693.000000,1727.000000,0.000000,0.000000,0.000000,0.000000,0.000000,0.000000,0.000000,0.000000,0.000000,0.280000,9.650000,1.970000,-0.010000,0.040000,-0.060000,28.000000,-3.000000,-29.690000
2.068000,151639.000000,2.000000,2110.000000,2094.000000,732.000000,1710.000000,1797.000000,0.000000,0.000000,0.000000,0.000000,0.000000,0.000000,0.000000,0.000000,0.000000,0.280000,9.650000,1.970000,-0.010000,0.040000,-0.060000,28.000000,-3.000000,-29.690000
2.070000,151640.000000,665.000000,2086.000000,2081.000000,782.000000,1701.000000,1872.000000,0.000000,0.000000,0.000000,0.000000,0.000000,0.000000,0.000000,0.000000,0.000000,0.290000,9.650000,2.000000,0.010000,0.050000,-0.060000,28.000000,-3.000000,-29.690000
2.072000,151641.000000,75.000000,2119.000000,2112.000000,986.000000,1712.000000,2503.000000,0.000000,0.000000,0.000000,0.000000,0.000000,0.000000,0.000000,0.000000,0.000000,0.290000,9.650000,2.000000,0.010000,0.050000,-0.060000,28.000000,-3.000000,-29.690000
2.074000,151642.000000,80.000000,2139.000000,2117.000000,1285.000000,1716.000000,2579.000000,0.000000,0.000000,0.000000,0.000000,0.000000,0.000000,0.000000,0.000000,0.000000,0.290000,9.650000,2.000000,0.010000,0.050000,-0.060000,28.000000,-3.000000,-29.690000
2.076000,151643.000000,48.000000,2195.000000,2118.000000,1255.000000,1761.000000,2195.000000,0.000000,0.000000,0.000000,0.000000,0.000000,0.000000,0.000000,0.000000,0.000000,0.290000,9.650000,2.000000,0.010000,0.050000,-0.060000,28.000000,-3.000000,-29.690000
2.078000,151644.000000,0.000000,2212.000000,2162.000000,1041.000000,1744.000000,1638.000000,0.000000,0.000000,0.000000,0.000000,0.000000,0.000000,0.000000,0.000000,0.000000,0.290000,9.650000,2.000000,0.010000,0.050000,-0.060000,28.000000,-3.000000,-29.690000
2.080000,151645.000000,0.000000,2214.000000,2166.000000,688.000000,1755.000000,1321.000000,0.000000,0.000000,0.000000,0.000000,0.000000,0.000000,0.000000,0.000000,0.000000,0.280000,9.650000,2.000000,0.020000,0.070000,-0.060000,28.000000,-3.000000,-29.690000
2.082000,151646.000000,0.000000,2204.000000,2142.000000,522.000000,1739.000000,1290.000000,0.000000,0.000000,0.000000,0.000000,0.000000,0.000000,0.000000,0.000000,0.000000,0.280000,9.650000,2.000000,0.020000,0.070000,-0.060000,28.000000,-3.000000,-29.690000
2.084000,151647.000000,0.000000,2143.000000,2134.000000,551.000000,1695.000000,1578.000000,0.000000,0.000000,0.000000,0.000000,0.000000,0.000000,0.000000,0.000000,0.000000,0.280000,9.650000,2.000000,0.020000,0.070000,-0.060000,28.000000,-3.000000,-29.690000
2.086000,151648.000000,0.000000,2127.000000,2099.000000,682.000000,1678.000000,1707.000000,0.000000,0.000000,0.000000,0.000000,0.000000,0.000000,0.000000,0.000000,0.000000,0.280000,9.650000,2.000000,0.020000,0.070000,-0.060000,28.000000,-3.000000,-29.690000
2.088000,151649.000000,2.000000,2128.000000,2121.000000,752.000000,1684.000000,1794.000000,0.000000,0.000000,0.000000,0.000000,0.000000,0.000000,0.000000,0.000000,0.000000,0.280000,9.650000,2.000000,0.020000,0.070000,-0.060000,28.000000,-3.000000,-29.690000
2.090000,151650.000000,28.000000,2128.000000,2114.000000,804.000000,1653.000000,1839.000000,0.000000,0.000000,0.000000,0.000000,0.000000,0.000000,0.000000,0.000000,0.000000,0.220000,9.680000,1.890000,0.020000,0.070000,-0.060000,27.690000,-3.000000,-30.190000
2.092000,151651.000000,39.000000,1758.000000,2114.000000,1034.000000,1649.000000,2326.000000,0.000000,0.000000,0.000000,0.000000,0.000000,0.000000,0.000000,0.000000,0.000000,0.220000,9.680000,1.890000,0.020000,0.070000,-0.060000,27.690000,-3.000000,-30.190000
2.094000,151652.000000,83.000000,2167.000000,2128.000000,1297.000000,1682.000000,2353.000000,0.000000,0.000000,0.000000,0.000000,0.000000,0.000000,0.000000,0.000000,0.000000,0.220000,9.680000,1.890000,0.020000,0.070000,-0.060000,27.690000,-3.000000,-30.190000
2.096000,151653.000000,29.000000,2201.000000,2135.000000,1243.000000,1702.000000,1990.000000,0.000000,0.000000,0.000000,0.000000,0.000000,0.000000,0.000000,0.000000,0.000000,0.220000,9.680000,1.890000,0.020000,0.070000,-0.060000,27.690000,-3.000000,-30.190000
2.098000,151654.000000,0.000000,2222.000000,2160.000000,1054.000000,1711.000000,1571.000000,0.000000,0.000000,0.000000,0.000000,0.000000,0.000000,0.000000,0.000000,0.000000,0.220000,9.680000,1.890000,0.020000,0.070000,-0.060000,27.690000,-3.000000,-30.190000
2.100000,151655.000000,658.000000,2194.000000,2176.000000,709.000000,1694.000000,1264.000000,0.000000,0.000000,0.000000,0.000000,0.000000,0.000000,0.000000,0.000000,0.000000,0.190000,9.720000,1.790000,0.050000,0.110000,-0.060000,27.690000,-3.000000,-30.190000
2.102000,151656.000000,0.000000,2174.000000,2137.000000,526.000000,1666.000000,1292.000000,0.000000,0.000000,0.000000,0.000000,0.000000,0.000000,0.000000,0.000000,0.000000,0.190000,9.720000,1.790000,0.050000,0.110000,-0.060000,27.690000,-3.000000,-30.190000
2.104000,151657.000000,0.000000,2146.000000,2099.000000,571.000000,1616.000000,1532.000000,0.000000,0.000000,0.000000,0.000000,0.000000,0.000000,0.000000,0.000000,0.000000,0.190000,9.720000,1.790000,0.050000,0.110000,-0.060000,27.690000,-3.000000,-30.190000
2.106000,151658.000000,0.000000,2130.000000,2128.000000,655.000000,1611.000000,1697.000000,0.000000,0.000000,0.000000,0.000000,0.000000,0.000000,0.000000,0.000000,0.000000,0.190000,9.720000,1.790000,0.050000,0.110000,-0.060000,27.690000,-3.000000,-30.190000
2.108000,151659.000000,0.000000,2098.000000,2099.000000,726.000000,1586.000000,1776.000000,0.000000,0.000000,0.000000,0.000000,0.000000,0.000000,0.000000,0.000000,0.000000,0.190000,9.720000,1.790000,0.050000,0.110000,-0.060000,27.690000,-3.000000,-30.190000
2.110000,151660.000000,612.000000,2098.000000,2117.000000,795.000000,1613.000000,1853.000000,0.000000,0.000000,0.000000,0.000000,0.000000,0.000000,0.000000,0.000000,0.000000,0.190000,9.740000,1.630000,0.070000,0.130000,-0.050000,27.690000,-3.000000,-30.190000
2.112000,151661.000000,62.000000,2079.000000,2080.000000,979.000000,1567.000000,2455.000000,0.000000,0.000000,0.000000,0.000000,0.000000,0.000000,0.000000,0.000000,0.000000,0.190000,9.740000,1.630000,0.070000,0.130000,-0.050000,27.690000,-3.000000,-30.190000
2.114000,151662.000000,68.000000,2114.000000,2101.000000,1263.000000,1595.000000,2544.000000,0.000000,0.000000,0.000000,0.000000,0.000000,0.000000,0.000000,0.000000,0.000000,0.190000,9.740000,1.630000,0.070000,0.130000,-0.050000,27.690000,-3.000000,-30.190000
2.116000,151663.000000,46.000000,2174.000000,2154.000000,1246.000000,1634.000000,2221.000000,0.000000,0.000000,0.000000,0.000000,0.000000,0.000000,0.000000,0.000000,0.000000,0.190000,9.740000,1.630000,0.070000,0.130000,-0.050000,27.690000,-3.000000,-30.190000
2.118000,151664.000000,5.000000,2192.000000,2144.000000,1055.000000,1633.000000,1643.000000,0.000000,0.000000,0.000000,0.000000,0.000000,0.000000,0.000000,0.000000,0.000000,0.190000,9.740000,1.630000,0.070000,0.130000,-0.050000,27.690000,-3.000000,-30.190000
2.120000,151665.000000,0.000000,2192.000000,2148.000000,703.000000,1648.000000,1281.000000,0.000000,0.000000,0.000000,0.000000,0.000000,0.000000,0.000000,0.000000,0.000000,0.180000,9.800000,1.600000,0.090000,0.150000,-0.050000,27.690000,-3.000000,-30.190000
2.122000,151666.000000,0.000000,2161.000000,2131.000000,532.000000,1597.000000,1170.000000,0.000000,0.000000,0.000000,0.000000,0.000000,0.000000,0.000000,0.000000,0.000000,0.180000,9.800000,1.600000,0.090000,0.150000,-0.050000,27.690000,-3.000000,-30.190000
2.124000,151667.000000,0.000000,2106.000000,2091.000000,588.000000,1553.000000,1393.000000,0.000000,0.000000,0.000000,0.000000,0.000000,0.000000,0.000000,0.000000,0.000000,0.180000,9.800000,1.600000,0.090000,0.150000,-0.050000,27.690000,-3.000000,-30.190000
2.126000,151668.000000,0.000000,2069.000000,2090.000000,691.000000,1535.000000,1641.000000,0.000000,0.000000,0.000000,0.000000,0.000000,0.000000,0.000000,0.000000,0.000000,0.180000,9.800000,1.600000,0.090000,0.150000,-0.050000,27.690000,-3.000000,-30.190000
2.128000,151669.000000,0.000000,2089.000000,2096.000000,759.000000,1527.000000,1767.000000,0.000000,0.000000,0.000000,0.000000,0.000000,0.000000,0.000000,0.000000,0.000000,0.180000,9.800000,1.600000,0.090000,0.150000,-0.050000,27.690000,-3.000000,-30.190000
2.130000,151670.000000,31.000000,2081.000000,2096.000000,823.000000,1523.000000,1861.000000,0.000000,0.000000,0.000000,0.000000,0.000000,0.000000,0.000000,0.000000,0.000000,0.210000,9.780000,1.590000,0.090000,0.150000,-0.050000,27.690000,-3.000000,-30.190000
2.132000,151671.000000,41.000000,2060.000000,2087.000000,991.000000,1510.000000,2458.000000,0.000000,0.000000,0.000000,0.000000,0.000000,0.000000,0.000000,0.000000,0.000000,0.210000,9.780000,1.590000,0.090000,0.150000,-0.050000,27.690000,-3.000000,-30.190000
2.134000,151672.000000,78.000000,2099.000000,2102.000000,1280.000000,1535.000000,2558.000000,0.000000,0.000000,0.000000,0.000000,0.000000,0.000000,0.000000,0.000000,0.000000,0.210000,9.780000,1.590000,0.090000,0.150000,-0.050000,27.690000,-3.000000,-30.190000
2.136000,151673.000000,39.000000,2128.000000,2147.000000,1264.000000,1535.000000,2195.000000,0.000000,0.000000,0.000000,0.000000,0.000000,0.000000,0.000000,0.000000,0.000000,0.210000,9.780000,1.590000,0.090000,0.150000,-0.050000,27.690000,-3.000000,-30.190000
2.138000,151674.000000,0.000000,2176.000000,2173.000000,1023.000000,1535.000000,1648.000000,0.000000,0.000000,0.000000,0.000000,0.000000,0.000000,0.000000,0.000000,0.000000,0.210000,9.780000,1.590000,0.090000,0.150000,-0.050000,27.690000,-3.000000,-30.190000
2.140000,151675.000000,61.000000,2160.000000,2139.000000,703.000000,1585.000000,1322.000000,0.000000,0.000000,0.000000,0.000000,0.000000,0.000000,0.000000,0.000000,0.000000,0.190000,9.790000,1.590000,0.130000,0.160000,-0.040000,27.690000,-3.250000,-30.500000
2.142000,151676.000000,0.000000,2117.000000,2151.000000,532.000000,1535.000000,1276.000000,0.000000,0.000000,0.000000,0.000000,0.000000,0.000000,0.000000,0.000000,0.000000,0.190000,9.790000,1.590000,0.130000,0.160000,-0.040000,27.690000,-3.250000,-30.500000
2.144000,151677.000000,0.000000,2071.000000,2120.000000,580.000000,1517.000000,1554.000000,0.000000,0.000000,0.000000,0.000000,0.000000,0.000000,0.000000,0.000000,0.000000,0.190000,9.790000,1.590000,0.130000,0.160000,-0.040000,27.690000,-3.250000,-30.500000
2.146000,151678.000000,0.000000,2073.000000,2107.000000,667.000000,1495.000000,1680.000000,0.000000,0.000000,0.000000,0.000000,0.000000,0.000000,0.000000,0.000000,0.000000,0.190000,9.790000,1.590000,0.130000,0.160000,-0.040000,27.690000,-3.250000,-30.500000
2.148000,151679.000000,1.000000,2071.000000,2110.000000,762.000000,1488.000000,1788.000000,0.000000,0.000000,0.000000,0.000000,0.000000,0.000000,0.000000,0.000000,0.000000,0.190000,9.790000,1.590000,0.130000,0.160000,-0.040000,27.690000,-3.250000,-30.500000
2.150000,151680.000000,659.000000,2033.000000,2133.000000,828.000000,1463.000000,1840.000000,0.000000,0.000000,0.000000,0.000000,0.000000,0.000000,0.000000,0.000000,0.000000,0.260000,9.790000,1.570000,0.140000,0.160000,-0.030000,27.690000,-3.250000,-30.500000
2.152000,151681.000000,66.000000,2043.000000,2093.000000,1003.000000,1473.000000,2457.000000,0.000000,0.000000,0.000000,0.000000,0.000000,0.000000,0.000000,0.000000,0.000000,0.260000,9.790000,1.570000,0.140000,0.160000,-0.030000,27.690000,-3.250000,-30.500000
2.154000,151682.000000,66.000000,2109.000000,2144.000000,1279.000000,1495.000000,2544.000000,0.000000,0.000000,0.000000,0.000000,0.000000,0.000000,0.000000,0.000000,0.000000,0.260000,9.790000,1.570000,0.140000,0.160000,-0.030000,27.690000,-3.250000,-30.500000
2.156000,151683.000000,44.000000,2131.000000,2166.000000,1237.000000,1535.000000,2201.000000,0.000000,0.000000,0.000000,0.000000,0.000000,0.000000,0.000000,0.000000,0.000000,0.260000,9.790000,1.570000,0.140000,0.160000,-0.030000,27.690000,-3.250000,-30.500000
2.158000,151684.000000,0.000000,2182.000000,2201.000000,1044.000000,1535.000000,1652.000000,0.000000,0.000000,0.000000,0.000000,0.000000,0.000000,0.000000,0.000000,0.000000,0.260000,9.790000,1.570000,0.140000,0.160000,-0.030000,27.690000,-3.250000,-30.500000
2.160000,151685.000000,645.000000,2167.000000,2192.000000,720.000000,1535.000000,1308.000000,0.000000,0.000000,0.000000,0.000000,0.000000,0.000000,0.000000,0.000000,0.000000,0.290000,9.810000,1.400000,0.160000,0.170000,-0.030000,27.690000,-3.250000,-30.500000
2.162000,151686.000000,0.000000,2167.000000,2160.000000,539.000000,1520.000000,1269.000000,0.000000,0.000000,0.000000,0.000000,0.000000,0.000000,0.000000,0.000000,0.000000,0.290000,9.810000,1.400000,0.160000,0.170000,-0.030000,27.690000,-3.250000,-30.500000
2.164000,151687.000000,0.000000,2129.000000,2155.000000,573.000000,1488.000000,1558.000000,0.000000,0.000000,0.000000,0.000000,0.000000,0.000000,0.000000,0.000000,0.000000,0.290000,9.810000,1.400000,0.160000,0.170000,-0.030000,27.690000,-3.250000,-30.500000
2.166000,151688.000000,0.000000,2100.000000,2128.000000,675.000000,1454.000000,1675.000000,0.000000,0.000000,0.000000,0.000000,0.000000,0.000000,0.000000,0.000000,0.000000,0.290000,9.810000,1.400000,0.160000,0.170000,-0.030000,27.690000,-3.250000,-30.500000
2.168000,151689.000000,0.000000,2102.000000,2101.000000,751.000000,1465.000000,1792.000000,0.000000,0.000000,0.000000,0.000000,0.000000,0.000000,0.000000,0.000000,0.000000,0.290000,9.810000,1.400000,0.160000,0.170000,-0.030000,27.690000,-3.250000,-30.500000
2.170000,151690.000000,7.000000,2105.000000,2122.000000,829.000000,1452.000000,1842.000000,0.000000,0.000000,0.000000,0.000000,0.000000,0.000000,0.000000,0.000000,0.000000,0.280000,9.850000,1.440000,0.190000,0.200000,-0.020000,27.690000,-3.250000,-30.500000
2.172000,151691.000000,48.000000,2094.000000,2112.000000,1014.000000,1449.000000,2453.000000,0.000000,0.000000,0.000000,0.000000,0.000000,0.000000,0.000000,0.000000,0.000000,0.280000,9.850000,1.440000,0.190000,0.200000,-0.020000,27.690000,-3.250000,-30.500000
2.174000,151692.000000,64.000000,2135.000000,2143.000000,1274.000000,1452.000000,2553.000000,0.000000,0.000000,0.000000,0.000000,0.000000,0.000000,0.000000,0.000000,0.000000,0.280000,9.850000,1.440000,0.190000,0.200000,-0.020000,27.690000,-3.250000,-30.500000
2.176000,151693.000000,48.000000,2179.000000,2170.000000,1243.000000,1505.000000,2207.000000,0.000000,0.000000,0.000000,0.000000,0.000000,0.000000,0.000000,0.000000,0.000000,0.280000,9.850000,1.440000,0.190000,0.200000,-0.020000,27.690000,-3.250000,-30.500000
2.178000,151694.000000,13.000000,2223.000000,2203.000000,1010.000000,1507.000000,1635.000000,0.000000,0.000000,0.000000,0.000000,0.000000,0.000000,0.000000,0.000000,0.000000,0.280000,9.850000,1.440000,0.190000,0.200000,-0.020000,27.690000,-3.250000,-30.500000
2.180000,151695.000000,13.000000,2236.000000,2220.000000,711.000000,1519.000000,1298.000000,0.000000,0.000000,0.000000,0.000000,0.000000,0.000000,0.000000,0.000000,0.000000,0.240000,9.810000,1.450000,0.190000,0.200000,-0.020000,27.690000,-3.250000,-30.500000
2.182000,151696.000000,0.000000,2182.000000,2213.000000,511.000000,1455.000000,1280.000000,0.000000,0.000000,0.000000,0.000000,0.000000,0.000000,0.000000,0.000000,0.000000,0.240000,9.810000,1.450000,0.190000,0.200000,-0.020000,27.690000,-3.250000,-30.500000
2.184000,151697.000000,0.000000,2139.000000,2171.000000,565.000000,1463.000000,1583.000000,0.000000,0.000000,0.000000,0.000000,0.000000,0.000000,0.000000,0.000000,0.000000,0.240000,9.810000,1.450000,0.190000,0.200000,-0.020000,27.690000,-3.250000,-30.500000
2.186000,151698.000000,0.000000,2126.000000,2147.000000,667.000000,1433.000000,1693.000000,0.000000,0.000000,0.000000,0.000000,0.000000,0.000000,0.000000,0.000000,0.000000,0.240000,9.810000,1.450000,0.190000,0.200000,-0.020000,27.690000,-3.250000,-30.500000
2.188000,151699.000000,3.000000,2112.000000,2170.000000,736.000000,1430.000000,1792.000000,0.000000,0.000000,0.000000,0.000000,0.000000,0.000000,0.000000,0.000000,0.000000,0.240000,9.810000,1.450000,0.190000,0.200000,-0.020000,27.690000,-3.250000,-30.500000
2.190000,151700.000000,61.000000,2096.000000,2144.000000,807.000000,1415.000000,1860.000000,0.000000,0.000000,0.000000,0.000000,0.000000,0.000000,0.000000,0.000000,0.000000,0.240000,9.850000,1.370000,0.210000,0.220000,-0.020000,26.880000,-2.690000,-31.000000
2.192000,151701.000000,46.000000,2095.000000,2128.000000,1006.000000,1431.000000,2448.000000,0.000000,0.000000,0.000000,0.000000,0.000000,0.000000,0.000000,0.000000,0.000000,0.240000,9.850000,1.370000,0.210000,0.220000,-0.020000,26.880000,-2.690000,-31.000000
2.194000,151702.000000,112.000000,2123.000000,2160.000000,1265.000000,1459.000000,2539.000000,0.000000,0.000000,0.000000,0.000000,0.000000,0.000000,0.000000,0.000000,0.000000,0.240000,9.850000,1.370000,0.210000,0.220000,-0.020000,26.880000,-2.690000,-31.000000
2.196000,151703.000000,44.000000,2183.000000,2178.000000,1264.000000,1484.000000,2213.000000,0.000000,0.000000,0.000000,0.000000,0.000000,0.000000,0.000000,0.000000,0.000000,0.240000,9.850000,1.370000,0.210000,0.220000,-0.020000,26.880000,-2.690000,-31.000000
2.198000,151704.000000,1.000000,2231.000000,2243.000000,1020.000000,1495.000000,1660.000000,0.000000,0.000000,0.000000,0.000000,0.000000,0.000000,0.000000,0.000000,0.000000,0.240000,9.850000,1.370000,0.210000,0.220000,-0.020000,26.880000,-2.690000,-31.000000
2.200000,151705.000000,639.000000,2208.000000,2231.000000,729.000000,1498.000000,1277.000000,0.000000,0.000000,0.000000,0.000000,0.000000,0.000000,0.000000,0.000000,0.000000,0.160000,9.850000,1.250000,0.260000,0.290000,-0.020000,26.880000,-2.690000,-31.000000
2.202000,151706.000000,0.000000,2154.000000,2183.000000,532.000000,1485.000000,1272.000000,0.000000,0.000000,0.000000,0.000000,0.000000,0.000000,0.000000,0.000000,0.000000,0.160000,9.850000,1.250000,0.260000,0.290000,-0.020000,26.880000,-2.690000,-31.000000
2.204000,151707.000000,0.000000,2113.000000,2171.000000,561.000000,1455.000000,1588.000000,0.000000,0.000000,0.000000,0.000000,0.000000,0.000000,0.000000,0.000000,0.000000,0.160000,9.850000,1.250000,0.260000,0.290000,-0.020000,26.880000,-2.690000,-31.000000
2.206000,151708.000000,0.000000,2098.000000,2150.000000,670.000000,1452.000000,1711.000000,0.000000,0.000000,0.000000,0.000000,0.000000,0.000000,0.000000,0.000000,0.000000,0.160000,9.850000,1.250000,0.260000,0.290000,-0.020000,26.880000,-2.690000,-31.000000
2.208000,151709.000000,4.000000,2093.000000,2145.000000,741.000000,1427.000000,1794.000000,0.000000,0.000000,0.000000,0.000000,0.000000,0.000000,0.000000,0.000000,0.000000,0.160000,9.850000,1.250000,0.260000,0.290000,-0.020000,26.880000,-2.690000,-31.000000
2.210000,151710.000000,54.000000,2090.000000,2162.000000,790.000000,1449.000000,1829.000000,0.000000,0.000000,0.000000,0.000000,0.000000,0.000000,0.000000,0.000000,0.000000,0.200000,9.880000,1.150000,0.290000,0.300000,-0.020000,26.880000,-2.690000,-31.000000
2.212000,151711.000000,48.000000,2067.000000,2144.000000,1003.000000,1456.000000,2454.000000,0.000000,0.000000,0.000000,0.000000,0.000000,0.000000,0.000000,0.000000,0.000000,0.200000,9.880000,1.150000,0.290000,0.300000,-0.020000,26.880000,-2.690000,-31.000000
2.214000,151712.000000,66.000000,2088.000000,2161.000000,1247.000000,1458.000000,2547.000000,0.000000,0.000000,0.000000,0.000000,0.000000,0.000000,0.000000,0.000000,0.000000,0.200000,9.880000,1.150000,0.290000,0.300000,-0.020000,26.880000,-2.690000,-31.000000
2.216000,151713.000000,39.000000,2155.000000,2222.000000,1232.000000,1523.000000,2193.000000,0.000000,0.000000,0.000000,0.000000,0.000000,0.000000,0.000000,0.000000,0.000000,0.200000,9.880000,1.150000,0.290000,0.300000,-0.020000,26.880000,-2.690000,-31.000000
2.218000,151714.000000,0.000000,2160.000000,2253.000000,1045.000000,1565.000000,1518.000000,0.000000,0.000000,0.000000,0.000000,0.000000,0.000000,0.000000,0.000000,0.000000,0.200000,9.880000,1.150000,0.290000,0.300000,-0.020000,26.880000,-2.690000,-31.000000
2.220000,151715.000000,635.000000,2175.000000,2257.000000,727.000000,1556.000000,1127.000000,0.000000,0.000000,0.000000,0.000000,0.000000,0.000000,0.000000,0.000000,0.000000,0.160000,9.850000,1.200000,0.320000,0.310000,-0.020000,26.880000,-2.690000,-31.000000
2.222000,151716.000000,0.000000,2144.000000,2246.000000,545.000000,1535.000000,1211.000000,0.000000,0.000000,0.000000,0.000000,0.000000,0.000000,0.000000,0.000000,0.000000,0.160000,9.850000,1.200000,0.320000,0.310000,-0.020000,26.880000,-2.690000,-31.000000
2.224000,151717.000000,0.000000,2094.000000,2224.000000,577.000000,1489.000000,1535.000000,0.000000,0.000000,0.000000,0.000000,0.000000,0.000000,0.000000,0.000000,0.000000,0.160000,9.850000,1.200000,0.320000,0.310000,-0.020000,26.880000,-2.690000,-31.000000
2.226000,151718.000000,0.000000,2096.000000,2214.000000,674.000000,1502.000000,1686.000000,0.000000,0.000000,0.000000,0.000000,0.000000,0.000000,0.000000,0.000000,0.000000,0.160000,9.850000,1.200000,0.320000,0.310000,-0.020000,26.880000,-2.690000,-31.000000
2.228000,151719.000000,0.000000,2078.000000,2217.000000,751.000000,1473.000000,1779.000000,0.000000,0.000000,0.000000,0.000000,0.000000,0.000000,0.000000,0.000000,0.000000,0.160000,9.850000,1.200000,0.320000,0.310000,-0.020000,26.880000,-2.690000,-31.000000
2.230000,151720.000000,42.000000,2061.000000,2226.000000,817.000000,1489.000000,1856.000000,0.000000,0.000000,0.000000,0.000000,0.000000,0.000000,0.000000,0.000000,0.000000,0.120000,9.840000,1.220000,0.320000,0.310000,-0.020000,26.880000,-2.690000,-31.000000
2.232000,151721.000000,48.000000,2032.000000,2187.000000,985.000000,1455.000000,2452.000000,0.000000,0.000000,0.000000,0.000000,0.000000,0.000000,0.000000,0.000000,0.000000,0.120000,9.840000,1.220000,0.320000,0.310000,-0.020000,26.880000,-2.690000,-31.000000
2.234000,151722.000000,69.000000,2083.000000,2194.000000,1267.000000,1523.000000,2539.000000,0.000000,0.000000,0.000000,0.000000,0.000000,0.000000,0.000000,0.000000,0.000000,0.120000,9.840000,1.220000,0.320000,0.310000,-0.020000,26.880000,-2.690000,-31.000000
2.236000,151723.000000,35.000000,2112.000000,2251.000000,1258.000000,1520.000000,2214.000000,0.000000,0.000000,0.000000,0.000000,0.000000,0.000000,0.000000,0.000000,0.000000,0.120000,9.840000,1.220000,0.320000,0.310000,-0.020000,26.880000,-2.690000,-31.000000
2.238000,151724.000000,0.000000,2154.000000,2290.000000,1050.000000,1559.000000,1653.000000,0.000000,0.000000,0.000000,0.000000,0.000000,0.000000,0.000000,0.000000,0.000000,0.120000,9.840000,1.220000,0.320000,0.310000,-0.020000,26.880000,-2.690000,-31.000000
2.240000,151725.000000,10.000000,2154.000000,2288.000000,702.000000,1584.000000,1311.000000,0.000000,0.000000,0.000000,0.000000,0.000000,0.000000,0.000000,0.000000,0.000000,0.040000,9.880000,1.180000,0.340000,0.290000,-0.010000,29.060000,-4.060000,-30.500000
2.242000,151726.000000,0.000000,2093.000000,2263.000000,533.000000,1568.000000,1296.000000,0.000000,0.000000,0.000000,0.000000,0.000000,0.000000,0.000000,0.000000,0.000000,0.040000,9.880000,1.180000,0.340000,0.290000,-0.010000,29.060000,-4.060000,-30.500000
2.244000,151727.000000,15.000000,2096.000000,2230.000000,577.000000,1578.000000,1584.000000,0.000000,0.000000,0.000000,0.000000,0.000000,0.000000,0.000000,0.000000,0.000000,0.040000,9.880000,1.180000,0.340000,0.290000,-0.010000,29.060000,-4.060000,-30.500000
2.246000,151728.000000,0.000000,2068.000000,2143.000000,647.000000,1576.000000,1698.000000,0.000000,0.000000,0.000000,0.000000,0.000000,0.000000,0.000000,0.000000,0.000000,0.040000,9.880000,1.180000,0.340000,0.290000,-0.010000,29.060000,-4.060000,-30.500000
2.248000,151729.000000,0.000000,2061.000000,2201.000000,753.000000,1564.000000,1798.000000,0.000000,0.000000,0.000000,0.000000,0.000000,0.000000,0.000000,0.000000,0.000000,0.040000,9.880000,1.180000,0.340000,0.290000,-0.010000,29.060000,-4.060000,-30.500000
2.250000,151730.000000,657.000000,2052.000000,2175.000000,784.000000,1559.000000,1846.000000,0.000000,0.000000,0.000000,0.000000,0.000000,0.000000,0.000000,0.000000,0.000000,0.010000,9.920000,1.140000,0.390000,0.260000,-0.020000,29.060000,-4.060000,-30.500000
2.252000,151731.000000,64.000000,2060.000000,2160.000000,995.000000,1614.000000,2432.000000,0.000000,0.000000,0.000000,0.000000,0.000000,0.000000,0.000000,0.000000,0.000000,0.010000,9.920000,1.140000,0.390000,0.260000,-0.020000,29.060000,-4.060000,-30.500000
2.254000,151732.000000,64.000000,2085.000000,2150.000000,1254.000000,1653.000000,2518.000000,0.000000,0.000000,0.000000,0.000000,0.000000,0.000000,0.000000,0.000000,0.000000,0.010000,9.920000,1.140000,0.390000,0.260000,-0.020000,29.060000,-4.060000,-30.500000
2.256000,151733.000000,48.000000,2136.000000,2219.000000,1247.000000,1697.000000,2183.000000,0.000000,0.000000,0.000000,0.000000,0.000000,0.000000,0.000000,0.000000,0.000000,0.010000,9.920000,1.140000,0.390000,0.260000,-0.020000,29.060000,-4.060000,-30.500000
2.258000,151734.000000,0.000000,2190.000000,2183.000000,1056.000000,1729.000000,1638.000000,0.000000,0.000000,0.000000,0.000000,0.000000,0.000000,0.000000,0.000000,0.000000,0.010000,9.920000,1.140000,0.390000,0.260000,-0.020000,29.060000,-4.060000,-30.500000
2.260000,151735.000000,0.000000,2202.000000,2229.000000,707.000000,1740.000000,1210.000000,0.000000,0.000000,0.000000,0.000000,0.000000,0.000000,0.000000,0.000000,0.000000,0.000000,9.990000,1.100000,0.410000,0.240000,-0.020000,29.060000,-4.060000,-30.500000
2.262000,151736.000000,0.000000,2153.000000,2186.000000,511.000000,1737.000000,1206.000000,0.000000,0.000000,0.000000,0.000000,0.000000,0.000000,0.000000,0.000000,0.000000,0.000000,9.990000,1.100000,0.410000,0.240000,-0.020000,29.060000,-4.060000,-30.500000
2.264000,151737.000000,0.000000,2160.000000,2160.000000,560.000000,1726.000000,1581.000000,0.000000,0.000000,0.000000,0.000000,0.000000,0.000000,0.000000,0.000000,0.000000,0.000000,9.990000,1.100000,0.410000,0.240000,-0.020000,29.060000,-4.060000,-30.500000
2.266000,151738.000000,0.000000,2142.000000,2163.000000,660.000000,1747.000000,1698.000000,0.000000,0.000000,0.000000,0.000000,0.000000,0.000000,0.000000,0.000000,0.000000,0.000000,9.990000,1.100000,0.410000,0.240000,-0.020000,29.060000,-4.060000,-30.500000
2.268000,151739.000000,0.000000,2127.000000,2151.000000,735.000000,1743.000000,1776.000000,0.000000,0.000000,0.000000,0.000000,0.000000,0.000000,0.000000,0.000000,0.000000,0.000000,9.990000,1.100000,0.410000,0.240000,-0.020000,29.060000,-4.060000,-30.500000
2.270000,151740.000000,681.000000,2133.000000,2195.000000,817.000000,1776.000000,1680.000000,0.000000,0.000000,0.000000,0.000000,0.000000,0.000000,0.000000,0.000000,0.000000,-0.010000,10.030000,1.110000,0.440000,0.230000,-0.030000,29.060000,-4.060000,-30.500000
2.272000,151741.000000,61.000000,2149.000000,2138.000000,995.000000,1806.000000,2347.000000,0.000000,0.000000,0.000000,0.000000,0.000000,0.000000,0.000000,0.000000,0.000000,-0.010000,10.030000,1.110000,0.440000,0.230000,-0.030000,29.060000,-4.060000,-30.500000
2.274000,151742.000000,48.000000,2188.000000,2163.000000,1280.000000,1841.000000,2275.000000,0.000000,0.000000,0.000000,0.000000,0.000000,0.000000,0.000000,0.000000,0.000000,-0.010000,10.030000,1.110000,0.440000,0.230000,-0.030000,29.060000,-4.060000,-30.500000
2.276000,151743.000000,32.000000,2227.000000,2186.000000,1241.000000,1899.000000,2128.000000,0.000000,0.000000,0.000000,0.000000,0.000000,0.000000,0.000000,0.000000,0.000000,-0.010000,10.030000,1.110000,0.440000,0.230000,-0.030000,29.060000,-4.060000,-30.500000
2.278000,151744.000000,0.000000,2283.000000,2177.000000,1055.000000,1932.000000,1674.000000,0.000000,0.000000,0.000000,0.000000,0.000000,0.000000,0.000000,0.000000,0.000000,-0.010000,10.030000,1.110000,0.440000,0.230000,-0.030000,29.060000,-4.060000,-30.500000
2.280000,151745.000000,48.000000,2278.000000,2179.000000,707.000000,1938.000000,1341.000000,0.000000,0.000000,0.000000,0.000000,0.000000,0.000000,0.000000,0.000000,0.000000,-0.190000,10.050000,1.060000,0.440000,0.230000,-0.030000,29.060000,-4.060000,-30.500000
2.282000,151746.000000,0.000000,2235.000000,2188.000000,528.000000,1942.000000,1289.000000,0.000000,0.000000,0.000000,0.000000,0.000000,0.000000,0.000000,0.000000,0.000000,-0.190000,10.050000,1.060000,0.440000,0.230000,-0.030000,29.060000,-4.060000,-30.500000
2.284000,151747.000000,0.000000,2220.000000,2127.000000,590.000000,1919.000000,1678.000000,0.000000,0.000000,0.000000,0.000000,0.000000,0.000000,0.000000,0.000000,0.000000,-0.190000,10.050000,1.060000,0.440000,0.230000,-0.030000,29.060000,-4.060000,-30.500000
2.286000,151748.000000,3.000000,2187.000000,2135.000000,682.000000,1922.000000,1841.000000,0.000000,0.000000,0.000000,0.000000,0.000000,0.000000,0.000000,0.000000,0.000000,-0.190000,10.050000,1.060000,0.440000,0.230000,-0.030000,29.060000,-4.060000,-30.500000
2.288000,151749.000000,3.000000,2213.000000,2127.000000,777.000000,1941.000000,1869.000000,0.000000,0.000000,0.000000,0.000000,0.000000,0.000000,0.000000,0.000000,0.000000,-0.190000,10.050000,1.060000,0.440000,0.230000,-0.030000,29.060000,-4.060000,-30.500000
2.290000,151750.000000,80.000000,2209.000000,2119.000000,863.000000,1933.000000,1895.000000,0.000000,0.000000,0.000000,0.000000,0.000000,0.000000,0.000000,0.000000,0.000000,-0.160000,10.020000,0.920000,0.470000,0.230000,-0.030000,29.500000,-4.500000,-29.690000
2.292000,151751.000000,28.000000,2226.000000,2128.000000,1023.000000,1979.000000,2177.000000,0.000000,0.000000,0.000000,0.000000,0.000000,0.000000,0.000000,0.000000,0.000000,-0.160000,10.020000,0.920000,0.470000,0.230000,-0.030000,29.500000,-4.500000,-29.690000
2.294000,151752.000000,107.000000,2266.000000,2138.000000,1306.000000,2021.000000,2471.000000,0.000000,0.000000,0.000000,0.000000,0.000000,0.000000,0.000000,0.000000,0.000000,-0.160000,10.020000,0.920000,0.470000,0.230000,-0.030000,29.500000,-4.500000,-29.690000
2.296000,151753.000000,48.000000,2288.000000,2185.000000,1267.000000,2065.000000,2231.000000,0.000000,0.000000,0.000000,0.000000,0.000000,0.000000,0.000000,0.000000,0.000000,-0.160000,10.020000,0.920000,0.470000,0.230000,-0.030000,29.500000,-4.500000,-29.690000
2.298000,151754.000000,7.000000,2320.000000,2189.000000,1078.000000,2121.000000,1734.000000,0.000000,0.000000,0.000000,0.000000,0.000000,0.000000,0.000000,0.000000,0.000000,-0.160000,10.020000,0.920000,0.470000,0.230000,-0.030000,29.500000,-4.500000,-29.690000
2.300000,151755.000000,602.000000,2304.000000,2213.000000,753.000000,2115.000000,1519.000000,0.000000,0.000000,0.000000,0.000000,0.000000,0.000000,0.000000,0.000000,0.000000,-0.150000,10.040000,0.740000,0.570000,0.290000,-0.040000,29.500000,-4.500000,-29.690000
2.302000,151756.000000,0.000000,2303.000000,2195.000000,592.000000,2140.000000,1370.000000,0.000000,0.000000,0.000000,0.000000,0.000000,0.000000,0.000000,0.000000,0.000000,-0.150000,10.040000,0.740000,0.570000,0.290000,-0.040000,29.500000,-4.500000,-29.690000
2.304000,151757.000000,0.000000,2258.000000,2159.000000,612.000000,2128.000000,1632.000000,0.000000,0.000000,0.000000,0.000000,0.000000,0.000000,0.000000,0.000000,0.000000,-0.150000,10.040000,0.740000,0.570000,0.290000,-0.040000,29.500000,-4.500000,-29.690000
2.306000,151758.000000,0.000000,2255.000000,2173.000000,705.000000,2119.000000,1759.000000,0.000000,0.000000,0.000000,0.000000,0.000000,0.000000,0.000000,0.000000,0.000000,-0.150000,10.040000,0.740000,0.570000,0.290000,-0.040000,29.500000,-4.500000,-29.690000
2.308000,151759.000000,6.000000,2253.000000,2186.000000,786.000000,2145.000000,1823.000000,0.000000,0.000000,0.000000,0.000000,0.000000,0.000000,0.000000,0.000000,0.000000,-0.150000,10.040000,0.740000,0.570000,0.290000,-0.040000,29.500000,-4.500000,-29.690000
2.310000,151760.000000,370.000000,2256.000000,2189.000000,838.000000,2173.000000,1898.000000,0.000000,0.000000,0.000000,0.000000,0.000000,0.000000,0.000000,0.000000,0.000000,-0.180000,10.060000,0.500000,0.620000,0.320000,-0.050000,29.500000,-4.500000,-29.690000
2.312000,151761.000000,58.000000,2256.000000,2186.000000,1042.000000,2146.000000,2467.000000,0.000000,0.000000,0.000000,0.000000,0.000000,0.000000,0.000000,0.000000,0.000000,-0.180000,10.060000,0.500000,0.620000,0.320000,-0.050000,29.500000,-4.500000,-29.690000
2.314000,151762.000000,80.000000,2279.000000,2187.000000,1280.000000,2198.000000,2609.000000,0.000000,0.000000,0.000000,0.000000,0.000000,0.000000,0.000000,0.000000,0.000000,-0.180000,10.060000,0.500000,0.620000,0.320000,-0.050000,29.500000,-4.500000,-29.690000
2.316000,151763.000000,47.000000,2311.000000,2251.000000,1277.000000,2251.000000,2271.000000,0.000000,0.000000,0.000000,0.000000,0.000000,0.000000,0.000000,0.000000,0.000000,-0.180000,10.060000,0.500000,0.620000,0.320000,-0.050000,29.500000,-4.500000,-29.690000
2.318000,151764.000000,18.000000,2320.000000,2266.000000,1095.000000,2287.000000,1749.000000,0.000000,0.000000,0.000000,0.000000,0.000000,0.000000,0.000000,0.000000,0.000000,-0.180000,10.060000,0.500000,0.620000,0.320000,-0.050000,29.500000,-4.500000,-29.690000
2.320000,151765.000000,715.000000,2349.000000,2263.000000,781.000000,2297.000000,1347.000000,0.000000,0.000000,0.000000,0.000000,0.000000,0.000000,0.000000,0.000000,0.000000,-0.170000,10.190000,0.180000,0.680000,0.330000,-0.050000,29.500000,-4.500000,-29.690000
2.322000,151766.000000,0.000000,2317.000000,2263.000000,575.000000,2271.000000,1435.000000,0.000000,0.000000,0.000000,0.000000,0.000000,0.000000,0.000000,0.000000,0.000000,-0.170000,10.190000,0.180000,0.680000,0.330000,-0.050000,29.500000,-4.500000,-29.690000
2.324000,151767.000000,0.000000,2257.000000,2239.000000,650.000000,2277.000000,1674.000000,0.000000,0.000000,0.000000,0.000000,0.000000,0.000000,0.000000,0.000000,0.000000,-0.170000,10.190000,0.180000,0.680000,0.330000,-0.050000,29.500000,-4.500000,-29.690000
2.326000,151768.000000,0.000000,2224.000000,2237.000000,703.000000,2272.000000,1750.000000,0.000000,0.000000,0.000000,0.000000,0.000000,0.000000,0.000000,0.000000,0.000000,-0.170000,10.190000,0.180000,0.680000,0.330000,-0.050000,29.500000,-4.500000,-29.690000
2.328000,151769.000000,0.000000,2224.000000,2223.000000,801.000000,2273.000000,1802.000000,0.000000,0.000000,0.000000,0.000000,0.000000,0.000000,0.000000,0.000000,0.000000,-0.170000,10.190000,0.180000,0.680000,0.330000,-0.050000,29.500000,-4.500000,-29.690000
2.330000,151770.000000,57.000000,2227.000000,2213.000000,863.000000,2274.000000,1869.000000,0.000000,0.000000,0.000000,0.000000,0.000000,0.000000,0.000000,0.000000,0.000000,-0.220000,10.310000,0.110000,0.680000,0.330000,-0.050000,29.500000,-4.500000,-29.690000
2.332000,151771.000000,40.000000,2210.000000,2225.000000,1023.000000,2245.000000,2407.000000,0.000000,0.000000,0.000000,0.000000,0.000000,0.000000,0.000000,0.000000,0.000000,-0.220000,10.310000,0.110000,0.680000,0.330000,-0.050000,29.500000,-4.500000,-29.690000
2.334000,151772.000000,63.000000,2256.000000,2230.000000,1301.000000,2323.000000,2583.000000,0.000000,0.000000,0.000000,0.000000,0.000000,0.000000,0.000000,0.000000,0.000000,-0.220000,10.310000,0.110000,0.680000,0.330000,-0.050000,29.500000,-4.500000,-29.690000
2.336000,151773.000000,43.000000,2289.000000,2285.000000,1293.000000,2380.000000,2250.000000,0.000000,0.000000,0.000000,0.000000,0.000000,0.000000,0.000000,0.000000,0.000000,-0.220000,10.310000,0.110000,0.680000,0.330000,-0.050000,29.500000,-4.500000,-29.690000
2.338000,151774.000000,9.000000,2330.000000,2320.000000,1087.000000,2420.000000,1738.000000,0.000000,0.000000,0.000000,0.000000,0.000000,0.000000,0.000000,0.000000,0.000000,-0.220000,10.310000,0.110000,0.680000,0.330000,-0.050000,29.500000,-4.500000,-29.690000
2.340000,151775.000000,57.000000,2319.000000,2326.000000,784.000000,2425.000000,1392.000000,0.000000,0.000000,0.000000,0.000000,0.000000,0.000000,0.000000,0.000000,0.000000,-0.060000,10.400000,0.000000,0.750000,0.320000,-0.060000,28.690000,-5.190000,-30.190000
2.342000,151776.000000,0.000000,2299.000000,2315.000000,609.000000,2416.000000,1355.000000,0.000000,0.000000,0.000000,0.000000,0.000000,0.000000,0.000000,0.000000,0.000000,-0.060000,10.400000,0.000000,0.750000,0.320000,-0.060000,28.690000,-5.190000,-30.190000
2.344000,151777.000000,0.000000,2256.000000,2294.000000,651.000000,2410.000000,1652.000000,0.000000,0.000000,0.000000,0.000000,0.000000,0.000000,0.000000,0.000000,0.000000,-0.060000,10.400000,0.000000,0.750000,0.320000,-0.060000,28.690000,-5.190000,-30.190000
2.346000,151778.000000,2.000000,2232.000000,2257.000000,738.000000,2419.000000,1821.000000,0.000000,0.000000,0.000000,0.000000,0.000000,0.000000,0.000000,0.000000,0.000000,-0.060000,10.400000,0.000000,0.750000,0.320000,-0.060000,28.690000,-5.190000,-30.190000
2.348000,151779.000000,8.000000,2230.000000,2263.000000,817.000000,2448.000000,1914.000000,0.000000,0.000000,0.000000,0.000000,0.000000,0.000000,0.000000,0.000000,0.000000,-0.060000,10.400000,0.000000,0.750000,0.320000,-0.060000,28.690000,-5.190000,-30.190000
2.350000,151780.000000,169.000000,2219.000000,2314.000000,880.000000,2437.000000,1934.000000,0.000000,0.000000,0.000000,0.000000,0.000000,0.000000,0.000000,0.000000,0.000000,0.000000,10.750000,-0.300000,0.900000,0.270000,-0.080000,28.690000,-5.190000,-30.190000
2.352000,151781.000000,51.000000,2229.000000,2295.000000,1081.000000,2437.000000,2402.000000,0.000000,0.000000,0.000000,0.000000,0.000000,0.000000,0.000000,0.000000,0.000000,0.000000,10.750000,-0.300000,0.900000,0.270000,-0.080000,28.690000,-5.190000,-30.190000
2.354000,151782.000000,50.000000,2257.000000,2339.000000,1326.000000,2480.000000,2453.000000,0.000000,0.000000,0.000000,0.000000,0.000000,0.000000,0.000000,0.000000,0.000000,0.000000,10.750000,-0.300000,0.900000,0.270000,-0.080000,28.690000,-5.190000,-30.190000
2.356000,151783.000000,46.000000,2301.000000,2370.000000,1315.000000,2528.000000,2256.000000,0.000000,0.000000,0.000000,0.000000,0.000000,0.000000,0.000000,0.000000,0.000000,0.000000,10.750000,-0.300000,0.900000,0.270000,-0.080000,28.690000,-5.190000,-30.190000
2.358000,151784.000000,33.000000,2320.000000,2387.000000,1153.000000,2517.000000,2077.000000,0.000000,0.000000,0.000000,0.000000,0.000000,0.000000,0.000000,0.000000,0.000000,0.000000,10.750000,-0.300000,0.900000,0.270000,-0.080000,28.690000,-5.190000,-30.190000
2.360000,151785.000000,726.000000,2285.000000,2358.000000,823.000000,2518.000000,1681.000000,0.000000,0.000000,0.000000,0.000000,0.000000,0.000000,0.000000,0.000000,0.000000,0.080000,10.940000,-0.440000,1.000000,0.250000,-0.080000,28.690000,-5.190000,-30.190000
2.362000,151786.000000,1.000000,2269.000000,2408.000000,641.000000,2517.000000,1505.000000,0.000000,0.000000,0.000000,0.000000,0.000000,0.000000,0.000000,0.000000,0.000000,0.080000,10.940000,-0.440000,1.000000,0.250000,-0.080000,28.690000,-5.190000,-30.190000
2.364000,151787.000000,0.000000,2246.000000,2391.000000,710.000000,2495.000000,1598.000000,0.000000,0.000000,0.000000,0.000000,0.000000,0.000000,0.000000,0.000000,0.000000,0.080000,10.940000,-0.440000,1.000000,0.250000,-0.080000,28.690000,-5.190000,-30.190000
2.366000,151788.000000,0.000000,2218.000000,2359.000000,784.000000,2511.000000,1739.000000,0.000000,0.000000,0.000000,0.000000,0.000000,0.000000,0.000000,0.000000,0.000000,0.080000,10.940000,-0.440000,1.000000,0.250000,-0.080000,28.690000,-5.190000,-30.190000
2.368000,151789.000000,14.000000,2195.000000,2379.000000,855.000000,2473.000000,1827.000000,0.000000,0.000000,0.000000,0.000000,0.000000,0.000000,0.000000,0.000000,0.000000,0.080000,10.940000,-0.440000,1.000000,0.250000,-0.080000,28.690000,-5.190000,-30.190000
2.370000,151790.000000,682.000000,2151.000000,2383.000000,927.000000,2519.000000,1899.000000,0.000000,0.000000,0.000000,0.000000,0.000000,0.000000,0.000000,0.000000,0.000000,0.110000,11.130000,-0.560000,1.120000,0.240000,-0.070000,28.690000,-5.190000,-30.190000
2.372000,151791.000000,48.000000,2160.000000,2422.000000,1099.000000,2507.000000,2192.000000,0.000000,0.000000,0.000000,0.000000,0.000000,0.000000,0.000000,0.000000,0.000000,0.110000,11.130000,-0.560000,1.120000,0.240000,-0.070000,28.690000,-5.190000,-30.190000
2.374000,151792.000000,61.000000,2186.000000,2423.000000,1342.000000,2559.000000,2475.000000,0.000000,0.000000,0.000000,0.000000,0.000000,0.000000,0.000000,0.000000,0.000000,0.110000,11.130000,-0.560000,1.120000,0.240000,-0.070000,28.690000,-5.190000,-30.190000
2.376000,151793.000000,43.000000,2211.000000,2453.000000,1297.000000,2588.000000,2383.000000,0.000000,0.000000,0.000000,0.000000,0.000000,0.000000,0.000000,0.000000,0.000000,0.110000,11.130000,-0.560000,1.120000,0.240000,-0.070000,28.690000,-5.190000,-30.190000
2.378000,151794.000000,21.000000,2224.000000,2448.000000,1136.000000,2624.000000,2062.000000,0.000000,0.000000,0.000000,0.000000,0.000000,0.000000,0.000000,0.000000,0.000000,0.110000,11.130000,-0.560000,1.120000,0.240000,-0.070000,28.690000,-5.190000,-30.190000
2.380000,151795.000000,26.000000,2192.000000,2486.000000,855.000000,2640.000000,1715.000000,0.000000,0.000000,0.000000,0.000000,0.000000,0.000000,0.000000,0.000000,0.000000,0.240000,11.330000,-0.640000,1.120000,0.240000,-0.070000,28.690000,-5.190000,-30.190000
2.382000,151796.000000,0.000000,2159.000000,2422.000000,682.000000,2619.000000,1555.000000,0.000000,0.000000,0.000000,0.000000,0.000000,0.000000,0.000000,0.000000,0.000000,0.240000,11.330000,-0.640000,1.120000,0.240000,-0.070000,28.690000,-5.190000,-30.190000
2.384000,151797.000000,0.000000,2131.000000,2431.000000,703.000000,2623.000000,1681.000000,0.000000,0.000000,0.000000,0.000000,0.000000,0.000000,0.000000,0.000000,0.000000,0.240000,11.330000,-0.640000,1.120000,0.240000,-0.070000,28.690000,-5.190000,-30.190000
2.386000,151798.000000,0.000000,2082.000000,2404.000000,804.000000,2629.000000,1780.000000,0.000000,0.000000,0.000000,0.000000,0.000000,0.000000,0.000000,0.000000,0.000000,0.240000,11.330000,-0.640000,1.120000,0.240000,-0.070000,28.690000,-5.190000,-30.190000
2.388000,151799.000000,11.000000,2073.000000,2385.000000,863.000000,2660.000000,1866.000000,0.000000,0.000000,0.000000,0.000000,0.000000,0.000000,0.000000,0.000000,0.000000,0.240000,11.330000,-0.640000,1.120000,0.240000,-0.070000,28.690000,-5.190000,-30.190000
2.390000,151800.000000,79.000000,2065.000000,2349.000000,932.000000,2692.000000,1930.000000,0.000000,0.000000,0.000000,0.000000,0.000000,0.000000,0.000000,0.000000,0.000000,0.260000,11.590000,-0.990000,1.250000,0.220000,-0.050000,29.880000,-7.000000,-29.690000
2.392000,151801.000000,46.000000,2017.000000,2326.000000,1091.000000,2720.000000,2450.000000,0.000000,0.000000,0.000000,0.000000,0.000000,0.000000,0.000000,0.000000,0.000000,0.260000,11.590000,-0.990000,1.250000,0.220000,-0.050000,29.880000,-7.000000,-29.690000
2.394000,151802.000000,69.000000,2043.000000,2327.000000,1339.000000,2747.000000,2559.000000,0.000000,0.000000,0.000000,0.000000,0.000000,0.000000,0.000000,0.000000,0.000000,0.260000,11.590000,-0.990000,1.250000,0.220000,-0.050000,29.880000,-7.000000,-29.690000
2.396000,151803.000000,42.000000,2094.000000,2345.000000,1307.000000,2846.000000,2245.000000,0.000000,0.000000,0.000000,0.000000,0.000000,0.000000,0.000000,0.000000,0.000000,0.260000,11.590000,-0.990000,1.250000,0.220000,-0.050000,29.880000,-7.000000,-29.690000
2.398000,151804.000000,6.000000,2084.000000,2323.000000,1105.000000,2913.000000,1872.000000,0.000000,0.000000,0.000000,0.000000,0.000000,0.000000,0.000000,0.000000,0.000000,0.260000,11.590000,-0.990000,1.250000,0.220000,-0.050000,29.880000,-7.000000,-29.690000
2.400000,151805.000000,631.000000,2041.000000,2256.000000,868.000000,2949.000000,1555.000000,0.000000,0.000000,0.000000,0.000000,0.000000,0.000000,0.000000,0.000000,0.000000,0.310000,11.660000,-1.200000,1.570000,0.150000,-0.010000,29.880000,-7.000000,-29.690000
2.402000,151806.000000,0.000000,2003.000000,2160.000000,669.000000,2977.000000,1615.000000,0.000000,0.000000,0.000000,0.000000,0.000000,0.000000,0.000000,0.000000,0.000000,0.310000,11.660000,-1.200000,1.570000,0.150000,-0.010000,29.880000,-7.000000,-29.690000
2.404000,151807.000000,0.000000,1945.000000,2160.000000,723.000000,2991.000000,1776.000000,0.000000,0.000000,0.000000,0.000000,0.000000,0.000000,0.000000,0.000000,0.000000,0.310000,11.660000,-1.200000,1.570000,0.150000,-0.010000,29.880000,-7.000000,-29.690000
2.406000,151808.000000,1.000000,1901.000000,2165.000000,798.000000,3053.000000,1854.000000,0.000000,0.000000,0.000000,0.000000,0.000000,0.000000,0.000000,0.000000,0.000000,0.310000,11.660000,-1.200000,1.570000,0.150000,-0.010000,29.880000,-7.000000,-29.690000
2.408000,151809.000000,5.000000,1851.000000,2277.000000,872.000000,3086.000000,1920.000000,0.000000,0.000000,0.000000,0.000000,0.000000,0.000000,0.000000,0.000000,0.000000,0.310000,11.660000,-1.200000,1.570000,0.150000,-0.010000,29.880000,-7.000000,-29.690000
2.410000,151810.000000,579.000000,1810.000000,2347.000000,935.000000,3122.000000,1939.000000,0.000000,0.000000,0.000000,0.000000,0.000000,0.000000,0.000000,0.000000,0.000000,0.220000,11.660000,-1.500000,1.760000,0.120000,0.010000,29.880000,-7.000000,-29.690000
2.412000,151811.000000,57.000000,1747.000000,2448.000000,1104.000000,3229.000000,2436.000000,0.000000,0.000000,0.000000,0.000000,0.000000,0.000000,0.000000,0.000000,0.000000,0.220000,11.660000,-1.500000,1.760000,0.120000,0.010000,29.880000,-7.000000,-29.690000
2.414000,151812.000000,68.000000,1702.000000,2509.000000,1300.000000,3297.000000,2559.000000,0.000000,0.000000,0.000000,0.000000,0.000000,0.000000,0.000000,0.000000,0.000000,0.220000,11.660000,-1.500000,1.760000,0.120000,0.010000,29.880000,-7.000000,-29.690000
2.416000,151813.000000,39.000000,1712.000000,2533.000000,1280.000000,3410.000000,2270.000000,0.000000,0.000000,0.000000,0.000000,0.000000,0.000000,0.000000,0.000000,0.000000,0.220000,11.660000,-1.500000,1.760000,0.120000,0.010000,29.880000,-7.000000,-29.690000
2.418000,151814.000000,4.000000,1664.000000,2550.000000,1083.000000,3534.000000,1939.000000,0.000000,0.000000,0.000000,0.000000,0.000000,0.000000,0.000000,0.000000,0.000000,0.220000,11.660000,-1.500000,1.760000,0.120000,0.010000,29.880000,-7.000000,-29.690000
2.420000,151815.000000,477.000000,1646.000000,2559.000000,819.000000,3583.000000,1651.000000,0.000000,0.000000,0.000000,0.000000,0.000000,0.000000,0.000000,0.000000,0.000000,0.230000,11.680000,-1.760000,1.870000,0.070000,0.020000,29.880000,-7.000000,-29.690000
2.422000,151816.000000,0.000000,1597.000000,2496.000000,675.000000,3679.000000,1488.000000,0.000000,0.000000,0.000000,0.000000,0.000000,0.000000,0.000000,0.000000,0.000000,0.230000,11.680000,-1.760000,1.870000,0.070000,0.020000,29.880000,-7.000000,-29.690000
2.424000,151817.000000,0.000000,1535.000000,2471.000000,720.000000,3728.000000,1734.000000,0.000000,0.000000,0.000000,0.000000,0.000000,0.000000,0.000000,0.000000,0.000000,0.230000,11.680000,-1.760000,1.870000,0.070000,0.020000,29.880000,-7.000000,-29.690000
2.426000,151818.000000,0.000000,1535.000000,2482.000000,775.000000,3777.000000,1823.000000,0.000000,0.000000,0.000000,0.000000,0.000000,0.000000,0.000000,0.000000,0.000000,0.230000,11.680000,-1.760000,1.870000,0.070000,0.020000,29.880000,-7.000000,-29.690000
2.428000,151819.000000,1.000000,1499.000000,2499.000000,860.000000,3829.000000,1904.000000,0.000000,0.000000,0.000000,0.000000,0.000000,0.000000,0.000000,0.000000,0.000000,0.230000,11.680000,-1.760000,1.870000,0.070000,0.020000,29.880000,-7.000000,-29.690000
2.430000,151820.000000,61.000000,1498.000000,2474.000000,926.000000,3924.000000,2021.000000,0.000000,0.000000,0.000000,0.000000,0.000000,0.000000,0.000000,0.000000,0.000000,0.340000,11.410000,-1.880000,1.870000,0.070000,0.020000,29.880000,-7.000000,-29.690000
2.432000,151821.000000,45.000000,1498.000000,2491.000000,1047.000000,3982.000000,2469.000000,0.000000,0.000000,0.000000,0.000000,0.000000,0.000000,0.000000,0.000000,0.000000,0.340000,11.410000,-1.880000,1.870000,0.070000,0.020000,29.880000,-7.000000,-29.690000
2.434000,151822.000000,65.000000,1584.000000,2507.000000,1296.000000,4043.000000,2619.000000,0.000000,0.000000,0.000000,0.000000,0.000000,0.000000,0.000000,0.000000,0.000000,0.340000,11.410000,-1.880000,1.870000,0.070000,0.020000,29.880000,-7.000000,-29.690000
2.436000,151823.000000,51.000000,1627.000000,2476.000000,1274.000000,4095.000000,2479.000000,0.000000,0.000000,0.000000,0.000000,0.000000,0.000000,0.000000,0.000000,0.000000,0.340000,11.410000,-1.880000,1.870000,0.070000,0.020000,29.880000,-7.000000,-29.690000
2.438000,151824.000000,21.000000,1671.000000,2506.000000,1129.000000,4095.000000,2112.000000,0.000000,0.000000,0.000000,0.000000,0.000000,0.000000,0.000000,0.000000,0.000000,0.340000,11.410000,-1.880000,1.870000,0.070000,0.020000,29.880000,-7.000000,-29.690000
2.440000,151825.000000,0.000000,1675.000000,2485.000000,847.000000,4095.000000,1561.000000,0.000000,0.000000,0.000000,0.000000,0.000000,0.000000,0.000000,0.000000,0.000000,0.180000,11.320000,-1.370000,1.940000,0.070000,-0.010000,30.500000,-8.060000,-28.060000
2.442000,151826.000000,0.000000,1680.000000,2427.000000,714.000000,4095.000000,1475.000000,0.000000,0.000000,0.000000,0.000000,0.000000,0.000000,0.000000,0.000000,0.000000,0.180000,11.320000,-1.370000,1.940000,0.070000,-0.010000,30.500000,-8.060000,-28.060000
2.444000,151827.000000,0.000000,1666.000000,2384.000000,767.000000,4095.000000,1764.000000,0.000000,0.000000,0.000000,0.000000,0.000000,0.000000,0.000000,0.000000,0.000000,0.180000,11.320000,-1.370000,1.940000,0.070000,-0.010000,30.500000,-8.060000,-28.060000
2.446000,151828.000000,0.000000,1668.000000,2305.000000,868.000000,4095.000000,1875.000000,0.000000,0.000000,0.000000,0.000000,0.000000,0.000000,0.000000,0.000000,0.000000,0.180000,11.320000,-1.370000,1.940000,0.070000,-0.010000,30.500000,-8.060000,-28.060000
2.448000,151829.000000,13.000000,1691.000000,2297.000000,915.000000,4095.000000,2075.000000,0.000000,0.000000,0.000000,0.000000,0.000000,0.000000,0.000000,0.000000,0.000000,0.180000,11.320000,-1.370000,1.940000,0.070000,-0.010000,30.500000,-8.060000,-28.060000
2.450000,151830.000000,575.000000,1700.000000,2244.000000,967.000000,4095.000000,2213.000000,0.000000,0.000000,0.000000,0.000000,0.000000,0.000000,0.000000,0.000000,0.000000,-0.170000,11.110000,-0.740000,1.910000,0.130000,-0.040000,30.500000,-8.060000,-28.060000
2.452000,151831.000000,55.000000,1723.000000,2198.000000,1121.000000,4095.000000,2327.000000,0.000000,0.000000,0.000000,0.000000,0.000000,0.000000,0.000000,0.000000,0.000000,-0.170000,11.110000,-0.740000,1.910000,0.130000,-0.040000,30.500000,-8.060000,-28.060000
2.454000,151832.000000,61.000000,1808.000000,2183.000000,1323.000000,4095.000000,2559.000000,0.000000,0.000000,0.000000,0.000000,0.000000,0.000000,0.000000,0.000000,0.000000,-0.170000,11.110000,-0.740000,1.910000,0.130000,-0.040000,30.500000,-8.060000,-28.060000
2.456000,151833.000000,48.000000,1867.000000,2170.000000,1291.000000,4095.000000,2432.000000,0.000000,0.000000,0.000000,0.000000,0.000000,0.000000,0.000000,0.000000,0.000000,-0.170000,11.110000,-0.740000,1.910000,0.130000,-0.040000,30.500000,-8.060000,-28.060000
2.458000,151834.000000,29.000000,1937.000000,2173.000000,1159.000000,4095.000000,2175.000000,0.000000,0.000000,0.000000,0.000000,0.000000,0.000000,0.000000,0.000000,0.000000,-0.170000,11.110000,-0.740000,1.910000,0.130000,-0.040000,30.500000,-8.060000,-28.060000
2.460000,151835.000000,607.000000,1937.000000,2123.000000,874.000000,4095.000000,1810.000000,0.000000,0.000000,0.000000,0.000000,0.000000,0.000000,0.000000,0.000000,0.000000,-0.450000,10.980000,-0.460000,1.890000,0.100000,-0.080000,30.500000,-8.060000,-28.060000
2.462000,151836.000000,0.000000,1923.000000,2091.000000,727.000000,4075.000000,1611.000000,0.000000,0.000000,0.000000,0.000000,0.000000,0.000000,0.000000,0.000000,0.000000,-0.450000,10.980000,-0.460000,1.890000,0.100000,-0.080000,30.500000,-8.060000,-28.060000
2.464000,151837.000000,0.000000,1901.000000,2064.000000,757.000000,3981.000000,1721.000000,0.000000,0.000000,0.000000,0.000000,0.000000,0.000000,0.000000,0.000000,0.000000,-0.450000,10.980000,-0.460000,1.890000,0.100000,-0.080000,30.500000,-8.060000,-28.060000
2.466000,151838.000000,0.000000,1859.000000,2007.000000,830.000000,3901.000000,1845.000000,0.000000,0.000000,0.000000,0.000000,0.000000,0.000000,0.000000,0.000000,0.000000,-0.450000,10.980000,-0.460000,1.890000,0.100000,-0.080000,30.500000,-8.060000,-28.060000
2.468000,151839.000000,9.000000,1859.000000,1999.000000,890.000000,3917.000000,1928.000000,0.000000,0.000000,0.000000,0.000000,0.000000,0.000000,0.000000,0.000000,0.000000,-0.450000,10.980000,-0.460000,1.890000,0.100000,-0.080000,30.500000,-8.060000,-28.060000
2.470000,151840.000000,606.000000,1849.000000,1978.000000,944.000000,3907.000000,1989.000000,0.000000,0.000000,0.000000,0.000000,0.000000,0.000000,0.000000,0.000000,0.000000,-1.080000,11.040000,-0.410000,1.910000,-0.040000,-0.120000,30.500000,-8.060000,-28.060000
2.472000,151841.000000,45.000000,1847.000000,2000.000000,1082.000000,3854.000000,2227.000000,0.000000,0.000000,0.000000,0.000000,0.000000,0.000000,0.000000,0.000000,0.000000,-1.080000,11.040000,-0.410000,1.910000,-0.040000,-0.120000,30.500000,-8.060000,-28.060000
2.474000,151842.000000,48.000000,1842.000000,2038.000000,1300.000000,3861.000000,2445.000000,0.000000,0.000000,0.000000,0.000000,0.000000,0.000000,0.000000,0.000000,0.000000,-1.080000,11.040000,-0.410000,1.910000,-0.040000,-0.120000,30.500000,-8.060000,-28.060000
2.476000,151843.000000,43.000000,1845.000000,2041.000000,1250.000000,3870.000000,2354.000000,0.000000,0.000000,0.000000,0.000000,0.000000,0.000000,0.000000,0.000000,0.000000,-1.080000,11.040000,-0.410000,1.910000,-0.040000,-0.120000,30.500000,-8.060000,-28.060000
2.478000,151844.000000,24.000000,1846.000000,2055.000000,1115.000000,3863.000000,2124.000000,0.000000,0.000000,0.000000,0.000000,0.000000,0.000000,0.000000,0.000000,0.000000,-1.080000,11.040000,-0.410000,1.910000,-0.040000,-0.120000,30.500000,-8.060000,-28.060000
2.480000,151845.000000,9.000000,1843.000000,2066.000000,852.000000,3839.000000,1745.000000,0.000000,0.000000,0.000000,0.000000,0.000000,0.000000,0.000000,0.000000,0.000000,-1.350000,11.050000,-0.740000,1.910000,-0.040000,-0.120000,30.500000,-8.060000,-28.060000
2.482000,151846.000000,0.000000,1803.000000,2095.000000,741.000000,3773.000000,1583.000000,0.000000,0.000000,0.000000,0.000000,0.000000,0.000000,0.000000,0.000000,0.000000,-1.350000,11.050000,-0.740000,1.910000,-0.040000,-0.120000,30.500000,-8.060000,-28.060000
2.484000,151847.000000,0.000000,1765.000000,2106.000000,746.000000,3706.000000,1679.000000,0.000000,0.000000,0.000000,0.000000,0.000000,0.000000,0.000000,0.000000,0.000000,-1.350000,11.050000,-0.740000,1.910000,-0.040000,-0.120000,30.500000,-8.060000,-28.060000
2.486000,151848.000000,0.000000,1760.000000,2097.000000,830.000000,3666.000000,1808.000000,0.000000,0.000000,0.000000,0.000000,0.000000,0.000000,0.000000,0.000000,0.000000,-1.350000,11.050000,-0.740000,1.910000,-0.040000,-0.120000,30.500000,-8.060000,-28.060000
2.488000,151849.000000,0.000000,1739.000000,2194.000000,859.000000,3600.000000,1904.000000,0.000000,0.000000,0.000000,0.000000,0.000000,0.000000,0.000000,0.000000,0.000000,-1.350000,11.050000,-0.740000,1.910000,-0.040000,-0.120000,30.500000,-8.060000,-28.060000
2.490000,151850.000000,13.000000,1718.000000,2267.000000,907.000000,3554.000000,1941.000000,0.000000,0.000000,0.000000,0.000000,0.000000,0.000000,0.000000,0.000000,0.000000,-1.400000,10.900000,-0.990000,2.000000,-0.250000,-0.150000,31.250000,-11.690000,-26.380000
2.492000,151851.000000,48.000000,1723.000000,2337.000000,1036.000000,3504.000000,2171.000000,0.000000,0.000000,0.000000,0.000000,0.000000,0.000000,0.000000,0.000000,0.000000,-1.400000,10.900000,-0.990000,2.000000,-0.250000,-0.150000,31.250000,-11.690000,-26.380000
2.494000,151852.000000,48.000000,1721.000000,2443.000000,1234.000000,3500.000000,2425.000000,0.000000,0.000000,0.000000,0.000000,0.000000,0.000000,0.000000,0.000000,0.000000,-1.400000,10.900000,-0.990000,2.000000,-0.250000,-0.150000,31.250000,-11.690000,-26.380000
2.496000,151853.000000,35.000000,1684.000000,2581.000000,1234.000000,3509.000000,2333.000000,0.000000,0.000000,0.000000,0.000000,0.000000,0.000000,0.000000,0.000000,0.000000,-1.400000,10.900000,-0.990000,2.000000,-0.250000,-0.150000,31.250000,-11.690000,-26.380000
2.498000,151854.000000,23.000000,1650.000000,2694.000000,1094.000000,3489.000000,2061.000000,0.000000,0.000000,0.000000,0.000000,0.000000,0.000000,0.000000,0.000000,0.000000,-1.400000,10.900000,-0.990000,2.000000,-0.250000,-0.150000,31.250000,-11.690000,-26.380000
2.500000,151855.000000,464.000000,1553.000000,2783.000000,867.000000,3408.000000,1775.000000,0.000000,0.000000,0.000000,0.000000,0.000000,0.000000,0.000000,0.000000,0.000000,-1.120000,10.310000,-1.120000,2.140000,-0.390000,-0.140000,31.250000,-11.690000,-26.380000
2.502000,151856.000000,0.000000,1424.000000,2896.000000,710.000000,3323.000000,1595.000000,0.000000,0.000000,0.000000,0.000000,0.000000,0.000000,0.000000,0.000000,0.000000,-1.120000,10.310000,-1.120000,2.140000,-0.390000,-0.140000,31.250000,-11.690000,-26.380000
2.504000,151857.000000,0.000000,1299.000000,2992.000000,739.000000,3222.000000,1699.000000,0.000000,0.000000,0.000000,0.000000,0.000000,0.000000,0.000000,0.000000,0.000000,-1.120000,10.310000,-1.120000,2.140000,-0.390000,-0.140000,31.250000,-11.690000,-26.380000
2.506000,151858.000000,0.000000,1208.000000,3041.000000,797.000000,3136.000000,1790.000000,0.000000,0.000000,0.000000,0.000000,0.000000,0.000000,0.000000,0.000000,0.000000,-1.120000,10.310000,-1.120000,2.140000,-0.390000,-0.140000,31.250000,-11.690000,-26.380000
2.508000,151859.000000,0.000000,1065.000000,3219.000000,857.000000,3057.000000,1895.000000,0.000000,0.000000,0.000000,0.000000,0.000000,0.000000,0.000000,0.000000,0.000000,-1.120000,10.310000,-1.120000,2.140000,-0.390000,-0.140000,31.250000,-11.690000,-26.380000
2.510000,151860.000000,299.000000,1007.000000,3335.000000,864.000000,2995.000000,1936.000000,0.000000,0.000000,0.000000,0.000000,0.000000,0.000000,0.000000,0.000000,0.000000,-0.780000,10.160000,-0.990000,2.080000,-0.300000,-0.090000,31.250000,-11.690000,-26.380000
2.512000,151861.000000,22.000000,895.000000,3402.000000,976.000000,2955.000000,2123.000000,0.000000,0.000000,0.000000,0.000000,0.000000,0.000000,0.000000,0.000000,0.000000,-0.780000,10.160000,-0.990000,2.080000,-0.300000,-0.090000,31.250000,-11.690000,-26.380000
2.514000,151862.000000,39.000000,827.000000,3569.000000,1198.000000,2918.000000,2390.000000,0.000000,0.000000,0.000000,0.000000,0.000000,0.000000,0.000000,0.000000,0.000000,-0.780000,10.160000,-0.990000,2.080000,-0.300000,-0.090000,31.250000,-11.690000,-26.380000
2.516000,151863.000000,31.000000,806.000000,3745.000000,1159.000000,2864.000000,2310.000000,0.000000,0.000000,0.000000,0.000000,0.000000,0.000000,0.000000,0.000000,0.000000,-0.780000,10.160000,-0.990000,2.080000,-0.300000,-0.090000,31.250000,-11.690000,-26.380000
2.518000,151864.000000,16.000000,738.000000,3854.000000,1008.000000,2857.000000,2079.000000,0.000000,0.000000,0.000000,0.000000,0.000000,0.000000,0.000000,0.000000,0.000000,-0.780000,10.160000,-0.990000,2.080000,-0.300000,-0.090000,31.250000,-11.690000,-26.380000
2.520000,151865.000000,167.000000,630.000000,3962.000000,783.000000,2815.000000,1710.000000,0.000000,0.000000,0.000000,0.000000,0.000000,0.000000,0.000000,0.000000,0.000000,-0.250000,10.210000,-0.620000,1.920000,-0.140000,0.000000,31.250000,-11.690000,-26.380000
2.522000,151866.000000,0.000000,555.000000,4062.000000,671.000000,2767.000000,1581.000000,0.000000,0.000000,0.000000,0.000000,0.000000,0.000000,0.000000,0.000000,0.000000,-0.250000,10.210000,-0.620000,1.920000,-0.140000,0.000000,31.250000,-11.690000,-26.380000
2.524000,151867.000000,0.000000,609.000000,4059.000000,663.000000,2695.000000,1708.000000,0.000000,0.000000,0.000000,0.000000,0.000000,0.000000,0.000000,0.000000,0.000000,-0.250000,10.210000,-0.620000,1.920000,-0.140000,0.000000,31.250000,-11.690000,-26.380000
2.526000,151868.000000,0.000000,820.000000,4095.000000,749.000000,2654.000000,1842.000000,0.000000,0.000000,0.000000,0.000000,0.000000,0.000000,0.000000,0.000000,0.000000,-0.250000,10.210000,-0.620000,1.920000,-0.140000,0.000000,31.250000,-11.690000,-26.380000
2.528000,151869.000000,0.000000,848.000000,4095.000000,784.000000,2621.000000,1863.000000,0.000000,0.000000,0.000000,0.000000,0.000000,0.000000,0.000000,0.000000,0.000000,-0.250000,10.210000,-0.620000,1.920000,-0.140000,0.000000,31.250000,-11.690000,-26.380000
2.530000,151870.000000,0.000000,459.000000,4095.000000,850.000000,2673.000000,1936.000000,0.000000,0.000000,0.000000,0.000000,0.000000,0.000000,0.000000,0.000000,0.000000,0.420000,10.240000,-0.460000,1.920000,-0.140000,0.000000,31.250000,-11.690000,-26.380000
2.532000,151871.000000,27.000000,357.000000,4095.000000,941.000000,2600.000000,2174.000000,0.000000,0.000000,0.000000,0.000000,0.000000,0.000000,0.000000,0.000000,0.000000,0.420000,10.240000,-0.460000,1.920000,-0.140000,0.000000,31.250000,-11.690000,-26.380000
2.534000,151872.000000,31.000000,361.000000,4095.000000,1139.000000,2559.000000,2329.000000,0.000000,0.000000,0.000000,0.000000,0.000000,0.000000,0.000000,0.000000,0.000000,0.420000,10.240000,-0.460000,1.920000,-0.140000,0.000000,31.250000,-11.690000,-26.380000
2.536000,151873.000000,17.000000,422.000000,4095.000000,1104.000000,2559.000000,2139.000000,0.000000,0.000000,0.000000,0.000000,0.000000,0.000000,0.000000,0.000000,0.000000,0.420000,10.240000,-0.460000,1.920000,-0.140000,0.000000,31.250000,-11.690000,-26.380000
2.538000,151874.000000,0.000000,496.000000,4095.000000,1021.000000,2559.000000,1758.000000,0.000000,0.000000,0.000000,0.000000,0.000000,0.000000,0.000000,0.000000,0.000000,0.420000,10.240000,-0.460000,1.920000,-0.140000,0.000000,31.250000,-11.690000,-26.380000
2.540000,151875.000000,0.000000,559.000000,3965.000000,762.000000,2587.000000,1474.000000,0.000000,0.000000,0.000000,0.000000,0.000000,0.000000,0.000000,0.000000,0.000000,0.720000,10.140000,0.250000,1.740000,0.000000,0.100000,30.880000,-14.250000,-26.500000
2.542000,151876.000000,0.000000,590.000000,3763.000000,639.000000,2559.000000,1456.000000,0.000000,0.000000,0.000000,0.000000,0.000000,0.000000,0.000000,0.000000,0.000000,0.720000,10.140000,0.250000,1.740000,0.000000,0.100000,30.880000,-14.250000,-26.500000
2.544000,151877.000000,0.000000,668.000000,3561.000000,640.000000,2541.000000,1703.000000,0.000000,0.000000,0.000000,0.000000,0.000000,0.000000,0.000000,0.000000,0.000000,0.720000,10.140000,0.250000,1.740000,0.000000,0.100000,30.880000,-14.250000,-26.500000
2.546000,151878.000000,0.000000,736.000000,3362.000000,720.000000,2523.000000,1761.000000,0.000000,0.000000,0.000000,0.000000,0.000000,0.000000,0.000000,0.000000,0.000000,0.720000,10.140000,0.250000,1.740000,0.000000,0.100000,30.880000,-14.250000,-26.500000
2.548000,151879.000000,0.000000,847.000000,3116.000000,757.000000,2507.000000,1862.000000,0.000000,0.000000,0.000000,0.000000,0.000000,0.000000,0.000000,0.000000,0.000000,0.720000,10.140000,0.250000,1.740000,0.000000,0.100000,30.880000,-14.250000,-26.500000
2.550000,151880.000000,285.000000,959.000000,2960.000000,811.000000,2534.000000,1904.000000,0.000000,0.000000,0.000000,0.000000,0.000000,0.000000,0.000000,0.000000,0.000000,0.650000,9.940000,0.940000,1.560000,-0.090000,0.230000,30.880000,-14.250000,-26.500000
2.552000,151881.000000,33.000000,1082.000000,2775.000000,920.000000,2501.000000,2303.000000,0.000000,0.000000,0.000000,0.000000,0.000000,0.000000,0.000000,0.000000,0.000000,0.650000,9.940000,0.940000,1.560000,-0.090000,0.230000,30.880000,-14.250000,-26.500000
2.554000,151882.000000,47.000000,1227.000000,2732.000000,1118.000000,2525.000000,2393.000000,0.000000,0.000000,0.000000,0.000000,0.000000,0.000000,0.000000,0.000000,0.000000,0.650000,9.940000,0.940000,1.560000,-0.090000,0.230000,30.880000,-14.250000,-26.500000
2.556000,151883.000000,19.000000,1412.000000,2667.000000,1100.000000,2539.000000,2154.000000,0.000000,0.000000,0.000000,0.000000,0.000000,0.000000,0.000000,0.000000,0.000000,0.650000,9.940000,0.940000,1.560000,-0.090000,0.230000,30.880000,-14.250000,-26.500000
2.558000,151884.000000,0.000000,1585.000000,2529.000000,986.000000,2538.000000,1748.000000,0.000000,0.000000,0.000000,0.000000,0.000000,0.000000,0.000000,0.000000,0.000000,0.650000,9.940000,0.940000,1.560000,-0.090000,0.230000,30.880000,-14.250000,-26.500000
2.560000,151885.000000,477.000000,1697.000000,2435.000000,791.000000,2526.000000,1442.000000,0.000000,0.000000,0.000000,0.000000,0.000000,0.000000,0.000000,0.000000,0.000000,0.170000,9.630000,1.880000,1.480000,-0.250000,0.220000,30.880000,-14.250000,-26.500000
2.562000,151886.000000,0.000000,1792.000000,2255.000000,661.000000,2486.000000,1424.000000,0.000000,0.000000,0.000000,0.000000,0.000000,0.000000,0.000000,0.000000,0.000000,0.170000,9.630000,1.880000,1.480000,-0.250000,0.220000,30.880000,-14.250000,-26.500000
2.564000,151887.000000,0.000000,1859.000000,2110.000000,688.000000,2479.000000,1681.000000,0.000000,0.000000,0.000000,0.000000,0.000000,0.000000,0.000000,0.000000,0.000000,0.170000,9.630000,1.880000,1.480000,-0.250000,0.220000,30.880000,-14.250000,-26.500000
2.566000,151888.000000,0.000000,1928.000000,2011.000000,735.000000,2431.000000,1808.000000,0.000000,0.000000,0.000000,0.000000,0.000000,0.000000,0.000000,0.000000,0.000000,0.170000,9.630000,1.880000,1.480000,-0.250000,0.220000,30.880000,-14.250000,-26.500000
2.568000,151889.000000,0.000000,1993.000000,1906.000000,799.000000,2386.000000,1856.000000,0.000000,0.000000,0.000000,0.000000,0.000000,0.000000,0.000000,0.000000,0.000000,0.170000,9.630000,1.880000,1.480000,-0.250000,0.220000,30.880000,-14.250000,-26.500000
2.570000,151890.000000,651.000000,2031.000000,1885.000000,842.000000,2350.000000,1901.000000,0.000000,0.000000,0.000000,0.000000,0.000000,0.000000,0.000000,0.000000,0.000000,-0.730000,9.050000,2.760000,1.320000,-0.460000,0.180000,30.880000,-14.250000,-26.500000
2.572000,151891.000000,49.000000,2057.000000,1837.000000,951.000000,2327.000000,2293.000000,0.000000,0.000000,0.000000,0.000000,0.000000,0.000000,0.000000,0.000000,0.000000,-0.730000,9.050000,2.760000,1.320000,-0.460000,0.180000,30.880000,-14.250000,-26.500000
2.574000,151892.000000,59.000000,2053.000000,1855.000000,1134.000000,2309.000000,2383.000000,0.000000,0.000000,0.000000,0.000000,0.000000,0.000000,0.000000,0.000000,0.000000,-0.730000,9.050000,2.760000,1.320000,-0.460000,0.180000,30.880000,-14.250000,-26.500000
2.576000,151893.000000,27.000000,2078.000000,1856.000000,1137.000000,2293.000000,2122.000000,0.000000,0.000000,0.000000,0.000000,0.000000,0.000000,0.000000,0.000000,0.000000,-0.730000,9.050000,2.760000,1.320000,-0.460000,0.180000,30.880000,-14.250000,-26.500000
2.578000,151894.000000,1.000000,2100.000000,1852.000000,1023.000000,2258.000000,1712.000000,0.000000,0.000000,0.000000,0.000000,0.000000,0.000000,0.000000,0.000000,0.000000,-0.730000,9.050000,2.760000,1.320000,-0.460000,0.180000,30.880000,-14.250000,-26.500000
2.580000,151895.000000,0.000000,2069.000000,1763.000000,791.000000,2234.000000,1446.000000,0.000000,0.000000,0.000000,0.000000,0.000000,0.000000,0.000000,0.000000,0.000000,-2.090000,8.070000,2.360000,1.320000,-0.460000,0.180000,30.880000,-14.250000,-26.500000
2.582000,151896.000000,14.000000,2000.000000,1664.000000,675.000000,2205.000000,1409.000000,0.000000,0.000000,0.000000,0.000000,0.000000,0.000000,0.000000,0.000000,0.000000,-2.090000,8.070000,2.360000,1.320000,-0.460000,0.180000,30.880000,-14.250000,-26.500000
2.584000,151897.000000,0.000000,1920.000000,1601.000000,685.000000,2173.000000,1664.000000,0.000000,0.000000,0.000000,0.000000,0.000000,0.000000,0.000000,0.000000,0.000000,-2.090000,8.070000,2.360000,1.320000,-0.460000,0.180000,30.880000,-14.250000,-26.500000
2.586000,151898.000000,0.000000,1835.000000,1573.000000,742.000000,2141.000000,1758.000000,0.000000,0.000000,0.000000,0.000000,0.000000,0.000000,0.000000,0.000000,0.000000,-2.090000,8.070000,2.360000,1.320000,-0.460000,0.180000,30.880000,-14.250000,-26.500000
2.588000,151899.000000,0.000000,1744.000000,1571.000000,786.000000,2145.000000,1804.000000,0.000000,0.000000,0.000000,0.000000,0.000000,0.000000,0.000000,0.000000,0.000000,-2.090000,8.070000,2.360000,1.320000,-0.460000,0.180000,30.880000,-14.250000,-26.500000
2.590000,151900.000000,15.000000,1643.000000,1788.000000,831.000000,2123.000000,1828.000000,0.000000,0.000000,0.000000,0.000000,0.000000,0.000000,0.000000,0.000000,0.000000,-2.550000,7.630000,1.240000,1.150000,-0.750000,0.100000,32.000000,-17.500000,-24.190000
2.592000,151901.000000,28.000000,1566.000000,1857.000000,926.000000,2115.000000,2251.000000,0.000000,0.000000,0.000000,0.000000,0.000000,0.000000,0.000000,0.000000,0.000000,-2.550000,7.630000,1.240000,1.150000,-0.750000,0.100000,32.000000,-17.500000,-24.190000
2.594000,151902.000000,67.000000,1490.000000,1897.000000,1121.000000,2128.000000,2333.000000,0.000000,0.000000,0.000000,0.000000,0.000000,0.000000,0.000000,0.000000,0.000000,-2.550000,7.630000,1.240000,1.150000,-0.750000,0.100000,32.000000,-17.500000,-24.190000
2.596000,151903.000000,16.000000,1457.000000,1882.000000,1099.000000,2159.000000,2079.000000,0.000000,0.000000,0.000000,0.000000,0.000000,0.000000,0.000000,0.000000,0.000000,-2.550000,7.630000,1.240000,1.150000,-0.750000,0.100000,32.000000,-17.500000,-24.190000
2.598000,151904.000000,0.000000,1411.000000,1853.000000,955.000000,2171.000000,1680.000000,0.000000,0.000000,0.000000,0.000000,0.000000,0.000000,0.000000,0.000000,0.000000,-2.550000,7.630000,1.240000,1.150000,-0.750000,0.100000,32.000000,-17.500000,-24.190000
2.600000,151905.000000,361.000000,1347.000000,1841.000000,752.000000,2166.000000,1394.000000,0.000000,0.000000,0.000000,0.000000,0.000000,0.000000,0.000000,0.000000,0.000000,-2.810000,7.570000,-0.200000,0.900000,-1.000000,-0.030000,32.000000,-17.500000,-24.190000
2.602000,151906.000000,0.000000,1239.000000,1830.000000,593.000000,2117.000000,1360.000000,0.000000,0.000000,0.000000,0.000000,0.000000,0.000000,0.000000,0.000000,0.000000,-2.810000,7.570000,-0.200000,0.900000,-1.000000,-0.030000,32.000000,-17.500000,-24.190000
2.604000,151907.000000,0.000000,1183.000000,1809.000000,603.000000,2114.000000,1579.000000,0.000000,0.000000,0.000000,0.000000,0.000000,0.000000,0.000000,0.000000,0.000000,-2.810000,7.570000,-0.200000,0.900000,-1.000000,-0.030000,32.000000,-17.500000,-24.190000
2.606000,151908.000000,0.000000,1138.000000,1808.000000,655.000000,2087.000000,1703.000000,0.000000,0.000000,0.000000,0.000000,0.000000,0.000000,0.000000,0.000000,0.000000,-2.810000,7.570000,-0.200000,0.900000,-1.000000,-0.030000,32.000000,-17.500000,-24.190000
2.608000,151909.000000,0.000000,1091.000000,1819.000000,690.000000,2080.000000,1783.000000,0.000000,0.000000,0.000000,0.000000,0.000000,0.000000,0.000000,0.000000,0.000000,-2.810000,7.570000,-0.200000,0.900000,-1.000000,-0.030000,32.000000,-17.500000,-24.190000
2.610000,151910.000000,314.000000,1071.000000,1835.000000,738.000000,2091.000000,1801.000000,0.000000,0.000000,0.000000,0.000000,0.000000,0.000000,0.000000,0.000000,0.000000,-2.880000,7.710000,-1.650000,0.790000,-0.920000,-0.090000,32.000000,-17.500000,-24.190000
2.612000,151911.000000,30.000000,1085.000000,1869.000000,832.000000,2099.000000,2202.000000,0.000000,0.000000,0.000000,0.000000,0.000000,0.000000,0.000000,0.000000,0.000000,-2.880000,7.710000,-1.650000,0.790000,-0.920000,-0.090000,32.000000,-17.500000,-24.190000
2.614000,151912.000000,42.000000,1098.000000,1873.000000,1018.000000,2110.000000,2313.000000,0.000000,0.000000,0.000000,0.000000,0.000000,0.000000,0.000000,0.000000,0.000000,-2.880000,7.710000,-1.650000,0.790000,-0.920000,-0.090000,32.000000,-17.500000,-24.190000
2.616000,151913.000000,15.000000,1104.000000,1955.000000,1009.000000,2160.000000,2047.000000,0.000000,0.000000,0.000000,0.000000,0.000000,0.000000,0.000000,0.000000,0.000000,-2.880000,7.710000,-1.650000,0.790000,-0.920000,-0.090000,32.000000,-17.500000,-24.190000
2.618000,151914.000000,0.000000,1152.000000,2006.000000,875.000000,2176.000000,1671.000000,0.000000,0.000000,0.000000,0.000000,0.000000,0.000000,0.000000,0.000000,0.000000,-2.880000,7.710000,-1.650000,0.790000,-0.920000,-0.090000,32.000000,-17.500000,-24.190000
2.620000,151915.000000,0.000000,1136.000000,2026.000000,630.000000,2190.000000,1382.000000,0.000000,0.000000,0.000000,0.000000,0.000000,0.000000,0.000000,0.000000,0.000000,-3.020000,8.480000,-2.450000,0.680000,-0.790000,-0.170000,32.000000,-17.500000,-24.190000
2.622000,151916.000000,0.000000,1120.000000,2032.000000,523.000000,2166.000000,1375.000000,0.000000,0.000000,0.000000,0.000000,0.000000,0.000000,0.000000,0.000000,0.000000,-3.020000,8.480000,-2.450000,0.680000,-0.790000,-0.170000,32.000000,-17.500000,-24.190000
2.624000,151917.000000,0.000000,1133.000000,2045.000000,542.000000,2147.000000,1619.000000,0.000000,0.000000,0.000000,0.000000,0.000000,0.000000,0.000000,0.000000,0.000000,-3.020000,8.480000,-2.450000,0.680000,-0.790000,-0.170000,32.000000,-17.500000,-24.190000
2.626000,151918.000000,0.000000,1131.000000,2019.000000,585.000000,2139.000000,1714.000000,0.000000,0.000000,0.000000,0.000000,0.000000,0.000000,0.000000,0.000000,0.000000,-3.020000,8.480000,-2.450000,0.680000,-0.790000,-0.170000,32.000000,-17.500000,-24.190000
2.628000,151919.000000,0.000000,1147.000000,2045.000000,688.000000,2126.000000,1791.000000,0.000000,0.000000,0.000000,0.000000,0.000000,0.000000,0.000000,0.000000,0.000000,-3.020000,8.480000,-2.450000,0.680000,-0.790000,-0.170000,32.000000,-17.500000,-24.190000
2.630000,151920.000000,7.000000,1200.000000,2023.000000,701.000000,2126.000000,1856.000000,0.000000,0.000000,0.000000,0.000000,0.000000,0.000000,0.000000,0.000000,0.000000,-2.970000,8.630000,-2.140000,0.680000,-0.790000,-0.170000,32.000000,-17.500000,-24.190000
2.632000,151921.000000,22.000000,1243.000000,2085.000000,771.000000,2118.000000,2209.000000,0.000000,0.000000,0.000000,0.000000,0.000000,0.000000,0.000000,0.000000,0.000000,-2.970000,8.630000,-2.140000,0.680000,-0.790000,-0.170000,32.000000,-17.500000,-24.190000
2.634000,151922.000000,41.000000,1282.000000,2118.000000,944.000000,2126.000000,2343.000000,0.000000,0.000000,0.000000,0.000000,0.000000,0.000000,0.000000,0.000000,0.000000,-2.970000,8.630000,-2.140000,0.680000,-0.790000,-0.170000,32.000000,-17.500000,-24.190000
2.636000,151923.000000,16.000000,1345.000000,2183.000000,935.000000,2143.000000,2074.000000,0.000000,0.000000,0.000000,0.000000,0.000000,0.000000,0.000000,0.000000,0.000000,-2.970000,8.630000,-2.140000,0.680000,-0.790000,-0.170000,32.000000,-17.500000,-24.190000
2.638000,151924.000000,0.000000,1381.000000,2195.000000,842.000000,2155.000000,1708.000000,0.000000,0.000000,0.000000,0.000000,0.000000,0.000000,0.000000,0.000000,0.000000,-2.970000,8.630000,-2.140000,0.680000,-0.790000,-0.170000,32.000000,-17.500000,-24.190000
2.640000,151925.000000,16.000000,1378.000000,2132.000000,607.000000,2161.000000,1410.000000,0.000000,0.000000,0.000000,0.000000,0.000000,0.000000,0.000000,0.000000,0.000000,-2.670000,8.520000,-1.820000,0.610000,-0.560000,-0.220000,30.500000,-19.380000,-24.690000
2.642000,151926.000000,0.000000,1379.000000,2072.000000,462.000000,2159.000000,1397.000000,0.000000,0.000000,0.000000,0.000000,0.000000,0.000000,0.000000,0.000000,0.000000,-2.670000,8.520000,-1.820000,0.610000,-0.560000,-0.220000,30.500000,-19.380000,-24.690000
2.644000,151927.000000,0.000000,1387.000000,2035.000000,497.000000,2134.000000,1639.000000,0.000000,0.000000,0.000000,0.000000,0.000000,0.000000,0.000000,0.000000,0.000000,-2.670000,8.520000,-1.820000,0.610000,-0.560000,-0.220000,30.500000,-19.380000,-24.690000
2.646000,151928.000000,0.000000,1392.000000,2003.000000,560.000000,2137.000000,1756.000000,0.000000,0.000000,0.000000,0.000000,0.000000,0.000000,0.000000,0.000000,0.000000,-2.670000,8.520000,-1.820000,0.610000,-0.560000,-0.220000,30.500000,-19.380000,-24.690000
2.648000,151929.000000,0.000000,1397.000000,2054.000000,639.000000,2128.000000,1787.000000,0.000000,0.000000,0.000000,0.000000,0.000000,0.000000,0.000000,0.000000,0.000000,-2.670000,8.520000,-1.820000,0.610000,-0.560000,-0.220000,30.500000,-19.380000,-24.690000
2.650000,151930.000000,425.000000,1403.000000,2019.000000,688.000000,2127.000000,1824.000000,0.000000,0.000000,0.000000,0.000000,0.000000,0.000000,0.000000,0.000000,0.000000,-2.330000,8.160000,-1.230000,0.450000,-0.030000,-0.230000,30.500000,-19.380000,-24.690000
2.652000,151931.000000,34.000000,1414.000000,2046.000000,782.000000,2145.000000,2199.000000,0.000000,0.000000,0.000000,0.000000,0.000000,0.000000,0.000000,0.000000,0.000000,-2.330000,8.160000,-1.230000,0.450000,-0.030000,-0.230000,30.500000,-19.380000,-24.690000
2.654000,151932.000000,48.000000,1531.000000,2095.000000,958.000000,2162.000000,2356.000000,0.000000,0.000000,0.000000,0.000000,0.000000,0.000000,0.000000,0.000000,0.000000,-2.330000,8.160000,-1.230000,0.450000,-0.030000,-0.230000,30.500000,-19.380000,-24.690000
2.656000,151933.000000,24.000000,1687.000000,2155.000000,1008.000000,2180.000000,2110.000000,0.000000,0.000000,0.000000,0.000000,0.000000,0.000000,0.000000,0.000000,0.000000,-2.330000,8.160000,-1.230000,0.450000,-0.030000,-0.230000,30.500000,-19.380000,-24.690000
2.658000,151934.000000,1.000000,1755.000000,2163.000000,908.000000,2196.000000,1728.000000,0.000000,0.000000,0.000000,0.000000,0.000000,0.000000,0.000000,0.000000,0.000000,-2.330000,8.160000,-1.230000,0.450000,-0.030000,-0.230000,30.500000,-19.380000,-24.690000
2.660000,151935.000000,502.000000,1738.000000,2128.000000,693.000000,2211.000000,1422.000000,0.000000,0.000000,0.000000,0.000000,0.000000,0.000000,0.000000,0.000000,0.000000,-1.410000,7.600000,-0.400000,0.320000,0.190000,-0.210000,30.500000,-19.380000,-24.690000
2.662000,151936.000000,0.000000,1629.000000,2080.000000,582.000000,2202.000000,1386.000000,0.000000,0.000000,0.000000,0.000000,0.000000,0.000000,0.000000,0.000000,0.000000,-1.410000,7.600000,-0.400000,0.320000,0.190000,-0.210000,30.500000,-19.380000,-24.690000
2.664000,151937.000000,0.000000,1564.000000,2032.000000,607.000000,2163.000000,1647.000000,0.000000,0.000000,0.000000,0.000000,0.000000,0.000000,0.000000,0.000000,0.000000,-1.410000,7.600000,-0.400000,0.320000,0.190000,-0.210000,30.500000,-19.380000,-24.690000
2.666000,151938.000000,0.000000,1597.000000,2044.000000,682.000000,2176.000000,1765.000000,0.000000,0.000000,0.000000,0.000000,0.000000,0.000000,0.000000,0.000000,0.000000,-1.410000,7.600000,-0.400000,0.320000,0.190000,-0.210000,30.500000,-19.380000,-24.690000
2.668000,151939.000000,0.000000,1626.000000,2141.000000,775.000000,2181.000000,1840.000000,0.000000,0.000000,0.000000,0.000000,0.000000,0.000000,0.000000,0.000000,0.000000,-1.410000,7.600000,-0.400000,0.320000,0.190000,-0.210000,30.500000,-19.380000,-24.690000
2.670000,151940.000000,4.000000,1675.000000,2222.000000,813.000000,2176.000000,1883.000000,0.000000,0.000000,0.000000,0.000000,0.000000,0.000000,0.000000,0.000000,0.000000,-1.210000,7.580000,-0.190000,0.180000,0.340000,-0.180000,30.500000,-19.380000,-24.690000
2.672000,151941.000000,26.000000,1745.000000,2299.000000,923.000000,2185.000000,2249.000000,0.000000,0.000000,0.000000,0.000000,0.000000,0.000000,0.000000,0.000000,0.000000,-1.210000,7.580000,-0.190000,0.180000,0.340000,-0.180000,30.500000,-19.380000,-24.690000
2.674000,151942.000000,58.000000,1918.000000,2326.000000,1125.000000,2250.000000,2402.000000,0.000000,0.000000,0.000000,0.000000,0.000000,0.000000,0.000000,0.000000,0.000000,-1.210000,7.580000,-0.190000,0.180000,0.340000,-0.180000,30.500000,-19.380000,-24.690000
2.676000,151943.000000,40.000000,2061.000000,2348.000000,1117.000000,2260.000000,2149.000000,0.000000,0.000000,0.000000,0.000000,0.000000,0.000000,0.000000,0.000000,0.000000,-1.210000,7.580000,-0.190000,0.180000,0.340000,-0.180000,30.500000,-19.380000,-24.690000
2.678000,151944.000000,10.000000,2054.000000,2347.000000,1013.000000,2298.000000,1790.000000,0.000000,0.000000,0.000000,0.000000,0.000000,0.000000,0.000000,0.000000,0.000000,-1.210000,7.580000,-0.190000,0.180000,0.340000,-0.180000,30.500000,-19.380000,-24.690000
2.680000,151945.000000,6.000000,1959.000000,2330.000000,809.000000,2303.000000,1471.000000,0.000000,0.000000,0.000000,0.000000,0.000000,0.000000,0.000000,0.000000,0.000000,-0.980000,7.480000,-0.240000,0.180000,0.340000,-0.180000,30.500000,-19.380000,-24.690000
2.682000,151946.000000,0.000000,1835.000000,2282.000000,662.000000,2309.000000,1424.000000,0.000000,0.000000,0.000000,0.000000,0.000000,0.000000,0.000000,0.000000,0.000000,-0.980000,7.480000,-0.240000,0.180000,0.340000,-0.180000,30.500000,-19.380000,-24.690000
2.684000,151947.000000,0.000000,1745.000000,2235.000000,708.000000,2334.000000,1687.000000,0.000000,0.000000,0.000000,0.000000,0.000000,0.000000,0.000000,0.000000,0.000000,-0.980000,7.480000,-0.240000,0.180000,0.340000,-0.180000,30.500000,-19.380000,-24.690000
2.686000,151948.000000,0.000000,1737.000000,2195.000000,743.000000,2354.000000,1807.000000,0.000000,0.000000,0.000000,0.000000,0.000000,0.000000,0.000000,0.000000,0.000000,-0.980000,7.480000,-0.240000,0.180000,0.340000,-0.180000,30.500000,-19.380000,-24.690000
2.688000,151949.000000,0.000000,1785.000000,2145.000000,810.000000,2368.000000,1853.000000,0.000000,0.000000,0.000000,0.000000,0.000000,0.000000,0.000000,0.000000,0.000000,-0.980000,7.480000,-0.240000,0.180000,0.340000,-0.180000,30.500000,-19.380000,-24.690000
2.690000,151950.000000,81.000000,1836.000000,2166.000000,849.000000,2371.000000,1907.000000,0.000000,0.000000,0.000000,0.000000,0.000000,0.000000,0.000000,0.000000,0.000000,-0.460000,7.470000,-0.530000,0.070000,0.420000,-0.160000,30.500000,-20.750000,-24.380000
2.692000,151951.000000,35.000000,1888.000000,2095.000000,952.000000,2407.000000,2293.000000,0.000000,0.000000,0.000000,0.000000,0.000000,0.000000,0.000000,0.000000,0.000000,-0.460000,7.470000,-0.530000,0.070000,0.420000,-0.160000,30.500000,-20.750000,-24.380000
2.694000,151952.000000,96.000000,2047.000000,2099.000000,1127.000000,2411.000000,2427.000000,0.000000,0.000000,0.000000,0.000000,0.000000,0.000000,0.000000,0.000000,0.000000,-0.460000,7.470000,-0.530000,0.070000,0.420000,-0.160000,30.500000,-20.750000,-24.380000
2.696000,151953.000000,40.000000,2176.000000,2059.000000,1114.000000,2448.000000,2144.000000,0.000000,0.000000,0.000000,0.000000,0.000000,0.000000,0.000000,0.000000,0.000000,-0.460000,7.470000,-0.530000,0.070000,0.420000,-0.160000,30.500000,-20.750000,-24.380000
2.698000,151954.000000,12.000000,2174.000000,2064.000000,976.000000,2517.000000,1776.000000,0.000000,0.000000,0.000000,0.000000,0.000000,0.000000,0.000000,0.000000,0.000000,-0.460000,7.470000,-0.530000,0.070000,0.420000,-0.160000,30.500000,-20.750000,-24.380000
2.700000,151955.000000,635.000000,2084.000000,2021.000000,784.000000,2559.000000,1439.000000,0.000000,0.000000,0.000000,0.000000,0.000000,0.000000,0.000000,0.000000,0.000000,-0.340000,7.520000,-0.730000,-0.130000,0.380000,-0.120000,30.500000,-20.750000,-24.380000
2.702000,151956.000000,0.000000,1920.000000,2011.000000,608.000000,2559.000000,1421.000000,0.000000,0.000000,0.000000,0.000000,0.000000,0.000000,0.000000,0.000000,0.000000,-0.340000,7.520000,-0.730000,-0.130000,0.380000,-0.120000,30.500000,-20.750000,-24.380000
2.704000,151957.000000,0.000000,1819.000000,1939.000000,654.000000,2544.000000,1691.000000,0.000000,0.000000,0.000000,0.000000,0.000000,0.000000,0.000000,0.000000,0.000000,-0.340000,7.520000,-0.730000,-0.130000,0.380000,-0.120000,30.500000,-20.750000,-24.380000
2.706000,151958.000000,1.000000,1845.000000,1899.000000,718.000000,2580.000000,1802.000000,0.000000,0.000000,0.000000,0.000000,0.000000,0.000000,0.000000,0.000000,0.000000,-0.340000,7.520000,-0.730000,-0.130000,0.380000,-0.120000,30.500000,-20.750000,-24.380000
2.708000,151959.000000,9.000000,1877.000000,1824.000000,754.000000,2607.000000,1855.000000,0.000000,0.000000,0.000000,0.000000,0.000000,0.000000,0.000000,0.000000,0.000000,-0.340000,7.520000,-0.730000,-0.130000,0.380000,-0.120000,30.500000,-20.750000,-24.380000
2.710000,151960.000000,18.000000,1927.000000,1762.000000,801.000000,2618.000000,1900.000000,0.000000,0.000000,0.000000,0.000000,0.000000,0.000000,0.000000,0.000000,0.000000,-0.210000,7.560000,-0.990000,-0.220000,0.280000,-0.110000,30.500000,-20.750000,-24.380000
2.712000,151961.000000,38.000000,2035.000000,1699.000000,882.000000,2642.000000,2271.000000,0.000000,0.000000,0.000000,0.000000,0.000000,0.000000,0.000000,0.000000,0.000000,-0.210000,7.560000,-0.990000,-0.220000,0.280000,-0.110000,30.500000,-20.750000,-24.380000
2.714000,151962.000000,58.000000,2211.000000,1665.000000,1088.000000,2672.000000,2416.000000,0.000000,0.000000,0.000000,0.000000,0.000000,0.000000,0.000000,0.000000,0.000000,-0.210000,7.560000,-0.990000,-0.220000,0.280000,-0.110000,30.500000,-20.750000,-24.380000
2.716000,151963.000000,46.000000,2544.000000,1636.000000,1099.000000,2735.000000,2177.000000,0.000000,0.000000,0.000000,0.000000,0.000000,0.000000,0.000000,0.000000,0.000000,-0.210000,7.560000,-0.990000,-0.220000,0.280000,-0.110000,30.500000,-20.750000,-24.380000
2.718000,151964.000000,33.000000,2766.000000,1531.000000,959.000000,2757.000000,1781.000000,0.000000,0.000000,0.000000,0.000000,0.000000,0.000000,0.000000,0.000000,0.000000,-0.210000,7.560000,-0.990000,-0.220000,0.280000,-0.110000,30.500000,-20.750000,-24.380000
2.720000,151965.000000,880.000000,2814.000000,1508.000000,732.000000,2754.000000,1474.000000,0.000000,0.000000,0.000000,0.000000,0.000000,0.000000,0.000000,0.000000,0.000000,-0.210000,7.550000,-1.100000,-0.320000,0.130000,-0.100000,30.500000,-20.750000,-24.380000
2.722000,151966.000000,14.000000,2832.000000,1449.000000,594.000000,2773.000000,1439.000000,0.000000,0.000000,0.000000,0.000000,0.000000,0.000000,0.000000,0.000000,0.000000,-0.210000,7.550000,-1.100000,-0.320000,0.130000,-0.100000,30.500000,-20.750000,-24.380000
2.724000,151967.000000,11.000000,2810.000000,1362.000000,600.000000,2782.000000,1711.000000,0.000000,0.000000,0.000000,0.000000,0.000000,0.000000,0.000000,0.000000,0.000000,-0.210000,7.550000,-1.100000,-0.320000,0.130000,-0.100000,30.500000,-20.750000,-24.380000
2.726000,151968.000000,18.000000,2811.000000,1262.000000,699.000000,2761.000000,1823.000000,0.000000,0.000000,0.000000,0.000000,0.000000,0.000000,0.000000,0.000000,0.000000,-0.210000,7.550000,-1.100000,-0.320000,0.130000,-0.100000,30.500000,-20.750000,-24.380000
2.728000,151969.000000,34.000000,2789.000000,1216.000000,738.000000,2790.000000,1872.000000,0.000000,0.000000,0.000000,0.000000,0.000000,0.000000,0.000000,0.000000,0.000000,-0.210000,7.550000,-1.100000,-0.320000,0.130000,-0.100000,30.500000,-20.750000,-24.380000
2.730000,151970.000000,124.000000,2805.000000,1127.000000,799.000000,2753.000000,1911.000000,0.000000,0.000000,0.000000,0.000000,0.000000,0.000000,0.000000,0.000000,0.000000,-0.280000,7.530000,-1.230000,-0.320000,0.130000,-0.100000,30.500000,-20.750000,-24.380000
2.732000,151971.000000,44.000000,2806.000000,1036.000000,880.000000,2768.000000,2290.000000,0.000000,0.000000,0.000000,0.000000,0.000000,0.000000,0.000000,0.000000,0.000000,-0.280000,7.530000,-1.230000,-0.320000,0.130000,-0.100000,30.500000,-20.750000,-24.380000
2.734000,151972.000000,65.000000,2835.000000,974.000000,1087.000000,2747.000000,2409.000000,0.000000,0.000000,0.000000,0.000000,0.000000,0.000000,0.000000,0.000000,0.000000,-0.280000,7.530000,-1.230000,-0.320000,0.130000,-0.100000,30.500000,-20.750000,-24.380000
2.736000,151973.000000,54.000000,2862.000000,928.000000,1095.000000,2790.000000,2131.000000,0.000000,0.000000,0.000000,0.000000,0.000000,0.000000,0.000000,0.000000,0.000000,-0.280000,7.530000,-1.230000,-0.320000,0.130000,-0.100000,30.500000,-20.750000,-24.380000
2.738000,151974.000000,21.000000,2864.000000,868.000000,944.000000,2777.000000,1763.000000,0.000000,0.000000,0.000000,0.000000,0.000000,0.000000,0.000000,0.000000,0.000000,-0.280000,7.530000,-1.230000,-0.320000,0.130000,-0.100000,30.500000,-20.750000,-24.380000
2.740000,151975.000000,65.000000,2881.000000,772.000000,719.000000,2800.000000,1441.000000,0.000000,0.000000,0.000000,0.000000,0.000000,0.000000,0.000000,0.000000,0.000000,-0.380000,7.550000,-1.210000,-0.410000,-0.050000,-0.080000,29.500000,-20.880000,-23.690000
2.742000,151976.000000,0.000000,2861.000000,697.000000,586.000000,2733.000000,1389.000000,0.000000,0.000000,0.000000,0.000000,0.000000,0.000000,0.000000,0.000000,0.000000,-0.380000,7.550000,-1.210000,-0.410000,-0.050000,-0.080000,29.500000,-20.880000,-23.690000
2.744000,151977.000000,19.000000,2817.000000,611.000000,601.000000,2669.000000,1677.000000,0.000000,0.000000,0.000000,0.000000,0.000000,0.000000,0.000000,0.000000,0.000000,-0.380000,7.550000,-1.210000,-0.410000,-0.050000,-0.080000,29.500000,-20.880000,-23.690000
2.746000,151978.000000,24.000000,2816.000000,547.000000,685.000000,2681.000000,1765.000000,0.000000,0.000000,0.000000,0.000000,0.000000,0.000000,0.000000,0.000000,0.000000,-0.380000,7.550000,-1.210000,-0.410000,-0.050000,-0.080000,29.500000,-20.880000,-23.690000
2.748000,151979.000000,27.000000,2799.000000,470.000000,741.000000,2603.000000,1856.000000,0.000000,0.000000,0.000000,0.000000,0.000000,0.000000,0.000000,0.000000,0.000000,-0.380000,7.550000,-1.210000,-0.410000,-0.050000,-0.080000,29.500000,-20.880000,-23.690000
2.750000,151980.000000,902.000000,2799.000000,426.000000,777.000000,2608.000000,1851.000000,0.000000,0.000000,0.000000,0.000000,0.000000,0.000000,0.000000,0.000000,0.000000,-0.590000,7.560000,-1.160000,-0.580000,-0.340000,-0.030000,29.500000,-20.880000,-23.690000
2.752000,151981.000000,66.000000,2787.000000,343.000000,867.000000,2559.000000,2231.000000,0.000000,0.000000,0.000000,0.000000,0.000000,0.000000,0.000000,0.000000,0.000000,-0.590000,7.560000,-1.160000,-0.580000,-0.340000,-0.030000,29.500000,-20.880000,-23.690000
2.754000,151982.000000,78.000000,2823.000000,282.000000,1085.000000,2555.000000,2385.000000,0.000000,0.000000,0.000000,0.000000,0.000000,0.000000,0.000000,0.000000,0.000000,-0.590000,7.560000,-1.160000,-0.580000,-0.340000,-0.030000,29.500000,-20.880000,-23.690000
2.756000,151983.000000,55.000000,2833.000000,227.000000,1074.000000,2531.000000,2093.000000,0.000000,0.000000,0.000000,0.000000,0.000000,0.000000,0.000000,0.000000,0.000000,-0.590000,7.560000,-1.160000,-0.580000,-0.340000,-0.030000,29.500000,-20.880000,-23.690000
2.758000,151984.000000,17.000000,2850.000000,166.000000,960.000000,2517.000000,1721.000000,0.000000,0.000000,0.000000,0.000000,0.000000,0.000000,0.000000,0.000000,0.000000,-0.590000,7.560000,-1.160000,-0.580000,-0.340000,-0.030000,29.500000,-20.880000,-23.690000
2.760000,151985.000000,15.000000,2857.000000,87.000000,718.000000,2493.000000,1390.000000,0.000000,0.000000,0.000000,0.000000,0.000000,0.000000,0.000000,0.000000,0.000000,-0.720000,7.570000,-1.150000,-0.680000,-0.400000,0.010000,29.500000,-20.880000,-23.690000
2.762000,151986.000000,0.000000,2838.000000,17.000000,571.000000,2445.000000,1370.000000,0.000000,0.000000,0.000000,0.000000,0.000000,0.000000,0.000000,0.000000,0.000000,-0.720000,7.570000,-1.150000,-0.680000,-0.400000,0.010000,29.500000,-20.880000,-23.690000
2.764000,151987.000000,1.000000,2809.000000,0.000000,581.000000,2404.000000,1607.000000,0.000000,0.000000,0.000000,0.000000,0.000000,0.000000,0.000000,0.000000,0.000000,-0.720000,7.570000,-1.150000,-0.680000,-0.400000,0.010000,29.500000,-20.880000,-23.690000
2.766000,151988.000000,28.000000,2769.000000,0.000000,655.000000,2378.000000,1743.000000,0.000000,0.000000,0.000000,0.000000,0.000000,0.000000,0.000000,0.000000,0.000000,-0.720000,7.570000,-1.150000,-0.680000,-0.400000,0.010000,29.500000,-20.880000,-23.690000
2.768000,151989.000000,16.000000,2752.000000,0.000000,698.000000,2359.000000,1799.000000,0.000000,0.000000,0.000000,0.000000,0.000000,0.000000,0.000000,0.000000,0.000000,-0.720000,7.570000,-1.150000,-0.680000,-0.400000,0.010000,29.500000,-20.880000,-23.690000
2.770000,151990.000000,890.000000,2758.000000,0.000000,747.000000,2352.000000,1822.000000,0.000000,0.000000,0.000000,0.000000,0.000000,0.000000,0.000000,0.000000,0.000000,-0.940000,7.680000,-1.170000,-0.770000,-0.370000,0.060000,29.500000,-20.880000,-23.690000
2.772000,151991.000000,64.000000,2768.000000,0.000000,821.000000,2335.000000,2207.000000,0.000000,0.000000,0.000000,0.000000,0.000000,0.000000,0.000000,0.000000,0.000000,-0.940000,7.680000,-1.170000,-0.770000,-0.370000,0.060000,29.500000,-20.880000,-23.690000
2.774000,151992.000000,74.000000,2775.000000,0.000000,1012.000000,2313.000000,2374.000000,0.000000,0.000000,0.000000,0.000000,0.000000,0.000000,0.000000,0.000000,0.000000,-0.940000,7.680000,-1.170000,-0.770000,-0.370000,0.060000,29.500000,-20.880000,-23.690000
2.776000,151993.000000,48.000000,2809.000000,0.000000,1047.000000,2304.000000,2063.000000,0.000000,0.000000,0.000000,0.000000,0.000000,0.000000,0.000000,0.000000,0.000000,-0.940000,7.680000,-1.170000,-0.770000,-0.370000,0.060000,29.500000,-20.880000,-23.690000
2.778000,151994.000000,32.000000,2829.000000,0.000000,923.000000,2295.000000,1698.000000,0.000000,0.000000,0.000000,0.000000,0.000000,0.000000,0.000000,0.000000,0.000000,-0.940000,7.680000,-1.170000,-0.770000,-0.370000,0.060000,29.500000,-20.880000,-23.690000
2.780000,151995.000000,48.000000,2846.000000,0.000000,653.000000,2271.000000,1438.000000,0.000000,0.000000,0.000000,0.000000,0.000000,0.000000,0.000000,0.000000,0.000000,-1.040000,7.810000,-1.440000,-0.770000,-0.370000,0.060000,29.500000,-20.880000,-23.690000
2.782000,151996.000000,0.000000,2802.000000,0.000000,534.000000,2229.000000,1369.000000,0.000000,0.000000,0.000000,0.000000,0.000000,0.000000,0.000000,0.000000,0.000000,-1.040000,7.810000,-1.440000,-0.770000,-0.370000,0.060000,29.500000,-20.880000,-23.690000
2.784000,151997.000000,0.000000,2789.000000,0.000000,572.000000,2181.000000,1572.000000,0.000000,0.000000,0.000000,0.000000,0.000000,0.000000,0.000000,0.000000,0.000000,-1.040000,7.810000,-1.440000,-0.770000,-0.370000,0.060000,29.500000,-20.880000,-23.690000
2.786000,151998.000000,9.000000,2743.000000,0.000000,616.000000,2127.000000,1678.000000,0.000000,0.000000,0.000000,0.000000,0.000000,0.000000,0.000000,0.000000,0.000000,-1.040000,7.810000,-1.440000,-0.770000,-0.370000,0.060000,29.500000,-20.880000,-23.690000
2.788000,151999.000000,26.000000,2748.000000,0.000000,685.000000,2112.000000,1728.000000,0.000000,0.000000,0.000000,0.000000,0.000000,0.000000,0.000000,0.000000,0.000000,-1.040000,7.810000,-1.440000,-0.770000,-0.370000,0.060000,29.500000,-20.880000,-23.690000
2.790000,152000.000000,69.000000,2727.000000,0.000000,751.000000,2118.000000,1781.000000,0.000000,0.000000,0.000000,0.000000,0.000000,0.000000,0.000000,0.000000,0.000000,-1.100000,7.980000,-1.970000,-0.850000,-0.270000,0.110000,30.880000,-20.880000,-22.880000
2.792000,152001.000000,45.000000,2720.000000,0.000000,839.000000,2090.000000,2176.000000,0.000000,0.000000,0.000000,0.000000,0.000000,0.000000,0.000000,0.000000,0.000000,-1.100000,7.980000,-1.970000,-0.850000,-0.270000,0.110000,30.880000,-20.880000,-22.880000
2.794000,152002.000000,109.000000,2736.000000,0.000000,1040.000000,2064.000000,2337.000000,0.000000,0.000000,0.000000,0.000000,0.000000,0.000000,0.000000,0.000000,0.000000,-1.100000,7.980000,-1.970000,-0.850000,-0.270000,0.110000,30.880000,-20.880000,-22.880000
2.796000,152003.000000,45.000000,2718.000000,0.000000,1050.000000,2111.000000,2038.000000,0.000000,0.000000,0.000000,0.000000,0.000000,0.000000,0.000000,0.000000,0.000000,-1.100000,7.980000,-1.970000,-0.850000,-0.270000,0.110000,30.880000,-20.880000,-22.880000
2.798000,152004.000000,13.000000,2695.000000,0.000000,914.000000,2098.000000,1663.000000,0.000000,0.000000,0.000000,0.000000,0.000000,0.000000,0.000000,0.000000,0.000000,-1.100000,7.980000,-1.970000,-0.850000,-0.270000,0.110000,30.880000,-20.880000,-22.880000
2.800000,152005.000000,0.000000,2660.000000,0.000000,690.000000,2081.000000,1295.000000,0.000000,0.000000,0.000000,0.000000,0.000000,0.000000,0.000000,0.000000,0.000000,-1.140000,8.150000,-2.640000,-0.910000,0.140000,0.180000,30.880000,-20.880000,-22.880000
2.802000,152006.000000,0.000000,2589.000000,0.000000,569.000000,2016.000000,1266.000000,0.000000,0.000000,0.000000,0.000000,0.000000,0.000000,0.000000,0.000000,0.000000,-1.140000,8.150000,-2.640000,-0.910000,0.140000,0.180000,30.880000,-20.880000,-22.880000
2.804000,152007.000000,0.000000,2491.000000,0.000000,576.000000,1984.000000,1568.000000,0.000000,0.000000,0.000000,0.000000,0.000000,0.000000,0.000000,0.000000,0.000000,-1.140000,8.150000,-2.640000,-0.910000,0.140000,0.180000,30.880000,-20.880000,-22.880000
2.806000,152008.000000,3.000000,2414.000000,0.000000,627.000000,1954.000000,1659.000000,0.000000,0.000000,0.000000,0.000000,0.000000,0.000000,0.000000,0.000000,0.000000,-1.140000,8.150000,-2.640000,-0.910000,0.140000,0.180000,30.880000,-20.880000,-22.880000
2.808000,152009.000000,0.000000,2343.000000,0.000000,679.000000,1939.000000,1691.000000,0.000000,0.000000,0.000000,0.000000,0.000000,0.000000,0.000000,0.000000,0.000000,-1.140000,8.150000,-2.640000,-0.910000,0.140000,0.180000,30.880000,-20.880000,-22.880000
2.810000,152010.000000,695.000000,2257.000000,0.000000,715.000000,1927.000000,1770.000000,0.000000,0.000000,0.000000,0.000000,0.000000,0.000000,0.000000,0.000000,0.000000,-1.050000,8.290000,-3.880000,-0.960000,0.440000,0.240000,30.880000,-20.880000,-22.880000
2.812000,152011.000000,41.000000,2171.000000,0.000000,806.000000,1936.000000,2054.000000,0.000000,0.000000,0.000000,0.000000,0.000000,0.000000,0.000000,0.000000,0.000000,-1.050000,8.290000,-3.880000,-0.960000,0.440000,0.240000,30.880000,-20.880000,-22.880000
2.814000,152012.000000,39.000000,2083.000000,0.000000,991.000000,1959.000000,2114.000000,0.000000,0.000000,0.000000,0.000000,0.000000,0.000000,0.000000,0.000000,0.000000,-1.050000,8.290000,-3.880000,-0.960000,0.440000,0.240000,30.880000,-20.880000,-22.880000
2.816000,152013.000000,1.000000,2064.000000,0.000000,979.000000,1985.000000,1785.000000,0.000000,0.000000,0.000000,0.000000,0.000000,0.000000,0.000000,0.000000,0.000000,-1.050000,8.290000,-3.880000,-0.960000,0.440000,0.240000,30.880000,-20.880000,-22.880000
2.818000,152014.000000,0.000000,1986.000000,0.000000,847.000000,1962.000000,1553.000000,0.000000,0.000000,0.000000,0.000000,0.000000,0.000000,0.000000,0.000000,0.000000,-1.050000,8.290000,-3.880000,-0.960000,0.440000,0.240000,30.880000,-20.880000,-22.880000
2.820000,152015.000000,545.000000,1914.000000,0.000000,629.000000,1941.000000,1231.000000,0.000000,0.000000,0.000000,0.000000,0.000000,0.000000,0.000000,0.000000,0.000000,-1.090000,8.190000,-4.170000,-1.010000,0.710000,0.310000,30.880000,-20.880000,-22.880000
2.822000,152016.000000,0.000000,1787.000000,0.000000,443.000000,1869.000000,1211.000000,0.000000,0.000000,0.000000,0.000000,0.000000,0.000000,0.000000,0.000000,0.000000,-1.090000,8.190000,-4.170000,-1.010000,0.710000,0.310000,30.880000,-20.880000,-22.880000
2.824000,152017.000000,0.000000,1673.000000,0.000000,431.000000,1787.000000,1459.000000,0.000000,0.000000,0.000000,0.000000,0.000000,0.000000,0.000000,0.000000,0.000000,-1.090000,8.190000,-4.170000,-1.010000,0.710000,0.310000,30.880000,-20.880000,-22.880000
2.826000,152018.000000,0.000000,1553.000000,0.000000,483.000000,1757.000000,1595.000000,0.000000,0.000000,0.000000,0.000000,0.000000,0.000000,0.000000,0.000000,0.000000,-1.090000,8.190000,-4.170000,-1.010000,0.710000,0.310000,30.880000,-20.880000,-22.880000
2.828000,152019.000000,0.000000,1473.000000,0.000000,528.000000,1716.000000,1654.000000,0.000000,0.000000,0.000000,0.000000,0.000000,0.000000,0.000000,0.000000,0.000000,-1.090000,8.190000,-4.170000,-1.010000,0.710000,0.310000,30.880000,-20.880000,-22.880000
2.830000,152020.000000,3.000000,1391.000000,0.000000,590.000000,1682.000000,1693.000000,0.000000,0.000000,0.000000,0.000000,0.000000,0.000000,0.000000,0.000000,0.000000,-1.090000,8.580000,-4.840000,-1.010000,0.710000,0.310000,30.880000,-20.880000,-22.880000
2.832000,152021.000000,9.000000,1310.000000,0.000000,666.000000,1665.000000,2063.000000,0.000000,0.000000,0.000000,0.000000,0.000000,0.000000,0.000000,0.000000,0.000000,-1.090000,8.580000,-4.840000,-1.010000,0.710000,0.310000,30.880000,-20.880000,-22.880000
2.834000,152022.000000,30.000000,1250.000000,0.000000,859.000000,1630.000000,2210.000000,0.000000,0.000000,0.000000,0.000000,0.000000,0.000000,0.000000,0.000000,0.000000,-1.090000,8.580000,-4.840000,-1.010000,0.710000,0.310000,30.880000,-20.880000,-22.880000
2.836000,152023.000000,10.000000,1210.000000,0.000000,884.000000,1627.000000,1927.000000,0.000000,0.000000,0.000000,0.000000,0.000000,0.000000,0.000000,0.000000,0.000000,-1.090000,8.580000,-4.840000,-1.010000,0.710000,0.310000,30.880000,-20.880000,-22.880000
2.838000,152024.000000,0.000000,1153.000000,0.000000,786.000000,1579.000000,1554.000000,0.000000,0.000000,0.000000,0.000000,0.000000,0.000000,0.000000,0.000000,0.000000,-1.090000,8.580000,-4.840000,-1.010000,0.710000,0.310000,30.880000,-20.880000,-22.880000
2.840000,152025.000000,0.000000,1094.000000,0.000000,527.000000,1552.000000,1188.000000,0.000000,0.000000,0.000000,0.000000,0.000000,0.000000,0.000000,0.000000,0.000000,-0.870000,10.880000,-6.800000,-1.030000,0.840000,0.350000,30.380000,-19.750000,-25.500000
2.842000,152026.000000,0.000000,979.000000,0.000000,394.000000,1502.000000,1120.000000,0.000000,0.000000,0.000000,0.000000,0.000000,0.000000,0.000000,0.000000,0.000000,-0.870000,10.880000,-6.800000,-1.030000,0.840000,0.350000,30.380000,-19.750000,-25.500000
2.844000,152027.000000,0.000000,860.000000,0.000000,406.000000,1445.000000,1392.000000,0.000000,0.000000,0.000000,0.000000,0.000000,0.000000,0.000000,0.000000,0.000000,-0.870000,10.880000,-6.800000,-1.030000,0.840000,0.350000,30.380000,-19.750000,-25.500000
2.846000,152028.000000,0.000000,761.000000,0.000000,481.000000,1376.000000,1534.000000,0.000000,0.000000,0.000000,0.000000,0.000000,0.000000,0.000000,0.000000,0.000000,-0.870000,10.880000,-6.800000,-1.030000,0.840000,0.350000,30.380000,-19.750000,-25.500000
2.848000,152029.000000,0.000000,656.000000,0.000000,567.000000,1339.000000,1575.000000,0.000000,0.000000,0.000000,0.000000,0.000000,0.000000,0.000000,0.000000,0.000000,-0.870000,10.880000,-6.800000,-1.030000,0.840000,0.350000,30.380000,-19.750000,-25.500000
2.850000,152030.000000,20.000000,583.000000,0.000000,627.000000,1300.000000,1602.000000,0.000000,0.000000,0.000000,0.000000,0.000000,0.000000,0.000000,0.000000,0.000000,-0.870000,11.680000,-7.300000,-0.910000,0.390000,0.340000,30.380000,-19.750000,-25.500000
2.852000,152031.000000,0.000000,473.000000,0.000000,720.000000,1277.000000,1993.000000,0.000000,0.000000,0.000000,0.000000,0.000000,0.000000,0.000000,0.000000,0.000000,-0.870000,11.680000,-7.300000,-0.910000,0.390000,0.340000,30.380000,-19.750000,-25.500000
2.854000,152032.000000,0.000000,410.000000,0.000000,949.000000,1265.000000,1714.000000,0.000000,0.000000,0.000000,0.000000,0.000000,0.000000,0.000000,0.000000,0.000000,-0.870000,11.680000,-7.300000,-0.910000,0.390000,0.340000,30.380000,-19.750000,-25.500000
2.856000,152033.000000,0.000000,394.000000,72.000000,956.000000,1289.000000,1613.000000,0.000000,0.000000,0.000000,0.000000,0.000000,0.000000,0.000000,0.000000,0.000000,-0.870000,11.680000,-7.300000,-0.910000,0.390000,0.340000,30.380000,-19.750000,-25.500000
2.858000,152034.000000,0.000000,342.000000,166.000000,860.000000,1277.000000,1535.000000,0.000000,0.000000,0.000000,0.000000,0.000000,0.000000,0.000000,0.000000,0.000000,-0.870000,11.680000,-7.300000,-0.910000,0.390000,0.340000,30.380000,-19.750000,-25.500000
2.860000,152035.000000,126.000000,309.000000,245.000000,654.000000,1276.000000,1270.000000,0.000000,0.000000,0.000000,0.000000,0.000000,0.000000,0.000000,0.000000,0.000000,-0.830000,11.930000,-7.680000,-0.770000,0.050000,0.330000,30.380000,-19.750000,-25.500000
2.862000,152036.000000,0.000000,282.000000,317.000000,483.000000,1263.000000,1165.000000,0.000000,0.000000,0.000000,0.000000,0.000000,0.000000,0.000000,0.000000,0.000000,-0.830000,11.930000,-7.680000,-0.770000,0.050000,0.330000,30.380000,-19.750000,-25.500000
2.864000,152037.000000,0.000000,256.000000,419.000000,530.000000,1243.000000,1264.000000,0.000000,0.000000,0.000000,0.000000,0.000000,0.000000,0.000000,0.000000,0.000000,-0.830000,11.930000,-7.680000,-0.770000,0.050000,0.330000,30.380000,-19.750000,-25.500000
2.866000,152038.000000,0.000000,271.000000,497.000000,594.000000,1273.000000,1439.000000,0.000000,0.000000,0.000000,0.000000,0.000000,0.000000,0.000000,0.000000,0.000000,-0.830000,11.930000,-7.680000,-0.770000,0.050000,0.330000,30.380000,-19.750000,-25.500000
2.868000,152039.000000,0.000000,261.000000,606.000000,679.000000,1278.000000,1535.000000,0.000000,0.000000,0.000000,0.000000,0.000000,0.000000,0.000000,0.000000,0.000000,-0.830000,11.930000,-7.680000,-0.770000,0.050000,0.330000,30.380000,-19.750000,-25.500000
2.870000,152040.000000,219.000000,336.000000,700.000000,737.000000,1298.000000,1610.000000,0.000000,0.000000,0.000000,0.000000,0.000000,0.000000,0.000000,0.000000,0.000000,-0.460000,11.820000,-7.890000,-0.590000,-0.050000,0.360000,30.380000,-19.750000,-25.500000
2.872000,152041.000000,0.000000,368.000000,779.000000,848.000000,1330.000000,1765.000000,0.000000,0.000000,0.000000,0.000000,0.000000,0.000000,0.000000,0.000000,0.000000,-0.460000,11.820000,-7.890000,-0.590000,-0.050000,0.360000,30.380000,-19.750000,-25.500000
2.874000,152042.000000,17.000000,446.000000,877.000000,1081.000000,1345.000000,2079.000000,0.000000,0.000000,0.000000,0.000000,0.000000,0.000000,0.000000,0.000000,0.000000,-0.460000,11.820000,-7.890000,-0.590000,-0.050000,0.360000,30.380000,-19.750000,-25.500000
2.876000,152043.000000,14.000000,545.000000,930.000000,1069.000000,1367.000000,2032.000000,0.000000,0.000000,0.000000,0.000000,0.000000,0.000000,0.000000,0.000000,0.000000,-0.460000,11.820000,-7.890000,-0.590000,-0.050000,0.360000,30.380000,-19.750000,-25.500000
2.878000,152044.000000,5.000000,630.000000,1045.000000,923.000000,1433.000000,1837.000000,0.000000,0.000000,0.000000,0.000000,0.000000,0.000000,0.000000,0.000000,0.000000,-0.460000,11.820000,-7.890000,-0.590000,-0.050000,0.360000,30.380000,-19.750000,-25.500000
2.880000,152045.000000,0.000000,674.000000,1120.000000,720.000000,1426.000000,1443.000000,0.000000,0.000000,0.000000,0.000000,0.000000,0.000000,0.000000,0.000000,0.000000,-0.030000,11.160000,-7.050000,-0.590000,-0.050000,0.360000,30.380000,-19.750000,-25.500000
2.882000,152046.000000,0.000000,701.000000,1173.000000,574.000000,1427.000000,1301.000000,0.000000,0.000000,0.000000,0.000000,0.000000,0.000000,0.000000,0.000000,0.000000,-0.030000,11.160000,-7.050000,-0.590000,-0.050000,0.360000,30.380000,-19.750000,-25.500000
2.884000,152047.000000,0.000000,750.000000,1195.000000,548.000000,1420.000000,1390.000000,0.000000,0.000000,0.000000,0.000000,0.000000,0.000000,0.000000,0.000000,0.000000,-0.030000,11.160000,-7.050000,-0.590000,-0.050000,0.360000,30.380000,-19.750000,-25.500000
2.886000,152048.000000,0.000000,816.000000,1249.000000,641.000000,1408.000000,1569.000000,0.000000,0.000000,0.000000,0.000000,0.000000,0.000000,0.000000,0.000000,0.000000,-0.030000,11.160000,-7.050000,-0.590000,-0.050000,0.360000,30.380000,-19.750000,-25.500000
2.888000,152049.000000,0.000000,822.000000,1310.000000,711.000000,1410.000000,1659.000000,0.000000,0.000000,0.000000,0.000000,0.000000,0.000000,0.000000,0.000000,0.000000,-0.030000,11.160000,-7.050000,-0.590000,-0.050000,0.360000,30.380000,-19.750000,-25.500000
2.890000,152050.000000,10.000000,877.000000,1380.000000,752.000000,1430.000000,1738.000000,0.000000,0.000000,0.000000,0.000000,0.000000,0.000000,0.000000,0.000000,0.000000,0.120000,10.840000,-6.510000,-0.380000,0.120000,0.390000,30.750000,-20.880000,-23.380000
2.892000,152051.000000,1.000000,907.000000,1485.000000,835.000000,1407.000000,1898.000000,0.000000,0.000000,0.000000,0.000000,0.000000,0.000000,0.000000,0.000000,0.000000,0.120000,10.840000,-6.510000,-0.380000,0.120000,0.390000,30.750000,-20.880000,-23.380000
2.894000,152052.000000,37.000000,966.000000,1585.000000,1050.000000,1424.000000,2195.000000,0.000000,0.000000,0.000000,0.000000,0.000000,0.000000,0.000000,0.000000,0.000000,0.120000,10.840000,-6.510000,-0.380000,0.120000,0.390000,30.750000,-20.880000,-23.380000
2.896000,152053.000000,19.000000,976.000000,1664.000000,1040.000000,1449.000000,2169.000000,0.000000,0.000000,0.000000,0.000000,0.000000,0.000000,0.000000,0.000000,0.000000,0.120000,10.840000,-6.510000,-0.380000,0.120000,0.390000,30.750000,-20.880000,-23.380000
2.898000,152054.000000,3.000000,1015.000000,1749.000000,907.000000,1437.000000,1905.000000,0.000000,0.000000,0.000000,0.000000,0.000000,0.000000,0.000000,0.000000,0.000000,0.120000,10.840000,-6.510000,-0.380000,0.120000,0.390000,30.750000,-20.880000,-23.380000
2.900000,152055.000000,261.000000,1009.000000,1839.000000,678.000000,1482.000000,1574.000000,0.000000,0.000000,0.000000,0.000000,0.000000,0.000000,0.000000,0.000000,0.000000,0.530000,10.640000,-5.950000,-0.050000,0.400000,0.540000,30.750000,-20.880000,-23.380000
2.902000,152056.000000,0.000000,966.000000,1922.000000,501.000000,1479.000000,1354.000000,0.000000,0.000000,0.000000,0.000000,0.000000,0.000000,0.000000,0.000000,0.000000,0.530000,10.640000,-5.950000,-0.050000,0.400000,0.540000,30.750000,-20.880000,-23.380000
2.904000,152057.000000,0.000000,953.000000,2016.000000,511.000000,1478.000000,1472.000000,0.000000,0.000000,0.000000,0.000000,0.000000,0.000000,0.000000,0.000000,0.000000,0.530000,10.640000,-5.950000,-0.050000,0.400000,0.540000,30.750000,-20.880000,-23.380000
2.906000,152058.000000,0.000000,913.000000,2037.000000,589.000000,1456.000000,1609.000000,0.000000,0.000000,0.000000,0.000000,0.000000,0.000000,0.000000,0.000000,0.000000,0.530000,10.640000,-5.950000,-0.050000,0.400000,0.540000,30.750000,-20.880000,-23.380000
2.908000,152059.000000,0.000000,896.000000,2128.000000,650.000000,1459.000000,1676.000000,0.000000,0.000000,0.000000,0.000000,0.000000,0.000000,0.000000,0.000000,0.000000,0.530000,10.640000,-5.950000,-0.050000,0.400000,0.540000,30.750000,-20.880000,-23.380000
2.910000,152060.000000,32.000000,879.000000,2205.000000,699.000000,1403.000000,1717.000000,0.000000,0.000000,0.000000,0.000000,0.000000,0.000000,0.000000,0.000000,0.000000,1.100000,10.430000,-5.490000,0.020000,0.320000,0.650000,30.750000,-20.880000,-23.380000
2.912000,152061.000000,0.000000,908.000000,2326.000000,819.000000,1358.000000,1889.000000,0.000000,0.000000,0.000000,0.000000,0.000000,0.000000,0.000000,0.000000,0.000000,1.100000,10.430000,-5.490000,0.020000,0.320000,0.650000,30.750000,-20.880000,-23.380000
2.914000,152062.000000,18.000000,902.000000,2403.000000,1035.000000,1243.000000,2187.000000,0.000000,0.000000,0.000000,0.000000,0.000000,0.000000,0.000000,0.000000,0.000000,1.100000,10.430000,-5.490000,0.020000,0.320000,0.650000,30.750000,-20.880000,-23.380000
2.916000,152063.000000,24.000000,932.000000,2500.000000,1045.000000,1147.000000,2128.000000,0.000000,0.000000,0.000000,0.000000,0.000000,0.000000,0.000000,0.000000,0.000000,1.100000,10.430000,-5.490000,0.020000,0.320000,0.650000,30.750000,-20.880000,-23.380000
2.918000,152064.000000,3.000000,963.000000,2599.000000,946.000000,1103.000000,1868.000000,0.000000,0.000000,0.000000,0.000000,0.000000,0.000000,0.000000,0.000000,0.000000,1.100000,10.430000,-5.490000,0.020000,0.320000,0.650000,30.750000,-20.880000,-23.380000
2.920000,152065.000000,231.000000,1022.000000,2690.000000,720.000000,1043.000000,1513.000000,0.000000,0.000000,0.000000,0.000000,0.000000,0.000000,0.000000,0.000000,0.000000,1.870000,9.680000,-3.750000,-0.020000,0.140000,0.770000,30.750000,-20.880000,-23.380000
2.922000,152066.000000,0.000000,1040.000000,2752.000000,587.000000,991.000000,1329.000000,0.000000,0.000000,0.000000,0.000000,0.000000,0.000000,0.000000,0.000000,0.000000,1.870000,9.680000,-3.750000,-0.020000,0.140000,0.770000,30.750000,-20.880000,-23.380000
2.924000,152067.000000,0.000000,1071.000000,2770.000000,622.000000,1009.000000,1472.000000,0.000000,0.000000,0.000000,0.000000,0.000000,0.000000,0.000000,0.000000,0.000000,1.870000,9.680000,-3.750000,-0.020000,0.140000,0.770000,30.750000,-20.880000,-23.380000
2.926000,152068.000000,0.000000,1115.000000,2795.000000,689.000000,1066.000000,1607.000000,0.000000,0.000000,0.000000,0.000000,0.000000,0.000000,0.000000,0.000000,0.000000,1.870000,9.680000,-3.750000,-0.020000,0.140000,0.770000,30.750000,-20.880000,-23.380000
2.928000,152069.000000,0.000000,1200.000000,2832.000000,751.000000,1114.000000,1726.000000,0.000000,0.000000,0.000000,0.000000,0.000000,0.000000,0.000000,0.000000,0.000000,1.870000,9.680000,-3.750000,-0.020000,0.140000,0.770000,30.750000,-20.880000,-23.380000
2.930000,152070.000000,26.000000,1259.000000,2832.000000,783.000000,1239.000000,1835.000000,0.000000,0.000000,0.000000,0.000000,0.000000,0.000000,0.000000,0.000000,0.000000,1.840000,9.340000,-2.380000,-0.020000,0.140000,0.770000,30.750000,-20.880000,-23.380000
2.932000,152071.000000,7.000000,1330.000000,2814.000000,885.000000,1385.000000,1995.000000,0.000000,0.000000,0.000000,0.000000,0.000000,0.000000,0.000000,0.000000,0.000000,1.840000,9.340000,-2.380000,-0.020000,0.140000,0.770000,30.750000,-20.880000,-23.380000
2.934000,152072.000000,30.000000,1423.000000,2829.000000,1089.000000,1535.000000,2288.000000,0.000000,0.000000,0.000000,0.000000,0.000000,0.000000,0.000000,0.000000,0.000000,1.840000,9.340000,-2.380000,-0.020000,0.140000,0.770000,30.750000,-20.880000,-23.380000
2.936000,152073.000000,35.000000,1535.000000,2831.000000,1113.000000,1790.000000,2260.000000,0.000000,0.000000,0.000000,0.000000,0.000000,0.000000,0.000000,0.000000,0.000000,1.840000,9.340000,-2.380000,-0.020000,0.140000,0.770000,30.750000,-20.880000,-23.380000
2.938000,152074.000000,16.000000,1616.000000,2763.000000,967.000000,1973.000000,2033.000000,0.000000,0.000000,0.000000,0.000000,0.000000,0.000000,0.000000,0.000000,0.000000,1.840000,9.340000,-2.380000,-0.020000,0.140000,0.770000,30.750000,-20.880000,-23.380000
2.940000,152075.000000,0.000000,1655.000000,2733.000000,692.000000,2202.000000,1664.000000,0.000000,0.000000,0.000000,0.000000,0.000000,0.000000,0.000000,0.000000,0.000000,1.320000,9.310000,-1.120000,-0.100000,0.080000,0.840000,31.190000,-20.880000,-25.880000
2.942000,152076.000000,6.000000,1648.000000,2698.000000,539.000000,2386.000000,1523.000000,0.000000,0.000000,0.000000,0.000000,0.000000,0.000000,0.000000,0.000000,0.000000,1.320000,9.310000,-1.120000,-0.100000,0.080000,0.840000,31.190000,-20.880000,-25.880000
2.944000,152077.000000,0.000000,1642.000000,2650.000000,562.000000,2551.000000,1642.000000,0.000000,0.000000,0.000000,0.000000,0.000000,0.000000,0.000000,0.000000,0.000000,1.320000,9.310000,-1.120000,-0.100000,0.080000,0.840000,31.190000,-20.880000,-25.880000
2.946000,152078.000000,0.000000,1612.000000,2598.000000,614.000000,2661.000000,1747.000000,0.000000,0.000000,0.000000,0.000000,0.000000,0.000000,0.000000,0.000000,0.000000,1.320000,9.310000,-1.120000,-0.100000,0.080000,0.840000,31.190000,-20.880000,-25.880000
2.948000,152079.000000,0.000000,1605.000000,2601.000000,668.000000,2768.000000,1871.000000,0.000000,0.000000,0.000000,0.000000,0.000000,0.000000,0.000000,0.000000,0.000000,1.320000,9.310000,-1.120000,-0.100000,0.080000,0.840000,31.190000,-20.880000,-25.880000
2.950000,152080.000000,502.000000,1592.000000,2557.000000,706.000000,2833.000000,1932.000000,0.000000,0.000000,0.000000,0.000000,0.000000,0.000000,0.000000,0.000000,0.000000,0.440000,9.730000,-0.850000,-0.030000,0.550000,0.730000,31.190000,-20.880000,-25.880000
2.952000,152081.000000,30.000000,1560.000000,2492.000000,821.000000,2838.000000,2079.000000,0.000000,0.000000,0.000000,0.000000,0.000000,0.000000,0.000000,0.000000,0.000000,0.440000,9.730000,-0.850000,-0.030000,0.550000,0.730000,31.190000,-20.880000,-25.880000
2.954000,152082.000000,43.000000,1686.000000,2449.000000,1014.000000,2787.000000,2378.000000,0.000000,0.000000,0.000000,0.000000,0.000000,0.000000,0.000000,0.000000,0.000000,0.440000,9.730000,-0.850000,-0.030000,0.550000,0.730000,31.190000,-20.880000,-25.880000
2.956000,152083.000000,46.000000,1759.000000,2480.000000,1039.000000,2781.000000,2326.000000,0.000000,0.000000,0.000000,0.000000,0.000000,0.000000,0.000000,0.000000,0.000000,0.440000,9.730000,-0.850000,-0.030000,0.550000,0.730000,31.190000,-20.880000,-25.880000
2.958000,152084.000000,16.000000,1482.000000,2448.000000,912.000000,2729.000000,2091.000000,0.000000,0.000000,0.000000,0.000000,0.000000,0.000000,0.000000,0.000000,0.000000,0.440000,9.730000,-0.850000,-0.030000,0.550000,0.730000,31.190000,-20.880000,-25.880000
2.960000,152085.000000,368.000000,1375.000000,2434.000000,701.000000,2683.000000,1712.000000,0.000000,0.000000,0.000000,0.000000,0.000000,0.000000,0.000000,0.000000,0.000000,-0.860000,10.520000,-2.640000,0.000000,0.530000,0.550000,31.190000,-20.880000,-25.880000
2.962000,152086.000000,0.000000,1296.000000,2400.000000,554.000000,2597.000000,1460.000000,0.000000,0.000000,0.000000,0.000000,0.000000,0.000000,0.000000,0.000000,0.000000,-0.860000,10.520000,-2.640000,0.000000,0.530000,0.550000,31.190000,-20.880000,-25.880000
2.964000,152087.000000,0.000000,1215.000000,2354.000000,583.000000,2480.000000,1579.000000,0.000000,0.000000,0.000000,0.000000,0.000000,0.000000,0.000000,0.000000,0.000000,-0.860000,10.520000,-2.640000,0.000000,0.530000,0.550000,31.190000,-20.880000,-25.880000
2.966000,152088.000000,0.000000,1149.000000,2347.000000,699.000000,2380.000000,1694.000000,0.000000,0.000000,0.000000,0.000000,0.000000,0.000000,0.000000,0.000000,0.000000,-0.860000,10.520000,-2.640000,0.000000,0.530000,0.550000,31.190000,-20.880000,-25.880000
2.968000,152089.000000,0.000000,1115.000000,2309.000000,762.000000,2320.000000,1767.000000,0.000000,0.000000,0.000000,0.000000,0.000000,0.000000,0.000000,0.000000,0.000000,-0.860000,10.520000,-2.640000,0.000000,0.530000,0.550000,31.190000,-20.880000,-25.880000
2.970000,152090.000000,218.000000,1088.000000,2265.000000,803.000000,2237.000000,1792.000000,0.000000,0.000000,0.000000,0.000000,0.000000,0.000000,0.000000,0.000000,0.000000,-0.590000,10.710000,-3.480000,0.010000,0.230000,0.390000,31.190000,-20.880000,-25.880000
2.972000,152091.000000,13.000000,1063.000000,2213.000000,891.000000,2151.000000,1936.000000,0.000000,0.000000,0.000000,0.000000,0.000000,0.000000,0.000000,0.000000,0.000000,-0.590000,10.710000,-3.480000,0.010000,0.230000,0.390000,31.190000,-20.880000,-25.880000
2.974000,152092.000000,32.000000,1106.000000,2182.000000,1151.000000,2070.000000,2255.000000,0.000000,0.000000,0.000000,0.000000,0.000000,0.000000,0.000000,0.000000,0.000000,-0.590000,10.710000,-3.480000,0.010000,0.230000,0.390000,31.190000,-20.880000,-25.880000
2.976000,152093.000000,27.000000,1181.000000,2091.000000,1127.000000,2055.000000,2160.000000,0.000000,0.000000,0.000000,0.000000,0.000000,0.000000,0.000000,0.000000,0.000000,-0.590000,10.710000,-3.480000,0.010000,0.230000,0.390000,31.190000,-20.880000,-25.880000
2.978000,152094.000000,15.000000,1237.000000,2039.000000,967.000000,2031.000000,1947.000000,0.000000,0.000000,0.000000,0.000000,0.000000,0.000000,0.000000,0.000000,0.000000,-0.590000,10.710000,-3.480000,0.010000,0.230000,0.390000,31.190000,-20.880000,-25.880000
2.980000,152095.000000,0.000000,1266.000000,1939.000000,694.000000,2011.000000,1535.000000,0.000000,0.000000,0.000000,0.000000,0.000000,0.000000,0.000000,0.000000,0.000000,-0.480000,10.810000,-4.350000,0.010000,0.230000,0.390000,31.190000,-20.880000,-25.880000
2.982000,152096.000000,0.000000,1312.000000,1872.000000,573.000000,1999.000000,1389.000000,0.000000,0.000000,0.000000,0.000000,0.000000,0.000000,0.000000,0.000000,0.000000,-0.480000,10.810000,-4.350000,0.010000,0.230000,0.390000,31.190000,-20.880000,-25.880000
2.984000,152097.000000,0.000000,1370.000000,1783.000000,585.000000,1966.000000,1476.000000,0.000000,0.000000,0.000000,0.000000,0.000000,0.000000,0.000000,0.000000,0.000000,-0.480000,10.810000,-4.350000,0.010000,0.230000,0.390000,31.190000,-20.880000,-25.880000
2.986000,152098.000000,0.000000,1391.000000,1725.000000,651.000000,1968.000000,1597.000000,0.000000,0.000000,0.000000,0.000000,0.000000,0.000000,0.000000,0.000000,0.000000,-0.480000,10.810000,-4.350000,0.010000,0.230000,0.390000,31.190000,-20.880000,-25.880000
2.988000,152099.000000,0.000000,1453.000000,1632.000000,720.000000,1974.000000,1711.000000,0.000000,0.000000,0.000000,0.000000,0.000000,0.000000,0.000000,0.000000,0.000000,-0.480000,10.810000,-4.350000,0.010000,0.230000,0.390000,31.190000,-20.880000,-25.880000
2.990000,152100.000000,0.000000,1495.000000,1570.000000,763.000000,2031.000000,1783.000000,0.000000,0.000000,0.000000,0.000000,0.000000,0.000000,0.000000,0.000000,0.000000,-1.830000,10.390000,-3.600000,0.020000,-0.210000,0.240000,30.190000,-22.380000,-24.690000
2.992000,152101.000000,40.000000,1581.000000,1581.000000,857.000000,2003.000000,1963.000000,0.000000,0.000000,0.000000,0.000000,0.000000,0.000000,0.000000,0.000000,0.000000,-1.830000,10.390000,-3.600000,0.020000,-0.210000,0.240000,30.190000,-22.380000,-24.690000
2.994000,152102.000000,51.000000,1626.000000,1564.000000,1089.000000,2009.000000,2258.000000,0.000000,0.000000,0.000000,0.000000,0.000000,0.000000,0.000000,0.000000,0.000000,-1.830000,10.390000,-3.600000,0.020000,-0.210000,0.240000,30.190000,-22.380000,-24.690000
2.996000,152103.000000,38.000000,1705.000000,1597.000000,1086.000000,2053.000000,2209.000000,0.000000,0.000000,0.000000,0.000000,0.000000,0.000000,0.000000,0.000000,0.000000,-1.830000,10.390000,-3.600000,0.020000,-0.210000,0.240000,30.190000,-22.380000,-24.690000
2.998000,152104.000000,15.000000,1775.000000,1617.000000,951.000000,2047.000000,1979.000000,0.000000,0.000000,0.000000,0.000000,0.000000,0.000000,0.000000,0.000000,0.000000,-1.830000,10.390000,-3.600000,0.020000,-0.210000,0.240000,30.190000,-22.380000,-24.690000
3.000000,152105.000000,561.000000,1822.000000,1601.000000,718.000000,2009.000000,1631.000000,0.000000,0.000000,0.000000,0.000000,0.000000,0.000000,0.000000,0.000000,0.000000,-1.450000,10.160000,-2.760000,-0.060000,-0.810000,0.090000,30.190000,-22.380000,-24.690000
3.002000,152106.000000,0.000000,1828.000000,1630.000000,547.000000,1943.000000,1426.000000,0.000000,0.000000,0.000000,0.000000,0.000000,0.000000,0.000000,0.000000,0.000000,-1.450000,10.160000,-2.760000,-0.060000,-0.810000,0.090000,30.190000,-22.380000,-24.690000
3.004000,152107.000000,0.000000,1857.000000,1635.000000,576.000000,1851.000000,1523.000000,0.000000,0.000000,0.000000,0.000000,0.000000,0.000000,0.000000,0.000000,0.000000,-1.450000,10.160000,-2.760000,-0.060000,-0.810000,0.090000,30.190000,-22.380000,-24.690000
3.006000,152108.000000,0.000000,1850.000000,1654.000000,634.000000,1775.000000,1665.000000,0.000000,0.000000,0.000000,0.000000,0.000000,0.000000,0.000000,0.000000,0.000000,-1.450000,10.160000,-2.760000,-0.060000,-0.810000,0.090000,30.190000,-22.380000,-24.690000
3.008000,152109.000000,0.000000,1863.000000,1670.000000,720.000000,1701.000000,1747.000000,0.000000,0.000000,0.000000,0.000000,0.000000,0.000000,0.000000,0.000000,0.000000,-1.450000,10.160000,-2.760000,-0.060000,-0.810000,0.090000,30.190000,-22.380000,-24.690000
3.010000,152110.000000,592.000000,1872.000000,1695.000000,743.000000,1649.000000,1785.000000,0.000000,0.000000,0.000000,0.000000,0.000000,0.000000,0.000000,0.000000,0.000000,-0.850000,10.020000,-2.170000,-0.150000,-0.760000,0.130000,30.190000,-22.380000,-24.690000
3.012000,152111.000000,27.000000,1856.000000,1699.000000,832.000000,1585.000000,1954.000000,0.000000,0.000000,0.000000,0.000000,0.000000,0.000000,0.000000,0.000000,0.000000,-0.850000,10.020000,-2.170000,-0.150000,-0.760000,0.130000,30.190000,-22.380000,-24.690000
3.014000,152112.000000,35.000000,1861.000000,1760.000000,1040.000000,1515.000000,2287.000000,0.000000,0.000000,0.000000,0.000000,0.000000,0.000000,0.000000,0.000000,0.000000,-0.850000,10.020000,-2.170000,-0.150000,-0.760000,0.130000,30.190000,-22.380000,-24.690000
3.016000,152113.000000,40.000000,1858.000000,1791.000000,1057.000000,1447.000000,2222.000000,0.000000,0.000000,0.000000,0.000000,0.000000,0.000000,0.000000,0.000000,0.000000,-0.850000,10.020000,-2.170000,-0.150000,-0.760000,0.130000,30.190000,-22.380000,-24.690000
3.018000,152114.000000,16.000000,1882.000000,1871.000000,907.000000,1351.000000,1985.000000,0.000000,0.000000,0.000000,0.000000,0.000000,0.000000,0.000000,0.000000,0.000000,-0.850000,10.020000,-2.170000,-0.150000,-0.760000,0.130000,30.190000,-22.380000,-24.690000
3.020000,152115.000000,560.000000,1869.000000,1902.000000,655.000000,1285.000000,1590.000000,0.000000,0.000000,0.000000,0.000000,0.000000,0.000000,0.000000,0.000000,0.000000,0.120000,9.780000,-1.730000,-0.230000,-0.540000,0.230000,30.190000,-22.380000,-24.690000
3.022000,152116.000000,0.000000,1827.000000,1935.000000,495.000000,1134.000000,1406.000000,0.000000,0.000000,0.000000,0.000000,0.000000,0.000000,0.000000,0.000000,0.000000,0.120000,9.780000,-1.730000,-0.230000,-0.540000,0.230000,30.190000,-22.380000,-24.690000
3.024000,152117.000000,0.000000,1779.000000,2013.000000,500.000000,1033.000000,1468.000000,0.000000,0.000000,0.000000,0.000000,0.000000,0.000000,0.000000,0.000000,0.000000,0.120000,9.780000,-1.730000,-0.230000,-0.540000,0.230000,30.190000,-22.380000,-24.690000
3.026000,152118.000000,0.000000,1728.000000,2055.000000,586.000000,901.000000,1581.000000,0.000000,0.000000,0.000000,0.000000,0.000000,0.000000,0.000000,0.000000,0.000000,0.120000,9.780000,-1.730000,-0.230000,-0.540000,0.230000,30.190000,-22.380000,-24.690000
3.028000,152119.000000,0.000000,1712.000000,2119.000000,656.000000,817.000000,1676.000000,0.000000,0.000000,0.000000,0.000000,0.000000,0.000000,0.000000,0.000000,0.000000,0.120000,9.780000,-1.730000,-0.230000,-0.540000,0.230000,30.190000,-22.380000,-24.690000
3.030000,152120.000000,0.000000,1673.000000,2171.000000,741.000000,723.000000,1719.000000,0.000000,0.000000,0.000000,0.000000,0.000000,0.000000,0.000000,0.000000,0.000000,1.100000,9.370000,-2.100000,-0.230000,-0.540000,0.230000,30.190000,-22.380000,-24.690000
3.032000,152121.000000,53.000000,1665.000000,2277.000000,811.000000,625.000000,1905.000000,0.000000,0.000000,0.000000,0.000000,0.000000,0.000000,0.000000,0.000000,0.000000,1.100000,9.370000,-2.100000,-0.230000,-0.540000,0.230000,30.190000,-22.380000,-24.690000
3.034000,152122.000000,42.000000,1663.000000,2311.000000,1050.000000,570.000000,2210.000000,0.000000,0.000000,0.000000,0.000000,0.000000,0.000000,0.000000,0.000000,0.000000,1.100000,9.370000,-2.100000,-0.230000,-0.540000,0.230000,30.190000,-22.380000,-24.690000
3.036000,152123.000000,32.000000,1682.000000,2405.000000,1044.000000,528.000000,2163.000000,0.000000,0.000000,0.000000,0.000000,0.000000,0.000000,0.000000,0.000000,0.000000,1.100000,9.370000,-2.100000,-0.230000,-0.540000,0.230000,30.190000,-22.380000,-24.690000
3.038000,152124.000000,6.000000,1695.000000,2429.000000,928.000000,474.000000,1914.000000,0.000000,0.000000,0.000000,0.000000,0.000000,0.000000,0.000000,0.000000,0.000000,1.100000,9.370000,-2.100000,-0.230000,-0.540000,0.230000,30.190000,-22.380000,-24.690000
3.040000,152125.000000,0.000000,1739.000000,2470.000000,658.000000,420.000000,1510.000000,0.000000,0.000000,0.000000,0.000000,0.000000,0.000000,0.000000,0.000000,0.000000,0.870000,9.150000,-2.690000,-0.240000,-0.190000,0.310000,30.500000,-23.060000,-24.190000
3.042000,152126.000000,0.000000,1703.000000,2478.000000,500.000000,327.000000,1331.000000,0.000000,0.000000,0.000000,0.000000,0.000000,0.000000,0.000000,0.000000,0.000000,0.870000,9.150000,-2.690000,-0.240000,-0.190000,0.310000,30.500000,-23.060000,-24.190000
3.044000,152127.000000,0.000000,1705.000000,2477.000000,510.000000,282.000000,1397.000000,0.000000,0.000000,0.000000,0.000000,0.000000,0.000000,0.000000,0.000000,0.000000,0.870000,9.150000,-2.690000,-0.240000,-0.190000,0.310000,30.500000,-23.060000,-24.190000
3.046000,152128.000000,0.000000,1714.000000,2439.000000,593.000000,241.000000,1535.000000,0.000000,0.000000,0.000000,0.000000,0.000000,0.000000,0.000000,0.000000,0.000000,0.870000,9.150000,-2.690000,-0.240000,-0.190000,0.310000,30.500000,-23.060000,-24.190000
3.048000,152129.000000,0.000000,1729.000000,2443.000000,662.000000,212.000000,1635.000000,0.000000,0.000000,0.000000,0.000000,0.000000,0.000000,0.000000,0.000000,0.000000,0.870000,9.150000,-2.690000,-0.240000,-0.190000,0.310000,30.500000,-23.060000,-24.190000
3.050000,152130.000000,543.000000,1764.000000,2433.000000,714.000000,144.000000,1712.000000,0.000000,0.000000,0.000000,0.000000,0.000000,0.000000,0.000000,0.000000,0.000000,0.380000,8.750000,-2.820000,-0.170000,0.260000,0.330000,30.500000,-23.060000,-24.190000
3.052000,152131.000000,18.000000,1761.000000,2406.000000,814.000000,149.000000,1819.000000,0.000000,0.000000,0.000000,0.000000,0.000000,0.000000,0.000000,0.000000,0.000000,0.380000,8.750000,-2.820000,-0.170000,0.260000,0.330000,30.500000,-23.060000,-24.190000
3.054000,152132.000000,29.000000,1782.000000,2416.000000,1033.000000,113.000000,2179.000000,0.000000,0.000000,0.000000,0.000000,0.000000,0.000000,0.000000,0.000000,0.000000,0.380000,8.750000,-2.820000,-0.170000,0.260000,0.330000,30.500000,-23.060000,-24.190000
3.056000,152133.000000,29.000000,1815.000000,2450.000000,1023.000000,71.000000,2151.000000,0.000000,0.000000,0.000000,0.000000,0.000000,0.000000,0.000000,0.000000,0.000000,0.380000,8.750000,-2.820000,-0.170000,0.260000,0.330000,30.500000,-23.060000,-24.190000
3.058000,152134.000000,11.000000,1855.000000,2448.000000,863.000000,49.000000,1912.000000,0.000000,0.000000,0.000000,0.000000,0.000000,0.000000,0.000000,0.000000,0.000000,0.380000,8.750000,-2.820000,-0.170000,0.260000,0.330000,30.500000,-23.060000,-24.190000
3.060000,152135.000000,542.000000,1851.000000,2514.000000,637.000000,0.000000,1532.000000,0.000000,0.000000,0.000000,0.000000,0.000000,0.000000,0.000000,0.000000,0.000000,-0.090000,8.290000,-1.750000,-0.230000,0.200000,0.350000,30.500000,-23.060000,-24.190000
3.062000,152136.000000,0.000000,1856.000000,2528.000000,495.000000,0.000000,1305.000000,0.000000,0.000000,0.000000,0.000000,0.000000,0.000000,0.000000,0.000000,0.000000,-0.090000,8.290000,-1.750000,-0.230000,0.200000,0.350000,30.500000,-23.060000,-24.190000
3.064000,152137.000000,0.000000,1823.000000,2578.000000,537.000000,0.000000,1374.000000,0.000000,0.000000,0.000000,0.000000,0.000000,0.000000,0.000000,0.000000,0.000000,-0.090000,8.290000,-1.750000,-0.230000,0.200000,0.350000,30.500000,-23.060000,-24.190000
3.066000,152138.000000,0.000000,1803.000000,2615.000000,639.000000,0.000000,1521.000000,0.000000,0.000000,0.000000,0.000000,0.000000,0.000000,0.000000,0.000000,0.000000,-0.090000,8.290000,-1.750000,-0.230000,0.200000,0.350000,30.500000,-23.060000,-24.190000
3.068000,152139.000000,0.000000,1791.000000,2681.000000,718.000000,0.000000,1651.000000,0.000000,0.000000,0.000000,0.000000,0.000000,0.000000,0.000000,0.000000,0.000000,-0.090000,8.290000,-1.750000,-0.230000,0.200000,0.350000,30.500000,-23.060000,-24.190000
3.070000,152140.000000,539.000000,1795.000000,2736.000000,763.000000,0.000000,1739.000000,0.000000,0.000000,0.000000,0.000000,0.000000,0.000000,0.000000,0.000000,0.000000,0.540000,7.840000,0.630000,-0.360000,0.140000,0.440000,30.500000,-23.060000,-24.190000
3.072000,152141.000000,16.000000,1792.000000,2754.000000,865.000000,0.000000,1866.000000,0.000000,0.000000,0.000000,0.000000,0.000000,0.000000,0.000000,0.000000,0.000000,0.540000,7.840000,0.630000,-0.360000,0.140000,0.440000,30.500000,-23.060000,-24.190000
3.074000,152142.000000,29.000000,1823.000000,2847.000000,1138.000000,0.000000,2205.000000,0.000000,0.000000,0.000000,0.000000,0.000000,0.000000,0.000000,0.000000,0.000000,0.540000,7.840000,0.630000,-0.360000,0.140000,0.440000,30.500000,-23.060000,-24.190000
3.076000,152143.000000,22.000000,1858.000000,2890.000000,1146.000000,0.000000,2192.000000,0.000000,0.000000,0.000000,0.000000,0.000000,0.000000,0.000000,0.000000,0.000000,0.540000,7.840000,0.630000,-0.360000,0.140000,0.440000,30.500000,-23.060000,-24.190000
3.078000,152144.000000,9.000000,1856.000000,2950.000000,1038.000000,0.000000,1929.000000,0.000000,0.000000,0.000000,0.000000,0.000000,0.000000,0.000000,0.000000,0.000000,0.540000,7.840000,0.630000,-0.360000,0.140000,0.440000,30.500000,-23.060000,-24.190000
3.080000,152145.000000,0.000000,1872.000000,2971.000000,743.000000,0.000000,1497.000000,0.000000,0.000000,0.000000,0.000000,0.000000,0.000000,0.000000,0.000000,0.000000,1.180000,8.010000,0.680000,-0.360000,0.140000,0.440000,30.500000,-23.060000,-24.190000
3.082000,152146.000000,13.000000,1869.000000,2995.000000,623.000000,0.000000,1334.000000,0.000000,0.000000,0.000000,0.000000,0.000000,0.000000,0.000000,0.000000,0.000000,1.180000,8.010000,0.680000,-0.360000,0.140000,0.440000,30.500000,-23.060000,-24.190000
3.084000,152147.000000,0.000000,1857.000000,2980.000000,630.000000,0.000000,1390.000000,0.000000,0.000000,0.000000,0.000000,0.000000,0.000000,0.000000,0.000000,0.000000,1.180000,8.010000,0.680000,-0.360000,0.140000,0.440000,30.500000,-23.060000,-24.190000
3.086000,152148.000000,0.000000,1842.000000,2950.000000,695.000000,0.000000,1531.000000,0.000000,0.000000,0.000000,0.000000,0.000000,0.000000,0.000000,0.000000,0.000000,1.180000,8.010000,0.680000,-0.360000,0.140000,0.440000,30.500000,-23.060000,-24.190000
3.088000,152149.000000,0.000000,1808.000000,2935.000000,753.000000,0.000000,1648.000000,0.000000,0.000000,0.000000,0.000000,0.000000,0.000000,0.000000,0.000000,0.000000,1.180000,8.010000,0.680000,-0.360000,0.140000,0.440000,30.500000,-23.060000,-24.190000
3.090000,152150.000000,15.000000,1823.000000,2929.000000,798.000000,0.000000,1737.000000,0.000000,0.000000,0.000000,0.000000,0.000000,0.000000,0.000000,0.000000,0.000000,1.650000,8.290000,0.150000,-0.490000,0.110000,0.500000,30.560000,-25.560000,-24.690000
3.092000,152151.000000,7.000000,1819.000000,2928.000000,863.000000,0.000000,1866.000000,0.000000,0.000000,0.000000,0.000000,0.000000,0.000000,0.000000,0.000000,0.000000,1.650000,8.290000,0.150000,-0.490000,0.110000,0.500000,30.560000,-25.560000,-24.690000
3.094000,152152.000000,48.000000,1860.000000,2894.000000,1119.000000,0.000000,2186.000000,0.000000,0.000000,0.000000,0.000000,0.000000,0.000000,0.000000,0.000000,0.000000,1.650000,8.290000,0.150000,-0.490000,0.110000,0.500000,30.560000,-25.560000,-24.690000
3.096000,152153.000000,36.000000,1888.000000,2883.000000,1141.000000,0.000000,2163.000000,0.000000,0.000000,0.000000,0.000000,0.000000,0.000000,0.000000,0.000000,0.000000,1.650000,8.290000,0.150000,-0.490000,0.110000,0.500000,30.560000,-25.560000,-24.690000
3.098000,152154.000000,14.000000,1920.000000,2843.000000,1012.000000,0.000000,1919.000000,0.000000,0.000000,0.000000,0.000000,0.000000,0.000000,0.000000,0.000000,0.000000,1.650000,8.290000,0.150000,-0.490000,0.110000,0.500000,30.560000,-25.560000,-24.690000
3.100000,152155.000000,579.000000,1922.000000,2787.000000,752.000000,0.000000,1535.000000,0.000000,0.000000,0.000000,0.000000,0.000000,0.000000,0.000000,0.000000,0.000000,1.960000,8.610000,-0.460000,-0.560000,-0.030000,0.440000,30.560000,-25.560000,-24.690000
3.102000,152156.000000,0.000000,1893.000000,2719.000000,586.000000,0.000000,1313.000000,0.000000,0.000000,0.000000,0.000000,0.000000,0.000000,0.000000,0.000000,0.000000,1.960000,8.610000,-0.460000,-0.560000,-0.030000,0.440000,30.560000,-25.560000,-24.690000
3.104000,152157.000000,0.000000,1849.000000,2624.000000,605.000000,0.000000,1401.000000,0.000000,0.000000,0.000000,0.000000,0.000000,0.000000,0.000000,0.000000,0.000000,1.960000,8.610000,-0.460000,-0.560000,-0.030000,0.440000,30.560000,-25.560000,-24.690000
3.106000,152158.000000,0.000000,1799.000000,2559.000000,683.000000,0.000000,1552.000000,0.000000,0.000000,0.000000,0.000000,0.000000,0.000000,0.000000,0.000000,0.000000,1.960000,8.610000,-0.460000,-0.560000,-0.030000,0.440000,30.560000,-25.560000,-24.690000
3.108000,152159.000000,0.000000,1789.000000,2496.000000,767.000000,0.000000,1639.000000,0.000000,0.000000,0.000000,0.000000,0.000000,0.000000,0.000000,0.000000,0.000000,1.960000,8.610000,-0.460000,-0.560000,-0.030000,0.440000,30.560000,-25.560000,-24.690000
3.110000,152160.000000,123.000000,1717.000000,2477.000000,809.000000,0.000000,1702.000000,0.000000,0.000000,0.000000,0.000000,0.000000,0.000000,0.000000,0.000000,0.000000,2.200000,9.020000,-0.840000,-0.520000,-0.080000,0.350000,30.560000,-25.560000,-24.690000
3.112000,152161.000000,1.000000,1711.000000,2475.000000,894.000000,0.000000,1823.000000,0.000000,0.000000,0.000000,0.000000,0.000000,0.000000,0.000000,0.000000,0.000000,2.200000,9.020000,-0.840000,-0.520000,-0.080000,0.350000,30.560000,-25.560000,-24.690000
3.114000,152162.000000,25.000000,1691.000000,2502.000000,1145.000000,0.000000,2151.000000,0.000000,0.000000,0.000000,0.000000,0.000000,0.000000,0.000000,0.000000,0.000000,2.200000,9.020000,-0.840000,-0.520000,-0.080000,0.350000,30.560000,-25.560000,-24.690000
3.116000,152163.000000,27.000000,1686.000000,2543.000000,1177.000000,0.000000,2137.000000,0.000000,0.000000,0.000000,0.000000,0.000000,0.000000,0.000000,0.000000,0.000000,2.200000,9.020000,-0.840000,-0.520000,-0.080000,0.350000,30.560000,-25.560000,-24.690000
3.118000,152164.000000,15.000000,1685.000000,2599.000000,1046.000000,0.000000,1932.000000,0.000000,0.000000,0.000000,0.000000,0.000000,0.000000,0.000000,0.000000,0.000000,2.200000,9.020000,-0.840000,-0.520000,-0.080000,0.350000,30.560000,-25.560000,-24.690000
3.120000,152165.000000,0.000000,1671.000000,2672.000000,752.000000,0.000000,1535.000000,0.000000,0.000000,0.000000,0.000000,0.000000,0.000000,0.000000,0.000000,0.000000,1.900000,8.990000,-0.320000,-0.530000,-0.200000,0.280000,30.560000,-25.560000,-24.690000
3.122000,152166.000000,0.000000,1611.000000,2720.000000,618.000000,0.000000,1337.000000,0.000000,0.000000,0.000000,0.000000,0.000000,0.000000,0.000000,0.000000,0.000000,1.900000,8.990000,-0.320000,-0.530000,-0.200000,0.280000,30.560000,-25.560000,-24.690000
3.124000,152167.000000,0.000000,1579.000000,2767.000000,640.000000,0.000000,1400.000000,0.000000,0.000000,0.000000,0.000000,0.000000,0.000000,0.000000,0.000000,0.000000,1.900000,8.990000,-0.320000,-0.530000,-0.200000,0.280000,30.560000,-25.560000,-24.690000
3.126000,152168.000000,0.000000,1535.000000,2826.000000,715.000000,0.000000,1523.000000,0.000000,0.000000,0.000000,0.000000,0.000000,0.000000,0.000000,0.000000,0.000000,1.900000,8.990000,-0.320000,-0.530000,-0.200000,0.280000,30.560000,-25.560000,-24.690000
3.128000,152169.000000,0.000000,1501.000000,2887.000000,787.000000,0.000000,1638.000000,0.000000,0.000000,0.000000,0.000000,0.000000,0.000000,0.000000,0.000000,0.000000,1.900000,8.990000,-0.320000,-0.530000,-0.200000,0.280000,30.560000,-25.560000,-24.690000
3.130000,152170.000000,14.000000,1488.000000,2933.000000,838.000000,0.000000,1711.000000,0.000000,0.000000,0.000000,0.000000,0.000000,0.000000,0.000000,0.000000,0.000000,1.680000,8.920000,0.460000,-0.530000,-0.200000,0.280000,30.560000,-25.560000,-24.690000
3.132000,152171.000000,0.000000,1443.000000,2975.000000,942.000000,0.000000,1860.000000,0.000000,0.000000,0.000000,0.000000,0.000000,0.000000,0.000000,0.000000,0.000000,1.680000,8.920000,0.460000,-0.530000,-0.200000,0.280000,30.560000,-25.560000,-24.690000
3.134000,152172.000000,17.000000,1457.000000,3011.000000,1184.000000,0.000000,2163.000000,0.000000,0.000000,0.000000,0.000000,0.000000,0.000000,0.000000,0.000000,0.000000,1.680000,8.920000,0.460000,-0.530000,-0.200000,0.280000,30.560000,-25.560000,-24.690000
3.136000,152173.000000,23.000000,1475.000000,3046.000000,1197.000000,0.000000,2158.000000,0.000000,0.000000,0.000000,0.000000,0.000000,0.000000,0.000000,0.000000,0.000000,1.680000,8.920000,0.460000,-0.530000,-0.200000,0.280000,30.560000,-25.560000,-24.690000
3.138000,152174.000000,9.000000,1499.000000,3011.000000,1058.000000,0.000000,1920.000000,0.000000,0.000000,0.000000,0.000000,0.000000,0.000000,0.000000,0.000000,0.000000,1.680000,8.920000,0.460000,-0.530000,-0.200000,0.280000,30.560000,-25.560000,-24.690000
3.140000,152175.000000,38.000000,1521.000000,3070.000000,810.000000,0.000000,1574.000000,0.000000,0.000000,0.000000,0.000000,0.000000,0.000000,0.000000,0.000000,0.000000,1.770000,8.940000,1.060000,-0.580000,-0.390000,0.230000,30.380000,-26.380000,-23.880000
3.142000,152176.000000,0.000000,1535.000000,3043.000000,667.000000,0.000000,1374.000000,0.000000,0.000000,0.000000,0.000000,0.000000,0.000000,0.000000,0.000000,0.000000,1.770000,8.940000,1.060000,-0.580000,-0.390000,0.230000,30.380000,-26.380000,-23.880000
3.144000,152177.000000,0.000000,1520.000000,3013.000000,677.000000,0.000000,1455.000000,0.000000,0.000000,0.000000,0.000000,0.000000,0.000000,0.000000,0.000000,0.000000,1.770000,8.940000,1.060000,-0.580000,-0.390000,0.230000,30.380000,-26.380000,-23.880000
3.146000,152178.000000,0.000000,1503.000000,3010.000000,720.000000,0.000000,1586.000000,0.000000,0.000000,0.000000,0.000000,0.000000,0.000000,0.000000,0.000000,0.000000,1.770000,8.940000,1.060000,-0.580000,-0.390000,0.230000,30.380000,-26.380000,-23.880000
3.148000,152179.000000,0.000000,1563.000000,2983.000000,759.000000,0.000000,1664.000000,0.000000,0.000000,0.000000,0.000000,0.000000,0.000000,0.000000,0.000000,0.000000,1.770000,8.940000,1.060000,-0.580000,-0.390000,0.230000,30.380000,-26.380000,-23.880000
3.150000,152180.000000,469.000000,1584.000000,2960.000000,823.000000,0.000000,1732.000000,0.000000,0.000000,0.000000,0.000000,0.000000,0.000000,0.000000,0.000000,0.000000,1.980000,9.020000,1.560000,-0.640000,-0.570000,0.240000,30.380000,-26.380000,-23.880000
3.152000,152181.000000,16.000000,1556.000000,2935.000000,899.000000,0.000000,1837.000000,0.000000,0.000000,0.000000,0.000000,0.000000,0.000000,0.000000,0.000000,0.000000,1.980000,9.020000,1.560000,-0.640000,-0.570000,0.240000,30.380000,-26.380000,-23.880000
3.154000,152182.000000,27.000000,1535.000000,2907.000000,1133.000000,0.000000,2147.000000,0.000000,0.000000,0.000000,0.000000,0.000000,0.000000,0.000000,0.000000,0.000000,1.980000,9.020000,1.560000,-0.640000,-0.570000,0.240000,30.380000,-26.380000,-23.880000
3.156000,152183.000000,19.000000,1584.000000,2891.000000,1143.000000,0.000000,2163.000000,0.000000,0.000000,0.000000,0.000000,0.000000,0.000000,0.000000,0.000000,0.000000,1.980000,9.020000,1.560000,-0.640000,-0.570000,0.240000,30.380000,-26.380000,-23.880000
3.158000,152184.000000,7.000000,1571.000000,2881.000000,1085.000000,0.000000,1936.000000,0.000000,0.000000,0.000000,0.000000,0.000000,0.000000,0.000000,0.000000,0.000000,1.980000,9.020000,1.560000,-0.640000,-0.570000,0.240000,30.380000,-26.380000,-23.880000
3.160000,152185.000000,253.000000,1533.000000,2869.000000,789.000000,0.000000,1535.000000,0.000000,0.000000,0.000000,0.000000,0.000000,0.000000,0.000000,0.000000,0.000000,1.860000,9.110000,1.540000,-0.650000,-0.510000,0.280000,30.380000,-26.380000,-23.880000
3.162000,152186.000000,0.000000,1456.000000,2823.000000,606.000000,0.000000,1338.000000,0.000000,0.000000,0.000000,0.000000,0.000000,0.000000,0.000000,0.000000,0.000000,1.860000,9.110000,1.540000,-0.650000,-0.510000,0.280000,30.380000,-26.380000,-23.880000
3.164000,152187.000000,0.000000,1389.000000,2770.000000,623.000000,0.000000,1411.000000,0.000000,0.000000,0.000000,0.000000,0.000000,0.000000,0.000000,0.000000,0.000000,1.860000,9.110000,1.540000,-0.650000,-0.510000,0.280000,30.380000,-26.380000,-23.880000
3.166000,152188.000000,0.000000,1314.000000,2704.000000,717.000000,0.000000,1511.000000,0.000000,0.000000,0.000000,0.000000,0.000000,0.000000,0.000000,0.000000,0.000000,1.860000,9.110000,1.540000,-0.650000,-0.510000,0.280000,30.380000,-26.380000,-23.880000
3.168000,152189.000000,0.000000,1275.000000,2671.000000,783.000000,0.000000,1638.000000,0.000000,0.000000,0.000000,0.000000,0.000000,0.000000,0.000000,0.000000,0.000000,1.860000,9.110000,1.540000,-0.650000,-0.510000,0.280000,30.380000,-26.380000,-23.880000
3.170000,152190.000000,0.000000,1229.000000,2598.000000,800.000000,0.000000,1662.000000,0.000000,0.000000,0.000000,0.000000,0.000000,0.000000,0.000000,0.000000,0.000000,1.350000,9.380000,1.580000,-0.690000,-0.490000,0.300000,30.380000,-26.380000,-23.880000
3.172000,152191.000000,0.000000,1171.000000,2582.000000,911.000000,0.000000,1793.000000,0.000000,0.000000,0.000000,0.000000,0.000000,0.000000,0.000000,0.000000,0.000000,1.350000,9.380000,1.580000,-0.690000,-0.490000,0.300000,30.380000,-26.380000,-23.880000
3.174000,152192.000000,28.000000,1141.000000,2548.000000,1133.000000,0.000000,2111.000000,0.000000,0.000000,0.000000,0.000000,0.000000,0.000000,0.000000,0.000000,0.000000,1.350000,9.380000,1.580000,-0.690000,-0.490000,0.300000,30.380000,-26.380000,-23.880000
3.176000,152193.000000,17.000000,1185.000000,2583.000000,1168.000000,0.000000,2107.000000,0.000000,0.000000,0.000000,0.000000,0.000000,0.000000,0.000000,0.000000,0.000000,1.350000,9.380000,1.580000,-0.690000,-0.490000,0.300000,30.380000,-26.380000,-23.880000
3.178000,152194.000000,10.000000,1184.000000,2559.000000,1046.000000,0.000000,1904.000000,0.000000,0.000000,0.000000,0.000000,0.000000,0.000000,0.000000,0.000000,0.000000,1.350000,9.380000,1.580000,-0.690000,-0.490000,0.300000,30.380000,-26.380000,-23.880000
3.180000,152195.000000,0.000000,1155.000000,2581.000000,782.000000,0.000000,1479.000000,0.000000,0.000000,0.000000,0.000000,0.000000,0.000000,0.000000,0.000000,0.000000,0.220000,9.940000,1.090000,-0.690000,-0.490000,0.300000,30.380000,-26.380000,-23.880000
3.182000,152196.000000,0.000000,1161.000000,2503.000000,635.000000,0.000000,1319.000000,0.000000,0.000000,0.000000,0.000000,0.000000,0.000000,0.000000,0.000000,0.000000,0.220000,9.940000,1.090000,-0.690000,-0.490000,0.300000,30.380000,-26.380000,-23.880000
3.184000,152197.000000,0.000000,1150.000000,2529.000000,620.000000,0.000000,1360.000000,0.000000,0.000000,0.000000,0.000000,0.000000,0.000000,0.000000,0.000000,0.000000,0.220000,9.940000,1.090000,-0.690000,-0.490000,0.300000,30.380000,-26.380000,-23.880000
3.186000,152198.000000,0.000000,1146.000000,2480.000000,692.000000,0.000000,1482.000000,0.000000,0.000000,0.000000,0.000000,0.000000,0.000000,0.000000,0.000000,0.000000,0.220000,9.940000,1.090000,-0.690000,-0.490000,0.300000,30.380000,-26.380000,-23.880000
3.188000,152199.000000,0.000000,1152.000000,2447.000000,743.000000,0.000000,1535.000000,0.000000,0.000000,0.000000,0.000000,0.000000,0.000000,0.000000,0.000000,0.000000,0.220000,9.940000,1.090000,-0.690000,-0.490000,0.300000,30.380000,-26.380000,-23.880000
3.190000,152200.000000,13.000000,1184.000000,2421.000000,805.000000,0.000000,1584.000000,0.000000,0.000000,0.000000,0.000000,0.000000,0.000000,0.000000,0.000000,0.000000,0.290000,10.210000,1.200000,-0.770000,-0.530000,0.280000,30.500000,-26.560000,-23.380000
3.192000,152201.000000,0.000000,1213.000000,2381.000000,890.000000,0.000000,1744.000000,0.000000,0.000000,0.000000,0.000000,0.000000,0.000000,0.000000,0.000000,0.000000,0.290000,10.210000,1.200000,-0.770000,-0.530000,0.280000,30.500000,-26.560000,-23.380000
3.194000,152202.000000,28.000000,1262.000000,2368.000000,1120.000000,0.000000,2091.000000,0.000000,0.000000,0.000000,0.000000,0.000000,0.000000,0.000000,0.000000,0.000000,0.290000,10.210000,1.200000,-0.770000,-0.530000,0.280000,30.500000,-26.560000,-23.380000
3.196000,152203.000000,18.000000,1331.000000,2343.000000,991.000000,0.000000,2119.000000,0.000000,0.000000,0.000000,0.000000,0.000000,0.000000,0.000000,0.000000,0.000000,0.290000,10.210000,1.200000,-0.770000,-0.530000,0.280000,30.500000,-26.560000,-23.380000
3.198000,152204.000000,3.000000,1352.000000,2352.000000,801.000000,0.000000,1917.000000,0.000000,0.000000,0.000000,0.000000,0.000000,0.000000,0.000000,0.000000,0.000000,0.290000,10.210000,1.200000,-0.770000,-0.530000,0.280000,30.500000,-26.560000,-23.380000
3.200000,152205.000000,391.000000,1408.000000,2334.000000,623.000000,0.000000,1535.000000,0.000000,0.000000,0.000000,0.000000,0.000000,0.000000,0.000000,0.000000,0.000000,0.360000,10.260000,1.590000,-0.870000,-0.360000,0.230000,30.500000,-26.560000,-23.380000
3.202000,152206.000000,0.000000,1420.000000,2274.000000,522.000000,0.000000,1345.000000,0.000000,0.000000,0.000000,0.000000,0.000000,0.000000,0.000000,0.000000,0.000000,0.360000,10.260000,1.590000,-0.870000,-0.360000,0.230000,30.500000,-26.560000,-23.380000
3.204000,152207.000000,0.000000,1454.000000,2249.000000,548.000000,0.000000,1386.000000,0.000000,0.000000,0.000000,0.000000,0.000000,0.000000,0.000000,0.000000,0.000000,0.360000,10.260000,1.590000,-0.870000,-0.360000,0.230000,30.500000,-26.560000,-23.380000
3.206000,152208.000000,0.000000,1457.000000,2192.000000,635.000000,0.000000,1520.000000,0.000000,0.000000,0.000000,0.000000,0.000000,0.000000,0.000000,0.000000,0.000000,0.360000,10.260000,1.590000,-0.870000,-0.360000,0.230000,30.500000,-26.560000,-23.380000
3.208000,152209.000000,0.000000,1451.000000,2112.000000,703.000000,0.000000,1629.000000,0.000000,0.000000,0.000000,0.000000,0.000000,0.000000,0.000000,0.000000,0.000000,0.360000,10.260000,1.590000,-0.870000,-0.360000,0.230000,30.500000,-26.560000,-23.380000
3.210000,152210.000000,0.000000,1494.000000,2065.000000,774.000000,0.000000,1703.000000,0.000000,0.000000,0.000000,0.000000,0.000000,0.000000,0.000000,0.000000,0.000000,0.400000,10.180000,1.980000,-0.910000,-0.210000,0.210000,30.500000,-26.560000,-23.380000
3.212000,152211.000000,0.000000,1498.000000,2079.000000,881.000000,0.000000,1846.000000,0.000000,0.000000,0.000000,0.000000,0.000000,0.000000,0.000000,0.000000,0.000000,0.400000,10.180000,1.980000,-0.910000,-0.210000,0.210000,30.500000,-26.560000,-23.380000
3.214000,152212.000000,23.000000,1535.000000,2041.000000,1127.000000,0.000000,2135.000000,0.000000,0.000000,0.000000,0.000000,0.000000,0.000000,0.000000,0.000000,0.000000,0.400000,10.180000,1.980000,-0.910000,-0.210000,0.210000,30.500000,-26.560000,-23.380000
3.216000,152213.000000,26.000000,1600.000000,2043.000000,1136.000000,80.000000,2129.000000,0.000000,0.000000,0.000000,0.000000,0.000000,0.000000,0.000000,0.000000,0.000000,0.400000,10.180000,1.980000,-0.910000,-0.210000,0.210000,30.500000,-26.560000,-23.380000
3.218000,152214.000000,7.000000,1601.000000,2047.000000,1023.000000,245.000000,1875.000000,0.000000,0.000000,0.000000,0.000000,0.000000,0.000000,0.000000,0.000000,0.000000,0.400000,10.180000,1.980000,-0.910000,-0.210000,0.210000,30.500000,-26.560000,-23.380000
3.220000,152215.000000,473.000000,1638.000000,2037.000000,807.000000,387.000000,1435.000000,0.000000,0.000000,0.000000,0.000000,0.000000,0.000000,0.000000,0.000000,0.000000,0.340000,10.080000,2.710000,-0.910000,-0.210000,0.210000,30.500000,-26.560000,-23.380000
3.222000,152216.000000,0.000000,1620.000000,1987.000000,637.000000,549.000000,1297.000000,0.000000,0.000000,0.000000,0.000000,0.000000,0.000000,0.000000,0.000000,0.000000,0.340000,10.080000,2.710000,-0.910000,-0.210000,0.210000,30.500000,-26.560000,-23.380000
3.224000,152217.000000,0.000000,1616.000000,1923.000000,624.000000,657.000000,1535.000000,0.000000,0.000000,0.000000,0.000000,0.000000,0.000000,0.000000,0.000000,0.000000,0.340000,10.080000,2.710000,-0.910000,-0.210000,0.210000,30.500000,-26.560000,-23.380000
3.226000,152218.000000,0.000000,1615.000000,1885.000000,711.000000,784.000000,1677.000000,0.000000,0.000000,0.000000,0.000000,0.000000,0.000000,0.000000,0.000000,0.000000,0.340000,10.080000,2.710000,-0.910000,-0.210000,0.210000,30.500000,-26.560000,-23.380000
3.228000,152219.000000,0.000000,1594.000000,1865.000000,765.000000,907.000000,1734.000000,0.000000,0.000000,0.000000,0.000000,0.000000,0.000000,0.000000,0.000000,0.000000,0.340000,10.080000,2.710000,-0.910000,-0.210000,0.210000,30.500000,-26.560000,-23.380000
3.230000,152220.000000,6.000000,1600.000000,1827.000000,820.000000,1033.000000,1804.000000,0.000000,0.000000,0.000000,0.000000,0.000000,0.000000,0.000000,0.000000,0.000000,0.280000,10.100000,2.520000,-0.910000,-0.210000,0.210000,30.500000,-26.560000,-23.380000
3.232000,152221.000000,12.000000,1613.000000,1776.000000,905.000000,1136.000000,2070.000000,0.000000,0.000000,0.000000,0.000000,0.000000,0.000000,0.000000,0.000000,0.000000,0.280000,10.100000,2.520000,-0.910000,-0.210000,0.210000,30.500000,-26.560000,-23.380000
3.234000,152222.000000,48.000000,1626.000000,1728.000000,1137.000000,1262.000000,2363.000000,0.000000,0.000000,0.000000,0.000000,0.000000,0.000000,0.000000,0.000000,0.000000,0.280000,10.100000,2.520000,-0.910000,-0.210000,0.210000,30.500000,-26.560000,-23.380000
3.236000,152223.000000,27.000000,1652.000000,1712.000000,1169.000000,1378.000000,2095.000000,0.000000,0.000000,0.000000,0.000000,0.000000,0.000000,0.000000,0.000000,0.000000,0.280000,10.100000,2.520000,-0.910000,-0.210000,0.210000,30.500000,-26.560000,-23.380000
3.238000,152224.000000,9.000000,1703.000000,1681.000000,1074.000000,1506.000000,1799.000000,0.000000,0.000000,0.000000,0.000000,0.000000,0.000000,0.000000,0.000000,0.000000,0.280000,10.100000,2.520000,-0.910000,-0.210000,0.210000,30.500000,-26.560000,-23.380000
3.240000,152225.000000,15.000000,1718.000000,1648.000000,811.000000,1566.000000,1366.000000,0.000000,0.000000,0.000000,0.000000,0.000000,0.000000,0.000000,0.000000,0.000000,0.470000,10.270000,2.280000,-1.010000,0.050000,0.210000,29.880000,-26.250000,-25.060000
3.242000,152226.000000,0.000000,1733.000000,1600.000000,636.000000,1665.000000,1267.000000,0.000000,0.000000,0.000000,0.000000,0.000000,0.000000,0.000000,0.000000,0.000000,0.470000,10.270000,2.280000,-1.010000,0.050000,0.210000,29.880000,-26.250000,-25.060000
3.244000,152227.000000,1.000000,1712.000000,1535.000000,607.000000,1731.000000,1558.000000,0.000000,0.000000,0.000000,0.000000,0.000000,0.000000,0.000000,0.000000,0.000000,0.470000,10.270000,2.280000,-1.010000,0.050000,0.210000,29.880000,-26.250000,-25.060000
3.246000,152228.000000,0.000000,1695.000000,1477.000000,717.000000,1793.000000,1692.000000,0.000000,0.000000,0.000000,0.000000,0.000000,0.000000,0.000000,0.000000,0.000000,0.470000,10.270000,2.280000,-1.010000,0.050000,0.210000,29.880000,-26.250000,-25.060000
3.248000,152229.000000,0.000000,1702.000000,1386.000000,771.000000,1866.000000,1745.000000,0.000000,0.000000,0.000000,0.000000,0.000000,0.000000,0.000000,0.000000,0.000000,0.470000,10.270000,2.280000,-1.010000,0.050000,0.210000,29.880000,-26.250000,-25.060000
3.250000,152230.000000,531.000000,1680.000000,1338.000000,826.000000,1917.000000,1801.000000,0.000000,0.000000,0.000000,0.000000,0.000000,0.000000,0.000000,0.000000,0.000000,0.750000,10.360000,2.400000,-1.130000,0.190000,0.190000,29.880000,-26.250000,-25.060000
3.252000,152231.000000,28.000000,1714.000000,1264.000000,908.000000,2001.000000,2106.000000,0.000000,0.000000,0.000000,0.000000,0.000000,0.000000,0.000000,0.000000,0.000000,0.750000,10.360000,2.400000,-1.130000,0.190000,0.190000,29.880000,-26.250000,-25.060000
3.254000,152232.000000,44.000000,1733.000000,1216.000000,1151.000000,2096.000000,2378.000000,0.000000,0.000000,0.000000,0.000000,0.000000,0.000000,0.000000,0.000000,0.000000,0.750000,10.360000,2.400000,-1.130000,0.190000,0.190000,29.880000,-26.250000,-25.060000
3.256000,152233.000000,30.000000,1756.000000,1183.000000,1167.000000,2174.000000,2105.000000,0.000000,0.000000,0.000000,0.000000,0.000000,0.000000,0.000000,0.000000,0.000000,0.750000,10.360000,2.400000,-1.130000,0.190000,0.190000,29.880000,-26.250000,-25.060000
3.258000,152234.000000,0.000000,1794.000000,1168.000000,1060.000000,2287.000000,1813.000000,0.000000,0.000000,0.000000,0.000000,0.000000,0.000000,0.000000,0.000000,0.000000,0.750000,10.360000,2.400000,-1.130000,0.190000,0.190000,29.880000,-26.250000,-25.060000
3.260000,152235.000000,0.000000,1791.000000,1099.000000,819.000000,2362.000000,1383.000000,0.000000,0.000000,0.000000,0.000000,0.000000,0.000000,0.000000,0.000000,0.000000,1.210000,10.240000,2.700000,-1.130000,0.190000,0.190000,29.880000,-26.250000,-25.060000
3.262000,152236.000000,0.000000,1803.000000,992.000000,637.000000,2419.000000,1296.000000,0.000000,0.000000,0.000000,0.000000,0.000000,0.000000,0.000000,0.000000,0.000000,1.210000,10.240000,2.700000,-1.130000,0.190000,0.190000,29.880000,-26.250000,-25.060000
3.264000,152237.000000,0.000000,1775.000000,973.000000,624.000000,2438.000000,1574.000000,0.000000,0.000000,0.000000,0.000000,0.000000,0.000000,0.000000,0.000000,0.000000,1.210000,10.240000,2.700000,-1.130000,0.190000,0.190000,29.880000,-26.250000,-25.060000
3.266000,152238.000000,0.000000,1780.000000,889.000000,722.000000,2492.000000,1697.000000,0.000000,0.000000,0.000000,0.000000,0.000000,0.000000,0.000000,0.000000,0.000000,1.210000,10.240000,2.700000,-1.130000,0.190000,0.190000,29.880000,-26.250000,-25.060000
3.268000,152239.000000,0.000000,1793.000000,812.000000,774.000000,2539.000000,1750.000000,0.000000,0.000000,0.000000,0.000000,0.000000,0.000000,0.000000,0.000000,0.000000,1.210000,10.240000,2.700000,-1.130000,0.190000,0.190000,29.880000,-26.250000,-25.060000
3.270000,152240.000000,576.000000,1803.000000,739.000000,829.000000,2619.000000,1807.000000,0.000000,0.000000,0.000000,0.000000,0.000000,0.000000,0.000000,0.000000,0.000000,1.360000,10.190000,2.840000,-1.200000,0.250000,0.170000,29.880000,-26.250000,-25.060000
3.272000,152241.000000,33.000000,1808.000000,660.000000,911.000000,2671.000000,2128.000000,0.000000,0.000000,0.000000,0.000000,0.000000,0.000000,0.000000,0.000000,0.000000,1.360000,10.190000,2.840000,-1.200000,0.250000,0.170000,29.880000,-26.250000,-25.060000
3.274000,152242.000000,51.000000,1827.000000,612.000000,1156.000000,2748.000000,2399.000000,0.000000,0.000000,0.000000,0.000000,0.000000,0.000000,0.000000,0.000000,0.000000,1.360000,10.190000,2.840000,-1.200000,0.250000,0.170000,29.880000,-26.250000,-25.060000
3.276000,152243.000000,34.000000,1858.000000,580.000000,1199.000000,2821.000000,2123.000000,0.000000,0.000000,0.000000,0.000000,0.000000,0.000000,0.000000,0.000000,0.000000,1.360000,10.190000,2.840000,-1.200000,0.250000,0.170000,29.880000,-26.250000,-25.060000
3.278000,152244.000000,12.000000,1904.000000,528.000000,1085.000000,2891.000000,1840.000000,0.000000,0.000000,0.000000,0.000000,0.000000,0.000000,0.000000,0.000000,0.000000,1.360000,10.190000,2.840000,-1.200000,0.250000,0.170000,29.880000,-26.250000,-25.060000
3.280000,152245.000000,2.000000,1933.000000,474.000000,809.000000,2940.000000,1398.000000,0.000000,0.000000,0.000000,0.000000,0.000000,0.000000,0.000000,0.000000,0.000000,1.410000,10.120000,2.810000,-1.200000,0.250000,0.170000,29.880000,-26.250000,-25.060000
3.282000,152246.000000,0.000000,1909.000000,384.000000,649.000000,2981.000000,1312.000000,0.000000,0.000000,0.000000,0.000000,0.000000,0.000000,0.000000,0.000000,0.000000,1.410000,10.120000,2.810000,-1.200000,0.250000,0.170000,29.880000,-26.250000,-25.060000
3.284000,152247.000000,0.000000,1872.000000,309.000000,618.000000,2977.000000,1578.000000,0.000000,0.000000,0.000000,0.000000,0.000000,0.000000,0.000000,0.000000,0.000000,1.410000,10.120000,2.810000,-1.200000,0.250000,0.170000,29.880000,-26.250000,-25.060000
3.286000,152248.000000,0.000000,1871.000000,218.000000,723.000000,2990.000000,1680.000000,0.000000,0.000000,0.000000,0.000000,0.000000,0.000000,0.000000,0.000000,0.000000,1.410000,10.120000,2.810000,-1.200000,0.250000,0.170000,29.880000,-26.250000,-25.060000
3.288000,152249.000000,0.000000,1851.000000,138.000000,758.000000,3011.000000,1749.000000,0.000000,0.000000,0.000000,0.000000,0.000000,0.000000,0.000000,0.000000,0.000000,1.410000,10.120000,2.810000,-1.200000,0.250000,0.170000,29.880000,-26.250000,-25.060000
3.290000,152250.000000,38.000000,1841.000000,87.000000,816.000000,3045.000000,1791.000000,0.000000,0.000000,0.000000,0.000000,0.000000,0.000000,0.000000,0.000000,0.000000,1.430000,10.160000,2.780000,-1.320000,0.350000,0.150000,30.560000,-27.250000,-25.880000
3.292000,152251.000000,16.000000,1835.000000,32.000000,887.000000,3097.000000,2099.000000,0.000000,0.000000,0.000000,0.000000,0.000000,0.000000,0.000000,0.000000,0.000000,1.430000,10.160000,2.780000,-1.320000,0.350000,0.150000,30.560000,-27.250000,-25.880000
3.294000,152252.000000,74.000000,1851.000000,0.000000,1119.000000,3098.000000,2387.000000,0.000000,0.000000,0.000000,0.000000,0.000000,0.000000,0.000000,0.000000,0.000000,1.430000,10.160000,2.780000,-1.320000,0.350000,0.150000,30.560000,-27.250000,-25.880000
3.296000,152253.000000,23.000000,1872.000000,0.000000,1161.000000,3167.000000,2142.000000,0.000000,0.000000,0.000000,0.000000,0.000000,0.000000,0.000000,0.000000,0.000000,1.430000,10.160000,2.780000,-1.320000,0.350000,0.150000,30.560000,-27.250000,-25.880000
3.298000,152254.000000,15.000000,1892.000000,0.000000,1049.000000,3230.000000,1824.000000,0.000000,0.000000,0.000000,0.000000,0.000000,0.000000,0.000000,0.000000,0.000000,1.430000,10.160000,2.780000,-1.320000,0.350000,0.150000,30.560000,-27.250000,-25.880000
3.300000,152255.000000,0.000000,1891.000000,0.000000,774.000000,3271.000000,1381.000000,0.000000,0.000000,0.000000,0.000000,0.000000,0.000000,0.000000,0.000000,0.000000,0.990000,10.080000,2.360000,-1.370000,0.400000,0.120000,30.560000,-27.250000,-25.880000
3.302000,152256.000000,0.000000,1869.000000,0.000000,618.000000,3250.000000,1259.000000,0.000000,0.000000,0.000000,0.000000,0.000000,0.000000,0.000000,0.000000,0.000000,0.990000,10.080000,2.360000,-1.370000,0.400000,0.120000,30.560000,-27.250000,-25.880000
3.304000,152257.000000,0.000000,1822.000000,0.000000,599.000000,3254.000000,1530.000000,0.000000,0.000000,0.000000,0.000000,0.000000,0.000000,0.000000,0.000000,0.000000,0.990000,10.080000,2.360000,-1.370000,0.400000,0.120000,30.560000,-27.250000,-25.880000
3.306000,152258.000000,0.000000,1776.000000,0.000000,688.000000,3269.000000,1679.000000,0.000000,0.000000,0.000000,0.000000,0.000000,0.000000,0.000000,0.000000,0.000000,0.990000,10.080000,2.360000,-1.370000,0.400000,0.120000,30.560000,-27.250000,-25.880000
3.308000,152259.000000,0.000000,1739.000000,0.000000,775.000000,3301.000000,1730.000000,0.000000,0.000000,0.000000,0.000000,0.000000,0.000000,0.000000,0.000000,0.000000,0.990000,10.080000,2.360000,-1.370000,0.400000,0.120000,30.560000,-27.250000,-25.880000
3.310000,152260.000000,79.000000,1714.000000,0.000000,823.000000,3360.000000,1774.000000,0.000000,0.000000,0.000000,0.000000,0.000000,0.000000,0.000000,0.000000,0.000000,0.720000,9.910000,2.410000,-1.410000,0.440000,0.070000,30.560000,-27.250000,-25.880000
3.312000,152261.000000,9.000000,1710.000000,0.000000,883.000000,3393.000000,2098.000000,0.000000,0.000000,0.000000,0.000000,0.000000,0.000000,0.000000,0.000000,0.000000,0.720000,9.910000,2.410000,-1.410000,0.440000,0.070000,30.560000,-27.250000,-25.880000
3.314000,152262.000000,44.000000,1702.000000,0.000000,1127.000000,3462.000000,2383.000000,0.000000,0.000000,0.000000,0.000000,0.000000,0.000000,0.000000,0.000000,0.000000,0.720000,9.910000,2.410000,-1.410000,0.440000,0.070000,30.560000,-27.250000,-25.880000
3.316000,152263.000000,35.000000,1743.000000,0.000000,1173.000000,3491.000000,2129.000000,0.000000,0.000000,0.000000,0.000000,0.000000,0.000000,0.000000,0.000000,0.000000,0.720000,9.910000,2.410000,-1.410000,0.440000,0.070000,30.560000,-27.250000,-25.880000
3.318000,152264.000000,3.000000,1738.000000,0.000000,1073.000000,3601.000000,1840.000000,0.000000,0.000000,0.000000,0.000000,0.000000,0.000000,0.000000,0.000000,0.000000,0.720000,9.910000,2.410000,-1.410000,0.440000,0.070000,30.560000,-27.250000,-25.880000
3.320000,152265.000000,507.000000,1735.000000,0.000000,797.000000,3668.000000,1384.000000,0.000000,0.000000,0.000000,0.000000,0.000000,0.000000,0.000000,0.000000,0.000000,0.530000,9.750000,2.390000,-1.460000,0.490000,0.040000,30.560000,-27.250000,-25.880000
3.322000,152266.000000,0.000000,1705.000000,0.000000,625.000000,3692.000000,1294.000000,0.000000,0.000000,0.000000,0.000000,0.000000,0.000000,0.000000,0.000000,0.000000,0.530000,9.750000,2.390000,-1.460000,0.490000,0.040000,30.560000,-27.250000,-25.880000
3.324000,152267.000000,0.000000,1668.000000,0.000000,597.000000,3715.000000,1535.000000,0.000000,0.000000,0.000000,0.000000,0.000000,0.000000,0.000000,0.000000,0.000000,0.530000,9.750000,2.390000,-1.460000,0.490000,0.040000,30.560000,-27.250000,-25.880000
3.326000,152268.000000,0.000000,1646.000000,0.000000,661.000000,3718.000000,1691.000000,0.000000,0.000000,0.000000,0.000000,0.000000,0.000000,0.000000,0.000000,0.000000,0.530000,9.750000,2.390000,-1.460000,0.490000,0.040000,30.560000,-27.250000,-25.880000
3.328000,152269.000000,0.000000,1623.000000,0.000000,737.000000,3728.000000,1748.000000,0.000000,0.000000,0.000000,0.000000,0.000000,0.000000,0.000000,0.000000,0.000000,0.530000,9.750000,2.390000,-1.460000,0.490000,0.040000,30.560000,-27.250000,-25.880000
3.330000,152270.000000,78.000000,1638.000000,0.000000,757.000000,3737.000000,1779.000000,0.000000,0.000000,0.000000,0.000000,0.000000,0.000000,0.000000,0.000000,0.000000,0.920000,9.520000,2.150000,-1.460000,0.490000,0.040000,30.560000,-27.250000,-25.880000
3.332000,152271.000000,15.000000,1629.000000,0.000000,843.000000,3694.000000,2067.000000,0.000000,0.000000,0.000000,0.000000,0.000000,0.000000,0.000000,0.000000,0.000000,0.920000,9.520000,2.150000,-1.460000,0.490000,0.040000,30.560000,-27.250000,-25.880000
3.334000,152272.000000,49.000000,1629.000000,0.000000,1070.000000,3687.000000,2379.000000,0.000000,0.000000,0.000000,0.000000,0.000000,0.000000,0.000000,0.000000,0.000000,0.920000,9.520000,2.150000,-1.460000,0.490000,0.040000,30.560000,-27.250000,-25.880000
3.336000,152273.000000,26.000000,1647.000000,0.000000,1122.000000,3748.000000,2147.000000,0.000000,0.000000,0.000000,0.000000,0.000000,0.000000,0.000000,0.000000,0.000000,0.920000,9.520000,2.150000,-1.460000,0.490000,0.040000,30.560000,-27.250000,-25.880000
3.338000,152274.000000,10.000000,1666.000000,0.000000,985.000000,3761.000000,1839.000000,0.000000,0.000000,0.000000,0.000000,0.000000,0.000000,0.000000,0.000000,0.000000,0.920000,9.520000,2.150000,-1.460000,0.490000,0.040000,30.560000,-27.250000,-25.880000
3.340000,152275.000000,13.000000,1680.000000,0.000000,678.000000,3746.000000,1379.000000,0.000000,0.000000,0.000000,0.000000,0.000000,0.000000,0.000000,0.000000,0.000000,1.150000,9.400000,1.930000,-1.570000,0.570000,-0.010000,30.380000,-26.060000,-27.750000
3.342000,152276.000000,0.000000,1514.000000,0.000000,507.000000,3750.000000,1238.000000,0.000000,0.000000,0.000000,0.000000,0.000000,0.000000,0.000000,0.000000,0.000000,1.150000,9.400000,1.930000,-1.570000,0.570000,-0.010000,30.380000,-26.060000,-27.750000
3.344000,152277.000000,3.000000,1637.000000,0.000000,511.000000,3696.000000,1520.000000,0.000000,0.000000,0.000000,0.000000,0.000000,0.000000,0.000000,0.000000,0.000000,1.150000,9.400000,1.930000,-1.570000,0.570000,-0.010000,30.380000,-26.060000,-27.750000
3.346000,152278.000000,0.000000,1625.000000,0.000000,592.000000,3644.000000,1670.000000,0.000000,0.000000,0.000000,0.000000,0.000000,0.000000,0.000000,0.000000,0.000000,1.150000,9.400000,1.930000,-1.570000,0.570000,-0.010000,30.380000,-26.060000,-27.750000
3.348000,152279.000000,0.000000,1598.000000,0.000000,661.000000,3617.000000,1708.000000,0.000000,0.000000,0.000000,0.000000,0.000000,0.000000,0.000000,0.000000,0.000000,1.150000,9.400000,1.930000,-1.570000,0.570000,-0.010000,30.380000,-26.060000,-27.750000
3.350000,152280.000000,64.000000,1589.000000,0.000000,720.000000,3600.000000,1775.000000,0.000000,0.000000,0.000000,0.000000,0.000000,0.000000,0.000000,0.000000,0.000000,1.330000,9.320000,1.790000,-1.560000,0.560000,-0.050000,30.380000,-26.060000,-27.750000
3.352000,152281.000000,4.000000,1590.000000,0.000000,747.000000,3542.000000,2083.000000,0.000000,0.000000,0.000000,0.000000,0.000000,0.000000,0.000000,0.000000,0.000000,1.330000,9.320000,1.790000,-1.560000,0.560000,-0.050000,30.380000,-26.060000,-27.750000
3.354000,152282.000000,48.000000,1590.000000,0.000000,967.000000,3495.000000,2365.000000,0.000000,0.000000,0.000000,0.000000,0.000000,0.000000,0.000000,0.000000,0.000000,1.330000,9.320000,1.790000,-1.560000,0.560000,-0.050000,30.380000,-26.060000,-27.750000
3.356000,152283.000000,30.000000,1648.000000,0.000000,983.000000,3520.000000,2128.000000,0.000000,0.000000,0.000000,0.000000,0.000000,0.000000,0.000000,0.000000,0.000000,1.330000,9.320000,1.790000,-1.560000,0.560000,-0.050000,30.380000,-26.060000,-27.750000
3.358000,152284.000000,1.000000,1678.000000,0.000000,839.000000,3494.000000,1814.000000,0.000000,0.000000,0.000000,0.000000,0.000000,0.000000,0.000000,0.000000,0.000000,1.330000,9.320000,1.790000,-1.560000,0.560000,-0.050000,30.380000,-26.060000,-27.750000
3.360000,152285.000000,471.000000,1682.000000,0.000000,571.000000,3431.000000,1367.000000,0.000000,0.000000,0.000000,0.000000,0.000000,0.000000,0.000000,0.000000,0.000000,1.430000,9.320000,1.570000,-1.540000,0.520000,-0.100000,30.380000,-26.060000,-27.750000
3.362000,152286.000000,0.000000,1648.000000,0.000000,339.000000,3347.000000,1250.000000,0.000000,0.000000,0.000000,0.000000,0.000000,0.000000,0.000000,0.000000,0.000000,1.430000,9.320000,1.570000,-1.540000,0.520000,-0.100000,30.380000,-26.060000,-27.750000
3.364000,152287.000000,0.000000,1625.000000,0.000000,304.000000,3278.000000,1506.000000,0.000000,0.000000,0.000000,0.000000,0.000000,0.000000,0.000000,0.000000,0.000000,1.430000,9.320000,1.570000,-1.540000,0.520000,-0.100000,30.380000,-26.060000,-27.750000
3.366000,152288.000000,0.000000,1585.000000,0.000000,308.000000,3211.000000,1600.000000,0.000000,0.000000,0.000000,0.000000,0.000000,0.000000,0.000000,0.000000,0.000000,1.430000,9.320000,1.570000,-1.540000,0.520000,-0.100000,30.380000,-26.060000,-27.750000
3.368000,152289.000000,0.000000,1606.000000,0.000000,304.000000,3125.000000,1683.000000,0.000000,0.000000,0.000000,0.000000,0.000000,0.000000,0.000000,0.000000,0.000000,1.430000,9.320000,1.570000,-1.540000,0.520000,-0.100000,30.380000,-26.060000,-27.750000
3.370000,152290.000000,484.000000,1579.000000,0.000000,358.000000,3055.000000,1730.000000,0.000000,0.000000,0.000000,0.000000,0.000000,0.000000,0.000000,0.000000,0.000000,1.640000,9.000000,1.480000,-1.500000,0.440000,-0.160000,30.380000,-26.060000,-27.750000
3.372000,152291.000000,22.000000,1591.000000,8.000000,451.000000,2959.000000,2029.000000,0.000000,0.000000,0.000000,0.000000,0.000000,0.000000,0.000000,0.000000,0.000000,1.640000,9.000000,1.480000,-1.500000,0.440000,-0.160000,30.380000,-26.060000,-27.750000
3.374000,152292.000000,45.000000,1616.000000,91.000000,590.000000,2935.000000,2330.000000,0.000000,0.000000,0.000000,0.000000,0.000000,0.000000,0.000000,0.000000,0.000000,1.640000,9.000000,1.480000,-1.500000,0.440000,-0.160000,30.380000,-26.060000,-27.750000
3.376000,152293.000000,19.000000,1617.000000,129.000000,593.000000,2900.000000,2112.000000,0.000000,0.000000,0.000000,0.000000,0.000000,0.000000,0.000000,0.000000,0.000000,1.640000,9.000000,1.480000,-1.500000,0.440000,-0.160000,30.380000,-26.060000,-27.750000
3.378000,152294.000000,3.000000,1651.000000,237.000000,563.000000,2864.000000,1808.000000,0.000000,0.000000,0.000000,0.000000,0.000000,0.000000,0.000000,0.000000,0.000000,1.640000,9.000000,1.480000,-1.500000,0.440000,-0.160000,30.380000,-26.060000,-27.750000
3.380000,152295.000000,0.000000,1680.000000,299.000000,385.000000,2802.000000,1348.000000,0.000000,0.000000,0.000000,0.000000,0.000000,0.000000,0.000000,0.000000,0.000000,1.760000,8.840000,1.400000,-1.500000,0.440000,-0.160000,30.380000,-26.060000,-27.750000
3.382000,152296.000000,0.000000,1645.000000,353.000000,314.000000,2715.000000,1226.000000,0.000000,0.000000,0.000000,0.000000,0.000000,0.000000,0.000000,0.000000,0.000000,1.760000,8.840000,1.400000,-1.500000,0.440000,-0.160000,30.380000,-26.060000,-27.750000
3.384000,152297.000000,0.000000,1633.000000,364.000000,274.000000,2629.000000,1484.000000,0.000000,0.000000,0.000000,0.000000,0.000000,0.000000,0.000000,0.000000,0.000000,1.760000,8.840000,1.400000,-1.500000,0.440000,-0.160000,30.380000,-26.060000,-27.750000
3.386000,152298.000000,0.000000,1619.000000,417.000000,429.000000,2529.000000,1635.000000,0.000000,0.000000,0.000000,0.000000,0.000000,0.000000,0.000000,0.000000,0.000000,1.760000,8.840000,1.400000,-1.500000,0.440000,-0.160000,30.380000,-26.060000,-27.750000
3.388000,152299.000000,0.000000,1585.000000,495.000000,565.000000,2467.000000,1703.000000,0.000000,0.000000,0.000000,0.000000,0.000000,0.000000,0.000000,0.000000,0.000000,1.760000,8.840000,1.400000,-1.500000,0.440000,-0.160000,30.380000,-26.060000,-27.750000
3.390000,152300.000000,22.000000,1583.000000,525.000000,671.000000,2391.000000,1765.000000,0.000000,0.000000,0.000000,0.000000,0.000000,0.000000,0.000000,0.000000,0.000000,1.930000,8.680000,1.300000,-1.460000,0.360000,-0.200000,31.380000,-24.190000,-27.380000
3.392000,152301.000000,4.000000,1575.000000,591.000000,801.000000,2334.000000,2033.000000,0.000000,0.000000,0.000000,0.000000,0.000000,0.000000,0.000000,0.000000,0.000000,1.930000,8.680000,1.300000,-1.460000,0.360000,-0.200000,31.380000,-24.190000,-27.380000
3.394000,152302.000000,55.000000,1585.000000,627.000000,1061.000000,2277.000000,2393.000000,0.000000,0.000000,0.000000,0.000000,0.000000,0.000000,0.000000,0.000000,0.000000,1.930000,8.680000,1.300000,-1.460000,0.360000,-0.200000,31.380000,-24.190000,-27.380000
3.396000,152303.000000,25.000000,1641.000000,693.000000,1109.000000,2240.000000,2161.000000,0.000000,0.000000,0.000000,0.000000,0.000000,0.000000,0.000000,0.000000,0.000000,1.930000,8.680000,1.300000,-1.460000,0.360000,-0.200000,31.380000,-24.190000,-27.380000
3.398000,152304.000000,7.000000,1679.000000,779.000000,1010.000000,2212.000000,1840.000000,0.000000,0.000000,0.000000,0.000000,0.000000,0.000000,0.000000,0.000000,0.000000,1.930000,8.680000,1.300000,-1.460000,0.360000,-0.200000,31.380000,-24.190000,-27.380000
3.400000,152305.000000,490.000000,1692.000000,843.000000,773.000000,2160.000000,1366.000000,0.000000,0.000000,0.000000,0.000000,0.000000,0.000000,0.000000,0.000000,0.000000,2.080000,8.560000,1.280000,-1.370000,0.160000,-0.270000,31.380000,-24.190000,-27.380000
3.402000,152306.000000,0.000000,1669.000000,862.000000,593.000000,2096.000000,1237.000000,0.000000,0.000000,0.000000,0.000000,0.000000,0.000000,0.000000,0.000000,0.000000,2.080000,8.560000,1.280000,-1.370000,0.160000,-0.270000,31.380000,-24.190000,-27.380000
3.404000,152307.000000,0.000000,1647.000000,880.000000,560.000000,2006.000000,1504.000000,0.000000,0.000000,0.000000,0.000000,0.000000,0.000000,0.000000,0.000000,0.000000,2.080000,8.560000,1.280000,-1.370000,0.160000,-0.270000,31.380000,-24.190000,-27.380000
3.406000,152308.000000,0.000000,1616.000000,918.000000,635.000000,1931.000000,1648.000000,0.000000,0.000000,0.000000,0.000000,0.000000,0.000000,0.000000,0.000000,0.000000,2.080000,8.560000,1.280000,-1.370000,0.160000,-0.270000,31.380000,-24.190000,-27.380000
3.408000,152309.000000,0.000000,1609.000000,943.000000,716.000000,1874.000000,1719.000000,0.000000,0.000000,0.000000,0.000000,0.000000,0.000000,0.000000,0.000000,0.000000,2.080000,8.560000,1.280000,-1.370000,0.160000,-0.270000,31.380000,-24.190000,-27.380000
3.410000,152310.000000,70.000000,1562.000000,944.000000,783.000000,1805.000000,1739.000000,0.000000,0.000000,0.000000,0.000000,0.000000,0.000000,0.000000,0.000000,0.000000,2.050000,8.620000,1.100000,-1.290000,0.060000,-0.310000,31.380000,-24.190000,-27.380000
3.412000,152311.000000,9.000000,1534.000000,974.000000,864.000000,1719.000000,2054.000000,0.000000,0.000000,0.000000,0.000000,0.000000,0.000000,0.000000,0.000000,0.000000,2.050000,8.620000,1.100000,-1.290000,0.060000,-0.310000,31.380000,-24.190000,-27.380000
3.414000,152312.000000,45.000000,1498.000000,961.000000,1121.000000,1675.000000,2401.000000,0.000000,0.000000,0.000000,0.000000,0.000000,0.000000,0.000000,0.000000,0.000000,2.050000,8.620000,1.100000,-1.290000,0.060000,-0.310000,31.380000,-24.190000,-27.380000
3.416000,152313.000000,31.000000,1472.000000,1012.000000,1100.000000,1648.000000,2151.000000,0.000000,0.000000,0.000000,0.000000,0.000000,0.000000,0.000000,0.000000,0.000000,2.050000,8.620000,1.100000,-1.290000,0.060000,-0.310000,31.380000,-24.190000,-27.380000
3.418000,152314.000000,1.000000,1452.000000,1036.000000,850.000000,1607.000000,1808.000000,0.000000,0.000000,0.000000,0.000000,0.000000,0.000000,0.000000,0.000000,0.000000,2.050000,8.620000,1.100000,-1.290000,0.060000,-0.310000,31.380000,-24.190000,-27.380000
3.420000,152315.000000,386.000000,1423.000000,1103.000000,549.000000,1535.000000,1327.000000,0.000000,0.000000,0.000000,0.000000,0.000000,0.000000,0.000000,0.000000,0.000000,1.820000,8.710000,1.000000,-1.180000,0.000000,-0.330000,31.380000,-24.190000,-27.380000
3.422000,152316.000000,0.000000,1328.000000,1067.000000,390.000000,1454.000000,1191.000000,0.000000,0.000000,0.000000,0.000000,0.000000,0.000000,0.000000,0.000000,0.000000,1.820000,8.710000,1.000000,-1.180000,0.000000,-0.330000,31.380000,-24.190000,-27.380000
3.424000,152317.000000,0.000000,1264.000000,1043.000000,419.000000,1383.000000,1415.000000,0.000000,0.000000,0.000000,0.000000,0.000000,0.000000,0.000000,0.000000,0.000000,1.820000,8.710000,1.000000,-1.180000,0.000000,-0.330000,31.380000,-24.190000,-27.380000
3.426000,152318.000000,0.000000,1242.000000,1006.000000,562.000000,1334.000000,1582.000000,0.000000,0.000000,0.000000,0.000000,0.000000,0.000000,0.000000,0.000000,0.000000,1.820000,8.710000,1.000000,-1.180000,0.000000,-0.330000,31.380000,-24.190000,-27.380000
3.428000,152319.000000,0.000000,1298.000000,1011.000000,663.000000,1264.000000,1653.000000,0.000000,0.000000,0.000000,0.000000,0.000000,0.000000,0.000000,0.000000,0.000000,1.820000,8.710000,1.000000,-1.180000,0.000000,-0.330000,31.380000,-24.190000,-27.380000
3.430000,152320.000000,11.000000,1202.000000,1039.000000,702.000000,1231.000000,1718.000000,0.000000,0.000000,0.000000,0.000000,0.000000,0.000000,0.000000,0.000000,0.000000,1.540000,8.770000,1.020000,-1.180000,0.000000,-0.330000,31.380000,-24.190000,-27.380000
3.432000,152321.000000,0.000000,959.000000,1023.000000,791.000000,1163.000000,1980.000000,0.000000,0.000000,0.000000,0.000000,0.000000,0.000000,0.000000,0.000000,0.000000,1.540000,8.770000,1.020000,-1.180000,0.000000,-0.330000,31.380000,-24.190000,-27.380000
3.434000,152322.000000,38.000000,882.000000,1059.000000,996.000000,1127.000000,2310.000000,0.000000,0.000000,0.000000,0.000000,0.000000,0.000000,0.000000,0.000000,0.000000,1.540000,8.770000,1.020000,-1.180000,0.000000,-0.330000,31.380000,-24.190000,-27.380000
3.436000,152323.000000,16.000000,880.000000,1063.000000,953.000000,1109.000000,2075.000000,0.000000,0.000000,0.000000,0.000000,0.000000,0.000000,0.000000,0.000000,0.000000,1.540000,8.770000,1.020000,-1.180000,0.000000,-0.330000,31.380000,-24.190000,-27.380000
3.438000,152324.000000,0.000000,884.000000,1114.000000,801.000000,1078.000000,1763.000000,0.000000,0.000000,0.000000,0.000000,0.000000,0.000000,0.000000,0.000000,0.000000,1.540000,8.770000,1.020000,-1.180000,0.000000,-0.330000,31.380000,-24.190000,-27.380000
3.440000,152325.000000,0.000000,883.000000,1122.000000,579.000000,1059.000000,1235.000000,0.000000,0.000000,0.000000,0.000000,0.000000,0.000000,0.000000,0.000000,0.000000,1.320000,8.790000,1.240000,-1.060000,0.060000,-0.350000,32.560000,-21.560000,-27.250000
3.442000,152326.000000,0.000000,866.000000,1136.000000,454.000000,1008.000000,1104.000000,0.000000,0.000000,0.000000,0.000000,0.000000,0.000000,0.000000,0.000000,0.000000,1.320000,8.790000,1.240000,-1.060000,0.060000,-0.350000,32.560000,-21.560000,-27.250000
3.444000,152327.000000,0.000000,852.000000,1106.000000,438.000000,962.000000,1389.000000,0.000000,0.000000,0.000000,0.000000,0.000000,0.000000,0.000000,0.000000,0.000000,1.320000,8.790000,1.240000,-1.060000,0.060000,-0.350000,32.560000,-21.560000,-27.250000
3.446000,152328.000000,0.000000,865.000000,1099.000000,535.000000,899.000000,1514.000000,0.000000,0.000000,0.000000,0.000000,0.000000,0.000000,0.000000,0.000000,0.000000,1.320000,8.790000,1.240000,-1.060000,0.060000,-0.350000,32.560000,-21.560000,-27.250000
3.448000,152329.000000,0.000000,912.000000,1082.000000,614.000000,887.000000,1600.000000,0.000000,0.000000,0.000000,0.000000,0.000000,0.000000,0.000000,0.000000,0.000000,1.320000,8.790000,1.240000,-1.060000,0.060000,-0.350000,32.560000,-21.560000,-27.250000
3.450000,152330.000000,257.000000,941.000000,1083.000000,667.000000,879.000000,1655.000000,0.000000,0.000000,0.000000,0.000000,0.000000,0.000000,0.000000,0.000000,0.000000,0.650000,9.170000,1.480000,-0.970000,0.340000,-0.380000,32.560000,-21.560000,-27.250000
3.452000,152331.000000,8.000000,1023.000000,1063.000000,749.000000,860.000000,1968.000000,0.000000,0.000000,0.000000,0.000000,0.000000,0.000000,0.000000,0.000000,0.000000,0.650000,9.170000,1.480000,-0.970000,0.340000,-0.380000,32.560000,-21.560000,-27.250000
3.454000,152332.000000,38.000000,1110.000000,1044.000000,1010.000000,843.000000,2347.000000,0.000000,0.000000,0.000000,0.000000,0.000000,0.000000,0.000000,0.000000,0.000000,0.650000,9.170000,1.480000,-0.970000,0.340000,-0.380000,32.560000,-21.560000,-27.250000
3.456000,152333.000000,19.000000,1230.000000,1050.000000,934.000000,848.000000,2096.000000,0.000000,0.000000,0.000000,0.000000,0.000000,0.000000,0.000000,0.000000,0.000000,0.650000,9.170000,1.480000,-0.970000,0.340000,-0.380000,32.560000,-21.560000,-27.250000
3.458000,152334.000000,3.000000,1327.000000,1003.000000,718.000000,882.000000,1773.000000,0.000000,0.000000,0.000000,0.000000,0.000000,0.000000,0.000000,0.000000,0.000000,0.650000,9.170000,1.480000,-0.970000,0.340000,-0.380000,32.560000,-21.560000,-27.250000
3.460000,152335.000000,375.000000,1407.000000,784.000000,506.000000,847.000000,1243.000000,0.000000,0.000000,0.000000,0.000000,0.000000,0.000000,0.000000,0.000000,0.000000,0.500000,9.350000,1.930000,-0.960000,0.350000,-0.400000,32.560000,-21.560000,-27.250000
3.462000,152336.000000,0.000000,1472.000000,912.000000,310.000000,822.000000,1126.000000,0.000000,0.000000,0.000000,0.000000,0.000000,0.000000,0.000000,0.000000,0.000000,0.500000,9.350000,1.930000,-0.960000,0.350000,-0.400000,32.560000,-21.560000,-27.250000
3.464000,152337.000000,0.000000,1509.000000,800.000000,337.000000,771.000000,1398.000000,0.000000,0.000000,0.000000,0.000000,0.000000,0.000000,0.000000,0.000000,0.000000,0.500000,9.350000,1.930000,-0.960000,0.350000,-0.400000,32.560000,-21.560000,-27.250000
3.466000,152338.000000,0.000000,1559.000000,761.000000,432.000000,735.000000,1522.000000,0.000000,0.000000,0.000000,0.000000,0.000000,0.000000,0.000000,0.000000,0.000000,0.500000,9.350000,1.930000,-0.960000,0.350000,-0.400000,32.560000,-21.560000,-27.250000
3.468000,152339.000000,0.000000,1621.000000,722.000000,511.000000,701.000000,1611.000000,0.000000,0.000000,0.000000,0.000000,0.000000,0.000000,0.000000,0.000000,0.000000,0.500000,9.350000,1.930000,-0.960000,0.350000,-0.400000,32.560000,-21.560000,-27.250000
3.470000,152340.000000,501.000000,1637.000000,678.000000,576.000000,689.000000,1671.000000,0.000000,0.000000,0.000000,0.000000,0.000000,0.000000,0.000000,0.000000,0.000000,0.870000,9.480000,2.520000,-0.960000,0.320000,-0.390000,32.560000,-21.560000,-27.250000
3.472000,152341.000000,14.000000,1674.000000,644.000000,651.000000,652.000000,1965.000000,0.000000,0.000000,0.000000,0.000000,0.000000,0.000000,0.000000,0.000000,0.000000,0.870000,9.480000,2.520000,-0.960000,0.320000,-0.390000,32.560000,-21.560000,-27.250000
3.474000,152342.000000,50.000000,1727.000000,633.000000,827.000000,624.000000,2327.000000,0.000000,0.000000,0.000000,0.000000,0.000000,0.000000,0.000000,0.000000,0.000000,0.870000,9.480000,2.520000,-0.960000,0.320000,-0.390000,32.560000,-21.560000,-27.250000
3.476000,152343.000000,27.000000,1803.000000,638.000000,795.000000,640.000000,2093.000000,0.000000,0.000000,0.000000,0.000000,0.000000,0.000000,0.000000,0.000000,0.000000,0.870000,9.480000,2.520000,-0.960000,0.320000,-0.390000,32.560000,-21.560000,-27.250000
3.478000,152344.000000,7.000000,1838.000000,641.000000,727.000000,609.000000,1713.000000,0.000000,0.000000,0.000000,0.000000,0.000000,0.000000,0.000000,0.000000,0.000000,0.870000,9.480000,2.520000,-0.960000,0.320000,-0.390000,32.560000,-21.560000,-27.250000
3.480000,152345.000000,31.000000,1866.000000,624.000000,418.000000,608.000000,1200.000000,0.000000,0.000000,0.000000,0.000000,0.000000,0.000000,0.000000,0.000000,0.000000,1.170000,9.660000,2.640000,-0.960000,0.320000,-0.390000,32.560000,-21.560000,-27.250000
3.482000,152346.000000,0.000000,1837.000000,612.000000,182.000000,576.000000,1097.000000,0.000000,0.000000,0.000000,0.000000,0.000000,0.000000,0.000000,0.000000,0.000000,1.170000,9.660000,2.640000,-0.960000,0.320000,-0.390000,32.560000,-21.560000,-27.250000
3.484000,152347.000000,0.000000,1814.000000,593.000000,111.000000,528.000000,1316.000000,0.000000,0.000000,0.000000,0.000000,0.000000,0.000000,0.000000,0.000000,0.000000,1.170000,9.660000,2.640000,-0.960000,0.320000,-0.390000,32.560000,-21.560000,-27.250000
3.486000,152348.000000,0.000000,1744.000000,593.000000,155.000000,471.000000,1498.000000,0.000000,0.000000,0.000000,0.000000,0.000000,0.000000,0.000000,0.000000,0.000000,1.170000,9.660000,2.640000,-0.960000,0.320000,-0.390000,32.560000,-21.560000,-27.250000
3.488000,152349.000000,0.000000,1700.000000,607.000000,272.000000,441.000000,1582.000000,0.000000,0.000000,0.000000,0.000000,0.000000,0.000000,0.000000,0.000000,0.000000,1.170000,9.660000,2.640000,-0.960000,0.320000,-0.390000,32.560000,-21.560000,-27.250000
3.490000,152350.000000,0.000000,1619.000000,644.000000,365.000000,427.000000,1641.000000,0.000000,0.000000,0.000000,0.000000,0.000000,0.000000,0.000000,0.000000,0.000000,1.330000,10.390000,0.970000,-0.990000,0.240000,-0.310000,33.250000,-20.380000,-28.000000
3.492000,152351.000000,0.000000,1535.000000,690.000000,431.000000,409.000000,1949.000000,0.000000,0.000000,0.000000,0.000000,0.000000,0.000000,0.000000,0.000000,0.000000,1.330000,10.390000,0.970000,-0.990000,0.240000,-0.310000,33.250000,-20.380000,-28.000000
3.494000,152352.000000,74.000000,1495.000000,761.000000,659.000000,403.000000,2320.000000,0.000000,0.000000,0.000000,0.000000,0.000000,0.000000,0.000000,0.000000,0.000000,1.330000,10.390000,0.970000,-0.990000,0.240000,-0.310000,33.250000,-20.380000,-28.000000
3.496000,152353.000000,20.000000,1445.000000,907.000000,701.000000,418.000000,2073.000000,0.000000,0.000000,0.000000,0.000000,0.000000,0.000000,0.000000,0.000000,0.000000,1.330000,10.390000,0.970000,-0.990000,0.240000,-0.310000,33.250000,-20.380000,-28.000000
3.498000,152354.000000,0.000000,1363.000000,1015.000000,550.000000,408.000000,1738.000000,0.000000,0.000000,0.000000,0.000000,0.000000,0.000000,0.000000,0.000000,0.000000,1.330000,10.390000,0.970000,-0.990000,0.240000,-0.310000,33.250000,-20.380000,-28.000000
3.500000,152355.000000,318.000000,1296.000000,1136.000000,271.000000,429.000000,1039.000000,0.000000,0.000000,0.000000,0.000000,0.000000,0.000000,0.000000,0.000000,0.000000,1.390000,10.790000,-0.200000,-1.080000,0.010000,-0.070000,33.250000,-20.380000,-28.000000
3.502000,152356.000000,0.000000,1156.000000,1274.000000,114.000000,416.000000,770.000000,0.000000,0.000000,0.000000,0.000000,0.000000,0.000000,0.000000,0.000000,0.000000,1.390000,10.790000,-0.200000,-1.080000,0.010000,-0.070000,33.250000,-20.380000,-28.000000
3.504000,152357.000000,0.000000,1012.000000,1386.000000,112.000000,343.000000,1151.000000,0.000000,0.000000,0.000000,0.000000,0.000000,0.000000,0.000000,0.000000,0.000000,1.390000,10.790000,-0.200000,-1.080000,0.010000,-0.070000,33.250000,-20.380000,-28.000000
3.506000,152358.000000,0.000000,879.000000,1504.000000,199.000000,335.000000,1282.000000,0.000000,0.000000,0.000000,0.000000,0.000000,0.000000,0.000000,0.000000,0.000000,1.390000,10.790000,-0.200000,-1.080000,0.010000,-0.070000,33.250000,-20.380000,-28.000000
3.508000,152359.000000,0.000000,729.000000,1578.000000,285.000000,348.000000,1458.000000,0.000000,0.000000,0.000000,0.000000,0.000000,0.000000,0.000000,0.000000,0.000000,1.390000,10.790000,-0.200000,-1.080000,0.010000,-0.070000,33.250000,-20.380000,-28.000000
3.510000,152360.000000,177.000000,652.000000,1728.000000,363.000000,356.000000,1596.000000,0.000000,0.000000,0.000000,0.000000,0.000000,0.000000,0.000000,0.000000,0.000000,1.630000,11.030000,-1.430000,-1.070000,0.000000,0.030000,33.250000,-20.380000,-28.000000
3.512000,152361.000000,0.000000,543.000000,1867.000000,411.000000,338.000000,1936.000000,0.000000,0.000000,0.000000,0.000000,0.000000,0.000000,0.000000,0.000000,0.000000,1.630000,11.030000,-1.430000,-1.070000,0.000000,0.030000,33.250000,-20.380000,-28.000000
3.514000,152362.000000,14.000000,483.000000,1975.000000,627.000000,389.000000,2127.000000,0.000000,0.000000,0.000000,0.000000,0.000000,0.000000,0.000000,0.000000,0.000000,1.630000,11.030000,-1.430000,-1.070000,0.000000,0.030000,33.250000,-20.380000,-28.000000
3.516000,152363.000000,23.000000,432.000000,2112.000000,685.000000,409.000000,2107.000000,0.000000,0.000000,0.000000,0.000000,0.000000,0.000000,0.000000,0.000000,0.000000,1.630000,11.030000,-1.430000,-1.070000,0.000000,0.030000,33.250000,-20.380000,-28.000000
3.518000,152364.000000,6.000000,394.000000,2259.000000,640.000000,411.000000,1863.000000,0.000000,0.000000,0.000000,0.000000,0.000000,0.000000,0.000000,0.000000,0.000000,1.630000,11.030000,-1.430000,-1.070000,0.000000,0.030000,33.250000,-20.380000,-28.000000
3.520000,152365.000000,149.000000,332.000000,2352.000000,409.000000,459.000000,1392.000000,0.000000,0.000000,0.000000,0.000000,0.000000,0.000000,0.000000,0.000000,0.000000,2.000000,10.700000,-2.610000,-0.990000,0.160000,0.090000,33.250000,-20.380000,-28.000000
3.522000,152366.000000,0.000000,272.000000,2453.000000,105.000000,505.000000,1165.000000,0.000000,0.000000,0.000000,0.000000,0.000000,0.000000,0.000000,0.000000,0.000000,2.000000,10.700000,-2.610000,-0.990000,0.160000,0.090000,33.250000,-20.380000,-28.000000
3.524000,152367.000000,0.000000,215.000000,2523.000000,81.000000,487.000000,1298.000000,0.000000,0.000000,0.000000,0.000000,0.000000,0.000000,0.000000,0.000000,0.000000,2.000000,10.700000,-2.610000,-0.990000,0.160000,0.090000,33.250000,-20.380000,-28.000000
3.526000,152368.000000,0.000000,158.000000,2583.000000,175.000000,496.000000,1411.000000,0.000000,0.000000,0.000000,0.000000,0.000000,0.000000,0.000000,0.000000,0.000000,2.000000,10.700000,-2.610000,-0.990000,0.160000,0.090000,33.250000,-20.380000,-28.000000
3.528000,152369.000000,0.000000,176.000000,2650.000000,201.000000,559.000000,1531.000000,0.000000,0.000000,0.000000,0.000000,0.000000,0.000000,0.000000,0.000000,0.000000,2.000000,10.700000,-2.610000,-0.990000,0.160000,0.090000,33.250000,-20.380000,-28.000000
3.530000,152370.000000,0.000000,162.000000,2683.000000,271.000000,598.000000,1640.000000,0.000000,0.000000,0.000000,0.000000,0.000000,0.000000,0.000000,0.000000,0.000000,2.160000,10.520000,-2.410000,-0.990000,0.160000,0.090000,33.250000,-20.380000,-28.000000
3.532000,152371.000000,3.000000,144.000000,2730.000000,306.000000,620.000000,1919.000000,0.000000,0.000000,0.000000,0.000000,0.000000,0.000000,0.000000,0.000000,0.000000,2.160000,10.520000,-2.410000,-0.990000,0.160000,0.090000,33.250000,-20.380000,-28.000000
3.534000,152372.000000,39.000000,192.000000,2809.000000,560.000000,670.000000,2352.000000,0.000000,0.000000,0.000000,0.000000,0.000000,0.000000,0.000000,0.000000,0.000000,2.160000,10.520000,-2.410000,-0.990000,0.160000,0.090000,33.250000,-20.380000,-28.000000
3.536000,152373.000000,16.000000,253.000000,2845.000000,567.000000,752.000000,2123.000000,0.000000,0.000000,0.000000,0.000000,0.000000,0.000000,0.000000,0.000000,0.000000,2.160000,10.520000,-2.410000,-0.990000,0.160000,0.090000,33.250000,-20.380000,-28.000000
3.538000,152374.000000,1.000000,299.000000,2899.000000,491.000000,812.000000,1776.000000,0.000000,0.000000,0.000000,0.000000,0.000000,0.000000,0.000000,0.000000,0.000000,2.160000,10.520000,-2.410000,-0.990000,0.160000,0.090000,33.250000,-20.380000,-28.000000
3.540000,152375.000000,0.000000,351.000000,2899.000000,352.000000,879.000000,1283.000000,0.000000,0.000000,0.000000,0.000000,0.000000,0.000000,0.000000,0.000000,0.000000,2.270000,10.380000,-1.680000,-0.830000,0.440000,0.100000,33.250000,-18.380000,-28.690000
3.542000,152376.000000,0.000000,370.000000,2899.000000,314.000000,911.000000,1179.000000,0.000000,0.000000,0.000000,0.000000,0.000000,0.000000,0.000000,0.000000,0.000000,2.270000,10.380000,-1.680000,-0.830000,0.440000,0.100000,33.250000,-18.380000,-28.690000
3.544000,152377.000000,0.000000,387.000000,2890.000000,387.000000,930.000000,1377.000000,0.000000,0.000000,0.000000,0.000000,0.000000,0.000000,0.000000,0.000000,0.000000,2.270000,10.380000,-1.680000,-0.830000,0.440000,0.100000,33.250000,-18.380000,-28.690000
3.546000,152378.000000,0.000000,416.000000,2860.000000,571.000000,976.000000,1477.000000,0.000000,0.000000,0.000000,0.000000,0.000000,0.000000,0.000000,0.000000,0.000000,2.270000,10.380000,-1.680000,-0.830000,0.440000,0.100000,33.250000,-18.380000,-28.690000
3.548000,152379.000000,0.000000,453.000000,2845.000000,694.000000,1039.000000,1576.000000,0.000000,0.000000,0.000000,0.000000,0.000000,0.000000,0.000000,0.000000,0.000000,2.270000,10.380000,-1.680000,-0.830000,0.440000,0.100000,33.250000,-18.380000,-28.690000
3.550000,152380.000000,193.000000,477.000000,2816.000000,767.000000,1083.000000,1685.000000,0.000000,0.000000,0.000000,0.000000,0.000000,0.000000,0.000000,0.000000,0.000000,2.160000,10.240000,-0.760000,-0.480000,0.960000,0.080000,33.250000,-18.380000,-28.690000
3.552000,152381.000000,13.000000,535.000000,2777.000000,869.000000,1142.000000,2017.000000,0.000000,0.000000,0.000000,0.000000,0.000000,0.000000,0.000000,0.000000,0.000000,2.160000,10.240000,-0.760000,-0.480000,0.960000,0.080000,33.250000,-18.380000,-28.690000
3.554000,152382.000000,47.000000,586.000000,2759.000000,1177.000000,1201.000000,2422.000000,0.000000,0.000000,0.000000,0.000000,0.000000,0.000000,0.000000,0.000000,0.000000,2.160000,10.240000,-0.760000,-0.480000,0.960000,0.080000,33.250000,-18.380000,-28.690000
3.556000,152383.000000,34.000000,637.000000,2767.000000,1226.000000,1344.000000,2195.000000,0.000000,0.000000,0.000000,0.000000,0.000000,0.000000,0.000000,0.000000,0.000000,2.160000,10.240000,-0.760000,-0.480000,0.960000,0.080000,33.250000,-18.380000,-28.690000
3.558000,152384.000000,5.000000,690.000000,2779.000000,1088.000000,1424.000000,1898.000000,0.000000,0.000000,0.000000,0.000000,0.000000,0.000000,0.000000,0.000000,0.000000,2.160000,10.240000,-0.760000,-0.480000,0.960000,0.080000,33.250000,-18.380000,-28.690000
3.560000,152385.000000,160.000000,711.000000,2780.000000,816.000000,1492.000000,1358.000000,0.000000,0.000000,0.000000,0.000000,0.000000,0.000000,0.000000,0.000000,0.000000,1.800000,10.310000,0.650000,-0.400000,0.990000,0.060000,33.250000,-18.380000,-28.690000
3.562000,152386.000000,0.000000,688.000000,2763.000000,653.000000,1566.000000,1267.000000,0.000000,0.000000,0.000000,0.000000,0.000000,0.000000,0.000000,0.000000,0.000000,1.800000,10.310000,0.650000,-0.400000,0.990000,0.060000,33.250000,-18.380000,-28.690000
3.564000,152387.000000,0.000000,676.000000,2736.000000,624.000000,1621.000000,1489.000000,0.000000,0.000000,0.000000,0.000000,0.000000,0.000000,0.000000,0.000000,0.000000,1.800000,10.310000,0.650000,-0.400000,0.990000,0.060000,33.250000,-18.380000,-28.690000
3.566000,152388.000000,0.000000,631.000000,2736.000000,688.000000,1677.000000,1647.000000,0.000000,0.000000,0.000000,0.000000,0.000000,0.000000,0.000000,0.000000,0.000000,1.800000,10.310000,0.650000,-0.400000,0.990000,0.060000,33.250000,-18.380000,-28.690000
3.568000,152389.000000,0.000000,621.000000,2735.000000,773.000000,1745.000000,1714.000000,0.000000,0.000000,0.000000,0.000000,0.000000,0.000000,0.000000,0.000000,0.000000,1.800000,10.310000,0.650000,-0.400000,0.990000,0.060000,33.250000,-18.380000,-28.690000
3.570000,152390.000000,112.000000,594.000000,2741.000000,821.000000,1819.000000,1765.000000,0.000000,0.000000,0.000000,0.000000,0.000000,0.000000,0.000000,0.000000,0.000000,1.520000,10.520000,0.580000,-0.390000,0.870000,0.030000,33.250000,-18.380000,-28.690000
3.572000,152391.000000,5.000000,546.000000,2747.000000,890.000000,1885.000000,2041.000000,0.000000,0.000000,0.000000,0.000000,0.000000,0.000000,0.000000,0.000000,0.000000,1.520000,10.520000,0.580000,-0.390000,0.870000,0.030000,33.250000,-18.380000,-28.690000
3.574000,152392.000000,39.000000,532.000000,2758.000000,1177.000000,1927.000000,2371.000000,0.000000,0.000000,0.000000,0.000000,0.000000,0.000000,0.000000,0.000000,0.000000,1.520000,10.520000,0.580000,-0.390000,0.870000,0.030000,33.250000,-18.380000,-28.690000
3.576000,152393.000000,23.000000,544.000000,2811.000000,1247.000000,2030.000000,2147.000000,0.000000,0.000000,0.000000,0.000000,0.000000,0.000000,0.000000,0.000000,0.000000,1.520000,10.520000,0.580000,-0.390000,0.870000,0.030000,33.250000,-18.380000,-28.690000
3.578000,152394.000000,2.000000,534.000000,2852.000000,1136.000000,2124.000000,1830.000000,0.000000,0.000000,0.000000,0.000000,0.000000,0.000000,0.000000,0.000000,0.000000,1.520000,10.520000,0.580000,-0.390000,0.870000,0.030000,33.250000,-18.380000,-28.690000
3.580000,152395.000000,0.000000,494.000000,2888.000000,809.000000,2186.000000,1361.000000,0.000000,0.000000,0.000000,0.000000,0.000000,0.000000,0.000000,0.000000,0.000000,1.480000,10.660000,0.380000,-0.390000,0.870000,0.030000,33.250000,-18.380000,-28.690000
3.582000,152396.000000,0.000000,481.000000,2908.000000,613.000000,2205.000000,1259.000000,0.000000,0.000000,0.000000,0.000000,0.000000,0.000000,0.000000,0.000000,0.000000,1.480000,10.660000,0.380000,-0.390000,0.870000,0.030000,33.250000,-18.380000,-28.690000
3.584000,152397.000000,0.000000,411.000000,2915.000000,562.000000,2246.000000,1390.000000,0.000000,0.000000,0.000000,0.000000,0.000000,0.000000,0.000000,0.000000,0.000000,1.480000,10.660000,0.380000,-0.390000,0.870000,0.030000,33.250000,-18.380000,-28.690000
3.586000,152398.000000,0.000000,377.000000,2900.000000,675.000000,2226.000000,1582.000000,0.000000,0.000000,0.000000,0.000000,0.000000,0.000000,0.000000,0.000000,0.000000,1.480000,10.660000,0.380000,-0.390000,0.870000,0.030000,33.250000,-18.380000,-28.690000
3.588000,152399.000000,0.000000,358.000000,2910.000000,751.000000,2204.000000,1711.000000,0.000000,0.000000,0.000000,0.000000,0.000000,0.000000,0.000000,0.000000,0.000000,1.480000,10.660000,0.380000,-0.390000,0.870000,0.030000,33.250000,-18.380000,-28.690000
3.590000,152400.000000,2.000000,341.000000,2918.000000,801.000000,2200.000000,1776.000000,0.000000,0.000000,0.000000,0.000000,0.000000,0.000000,0.000000,0.000000,0.000000,1.530000,10.630000,0.210000,-0.390000,0.690000,0.010000,34.060000,-18.380000,-28.560000
3.592000,152401.000000,0.000000,340.000000,2924.000000,894.000000,2113.000000,1932.000000,0.000000,0.000000,0.000000,0.000000,0.000000,0.000000,0.000000,0.000000,0.000000,1.530000,10.630000,0.210000,-0.390000,0.690000,0.010000,34.060000,-18.380000,-28.560000
3.594000,152402.000000,33.000000,368.000000,2928.000000,1147.000000,2096.000000,2300.000000,0.000000,0.000000,0.000000,0.000000,0.000000,0.000000,0.000000,0.000000,0.000000,1.530000,10.630000,0.210000,-0.390000,0.690000,0.010000,34.060000,-18.380000,-28.560000
3.596000,152403.000000,31.000000,400.000000,2998.000000,1227.000000,2088.000000,2224.000000,0.000000,0.000000,0.000000,0.000000,0.000000,0.000000,0.000000,0.000000,0.000000,1.530000,10.630000,0.210000,-0.390000,0.690000,0.010000,34.060000,-18.380000,-28.560000
3.598000,152404.000000,6.000000,442.000000,3003.000000,1116.000000,2061.000000,1911.000000,0.000000,0.000000,0.000000,0.000000,0.000000,0.000000,0.000000,0.000000,0.000000,1.530000,10.630000,0.210000,-0.390000,0.690000,0.010000,34.060000,-18.380000,-28.560000
3.600000,152405.000000,146.000000,465.000000,3024.000000,849.000000,2025.000000,1414.000000,0.000000,0.000000,0.000000,0.000000,0.000000,0.000000,0.000000,0.000000,0.000000,2.130000,10.420000,0.470000,-0.280000,0.450000,0.020000,34.060000,-18.380000,-28.560000
3.602000,152406.000000,0.000000,497.000000,3039.000000,644.000000,1943.000000,1327.000000,0.000000,0.000000,0.000000,0.000000,0.000000,0.000000,0.000000,0.000000,0.000000,2.130000,10.420000,0.470000,-0.280000,0.450000,0.020000,34.060000,-18.380000,-28.560000
3.604000,152407.000000,0.000000,511.000000,3056.000000,615.000000,1904.000000,1554.000000,0.000000,0.000000,0.000000,0.000000,0.000000,0.000000,0.000000,0.000000,0.000000,2.130000,10.420000,0.470000,-0.280000,0.450000,0.020000,34.060000,-18.380000,-28.560000
3.606000,152408.000000,0.000000,560.000000,3021.000000,691.000000,1888.000000,1686.000000,0.000000,0.000000,0.000000,0.000000,0.000000,0.000000,0.000000,0.000000,0.000000,2.130000,10.420000,0.470000,-0.280000,0.450000,0.020000,34.060000,-18.380000,-28.560000
3.608000,152409.000000,0.000000,601.000000,3032.000000,784.000000,1879.000000,1776.000000,0.000000,0.000000,0.000000,0.000000,0.000000,0.000000,0.000000,0.000000,0.000000,2.130000,10.420000,0.470000,-0.280000,0.450000,0.020000,34.060000,-18.380000,-28.560000
3.610000,152410.000000,41.000000,661.000000,3047.000000,811.000000,1840.000000,1813.000000,0.000000,0.000000,0.000000,0.000000,0.000000,0.000000,0.000000,0.000000,0.000000,2.250000,10.300000,0.870000,-0.190000,0.480000,0.030000,34.060000,-18.380000,-28.560000
3.612000,152411.000000,33.000000,758.000000,3066.000000,918.000000,1801.000000,1968.000000,0.000000,0.000000,0.000000,0.000000,0.000000,0.000000,0.000000,0.000000,0.000000,2.250000,10.300000,0.870000,-0.190000,0.480000,0.030000,34.060000,-18.380000,-28.560000
3.614000,152412.000000,37.000000,870.000000,3079.000000,1173.000000,1780.000000,2368.000000,0.000000,0.000000,0.000000,0.000000,0.000000,0.000000,0.000000,0.000000,0.000000,2.250000,10.300000,0.870000,-0.190000,0.480000,0.030000,34.060000,-18.380000,-28.560000
3.616000,152413.000000,39.000000,979.000000,3161.000000,1268.000000,1785.000000,2272.000000,0.000000,0.000000,0.000000,0.000000,0.000000,0.000000,0.000000,0.000000,0.000000,2.250000,10.300000,0.870000,-0.190000,0.480000,0.030000,34.060000,-18.380000,-28.560000
3.618000,152414.000000,18.000000,1120.000000,3204.000000,1152.000000,1808.000000,2064.000000,0.000000,0.000000,0.000000,0.000000,0.000000,0.000000,0.000000,0.000000,0.000000,2.250000,10.300000,0.870000,-0.190000,0.480000,0.030000,34.060000,-18.380000,-28.560000
3.620000,152415.000000,0.000000,1218.000000,3245.000000,880.000000,1799.000000,1571.000000,0.000000,0.000000,0.000000,0.000000,0.000000,0.000000,0.000000,0.000000,0.000000,2.090000,10.190000,1.400000,-0.110000,0.550000,0.000000,34.060000,-18.380000,-28.560000
3.622000,152416.000000,0.000000,1311.000000,3248.000000,674.000000,1819.000000,1408.000000,0.000000,0.000000,0.000000,0.000000,0.000000,0.000000,0.000000,0.000000,0.000000,2.090000,10.190000,1.400000,-0.110000,0.550000,0.000000,34.060000,-18.380000,-28.560000
3.624000,152417.000000,0.000000,1383.000000,3216.000000,638.000000,1813.000000,1578.000000,0.000000,0.000000,0.000000,0.000000,0.000000,0.000000,0.000000,0.000000,0.000000,2.090000,10.190000,1.400000,-0.110000,0.550000,0.000000,34.060000,-18.380000,-28.560000
3.626000,152418.000000,0.000000,1456.000000,3207.000000,735.000000,1826.000000,1712.000000,0.000000,0.000000,0.000000,0.000000,0.000000,0.000000,0.000000,0.000000,0.000000,2.090000,10.190000,1.400000,-0.110000,0.550000,0.000000,34.060000,-18.380000,-28.560000
3.628000,152419.000000,0.000000,1535.000000,3247.000000,816.000000,1855.000000,1806.000000,0.000000,0.000000,0.000000,0.000000,0.000000,0.000000,0.000000,0.000000,0.000000,2.090000,10.190000,1.400000,-0.110000,0.550000,0.000000,34.060000,-18.380000,-28.560000
3.630000,152420.000000,22.000000,1616.000000,3215.000000,891.000000,1861.000000,1824.000000,0.000000,0.000000,0.000000,0.000000,0.000000,0.000000,0.000000,0.000000,0.000000,1.670000,10.120000,1.810000,-0.110000,0.550000,0.000000,34.060000,-18.380000,-28.560000
3.632000,152421.000000,16.000000,1699.000000,3244.000000,951.000000,1911.000000,2112.000000,0.000000,0.000000,0.000000,0.000000,0.000000,0.000000,0.000000,0.000000,0.000000,1.670000,10.120000,1.810000,-0.110000,0.550000,0.000000,34.060000,-18.380000,-28.560000
3.634000,152422.000000,46.000000,1793.000000,3248.000000,1216.000000,1920.000000,2399.000000,0.000000,0.000000,0.000000,0.000000,0.000000,0.000000,0.000000,0.000000,0.000000,1.670000,10.120000,1.810000,-0.110000,0.550000,0.000000,34.060000,-18.380000,-28.560000
3.636000,152423.000000,39.000000,1879.000000,3217.000000,1301.000000,1969.000000,2288.000000,0.000000,0.000000,0.000000,0.000000,0.000000,0.000000,0.000000,0.000000,0.000000,1.670000,10.120000,1.810000,-0.110000,0.550000,0.000000,34.060000,-18.380000,-28.560000
3.638000,152424.000000,15.000000,1986.000000,3248.000000,1174.000000,2053.000000,2016.000000,0.000000,0.000000,0.000000,0.000000,0.000000,0.000000,0.000000,0.000000,0.000000,1.670000,10.120000,1.810000,-0.110000,0.550000,0.000000,34.060000,-18.380000,-28.560000
3.640000,152425.000000,77.000000,2054.000000,3265.000000,864.000000,2093.000000,1488.000000,0.000000,0.000000,0.000000,0.000000,0.000000,0.000000,0.000000,0.000000,0.000000,0.990000,10.390000,2.250000,-0.050000,0.630000,-0.070000,34.500000,-18.690000,-26.880000
3.642000,152426.000000,0.000000,2097.000000,3211.000000,694.000000,2115.000000,1419.000000,0.000000,0.000000,0.000000,0.000000,0.000000,0.000000,0.000000,0.000000,0.000000,0.990000,10.390000,2.250000,-0.050000,0.630000,-0.070000,34.500000,-18.690000,-26.880000
3.644000,152427.000000,14.000000,2113.000000,3167.000000,659.000000,2121.000000,1663.000000,0.000000,0.000000,0.000000,0.000000,0.000000,0.000000,0.000000,0.000000,0.000000,0.990000,10.390000,2.250000,-0.050000,0.630000,-0.070000,34.500000,-18.690000,-26.880000
3.646000,152428.000000,0.000000,2159.000000,3158.000000,744.000000,2132.000000,1799.000000,0.000000,0.000000,0.000000,0.000000,0.000000,0.000000,0.000000,0.000000,0.000000,0.990000,10.390000,2.250000,-0.050000,0.630000,-0.070000,34.500000,-18.690000,-26.880000
3.648000,152429.000000,2.000000,2215.000000,3143.000000,805.000000,2185.000000,1865.000000,0.000000,0.000000,0.000000,0.000000,0.000000,0.000000,0.000000,0.000000,0.000000,0.990000,10.390000,2.250000,-0.050000,0.630000,-0.070000,34.500000,-18.690000,-26.880000
3.650000,152430.000000,752.000000,2249.000000,3122.000000,880.000000,2237.000000,1937.000000,0.000000,0.000000,0.000000,0.000000,0.000000,0.000000,0.000000,0.000000,0.000000,0.970000,10.880000,1.930000,-0.010000,0.680000,-0.160000,34.500000,-18.690000,-26.880000
3.652000,152431.000000,52.000000,2323.000000,3142.000000,970.000000,2294.000000,2234.000000,0.000000,0.000000,0.000000,0.000000,0.000000,0.000000,0.000000,0.000000,0.000000,0.970000,10.880000,1.930000,-0.010000,0.680000,-0.160000,34.500000,-18.690000,-26.880000
3.654000,152432.000000,79.000000,2415.000000,3152.000000,1263.000000,2336.000000,2623.000000,0.000000,0.000000,0.000000,0.000000,0.000000,0.000000,0.000000,0.000000,0.000000,0.970000,10.880000,1.930000,-0.010000,0.680000,-0.160000,34.500000,-18.690000,-26.880000
3.656000,152433.000000,65.000000,2497.000000,3186.000000,1322.000000,2390.000000,2397.000000,0.000000,0.000000,0.000000,0.000000,0.000000,0.000000,0.000000,0.000000,0.000000,0.970000,10.880000,1.930000,-0.010000,0.680000,-0.160000,34.500000,-18.690000,-26.880000
3.658000,152434.000000,43.000000,2597.000000,3267.000000,1232.000000,2530.000000,2096.000000,0.000000,0.000000,0.000000,0.000000,0.000000,0.000000,0.000000,0.000000,0.000000,0.970000,10.880000,1.930000,-0.010000,0.680000,-0.160000,34.500000,-18.690000,-26.880000
3.660000,152435.000000,842.000000,2675.000000,3296.000000,987.000000,2609.000000,1585.000000,0.000000,0.000000,0.000000,0.000000,0.000000,0.000000,0.000000,0.000000,0.000000,1.080000,11.550000,1.380000,0.020000,0.680000,-0.140000,34.500000,-18.690000,-26.880000
3.662000,152436.000000,29.000000,2779.000000,3319.000000,756.000000,2646.000000,1665.000000,0.000000,0.000000,0.000000,0.000000,0.000000,0.000000,0.000000,0.000000,0.000000,1.080000,11.550000,1.380000,0.020000,0.680000,-0.140000,34.500000,-18.690000,-26.880000
3.664000,152437.000000,32.000000,2830.000000,3295.000000,715.000000,2722.000000,1775.000000,0.000000,0.000000,0.000000,0.000000,0.000000,0.000000,0.000000,0.000000,0.000000,1.080000,11.550000,1.380000,0.020000,0.680000,-0.140000,34.500000,-18.690000,-26.880000
3.666000,152438.000000,19.000000,2881.000000,3312.000000,832.000000,2779.000000,1893.000000,0.000000,0.000000,0.000000,0.000000,0.000000,0.000000,0.000000,0.000000,0.000000,1.080000,11.550000,1.380000,0.020000,0.680000,-0.140000,34.500000,-18.690000,-26.880000
3.668000,152439.000000,23.000000,2975.000000,3303.000000,912.000000,2890.000000,1977.000000,0.000000,0.000000,0.000000,0.000000,0.000000,0.000000,0.000000,0.000000,0.000000,1.080000,11.550000,1.380000,0.020000,0.680000,-0.140000,34.500000,-18.690000,-26.880000
3.670000,152440.000000,45.000000,3057.000000,3315.000000,975.000000,2950.000000,2047.000000,0.000000,0.000000,0.000000,0.000000,0.000000,0.000000,0.000000,0.000000,0.000000,1.730000,12.450000,0.820000,0.080000,0.720000,-0.100000,34.500000,-18.690000,-26.880000
3.672000,152441.000000,48.000000,3173.000000,3296.000000,1059.000000,3026.000000,2277.000000,0.000000,0.000000,0.000000,0.000000,0.000000,0.000000,0.000000,0.000000,0.000000,1.730000,12.450000,0.820000,0.080000,0.720000,-0.100000,34.500000,-18.690000,-26.880000
3.674000,152442.000000,138.000000,3307.000000,3371.000000,1332.000000,3147.000000,2593.000000,0.000000,0.000000,0.000000,0.000000,0.000000,0.000000,0.000000,0.000000,0.000000,1.730000,12.450000,0.820000,0.080000,0.720000,-0.100000,34.500000,-18.690000,-26.880000
3.676000,152443.000000,106.000000,3445.000000,3399.000000,1412.000000,3248.000000,2519.000000,0.000000,0.000000,0.000000,0.000000,0.000000,0.000000,0.000000,0.000000,0.000000,1.730000,12.450000,0.820000,0.080000,0.720000,-0.100000,34.500000,-18.690000,-26.880000
3.678000,152444.000000,79.000000,3643.000000,3443.000000,1328.000000,3383.000000,2302.000000,0.000000,0.000000,0.000000,0.000000,0.000000,0.000000,0.000000,0.000000,0.000000,1.730000,12.450000,0.820000,0.080000,0.720000,-0.100000,34.500000,-18.690000,-26.880000
3.680000,152445.000000,83.000000,3809.000000,3437.000000,1040.000000,3504.000000,1791.000000,0.000000,0.000000,0.000000,0.000000,0.000000,0.000000,0.000000,0.000000,0.000000,1.870000,12.310000,0.560000,0.080000,0.720000,-0.100000,34.500000,-18.690000,-26.880000
3.682000,152446.000000,54.000000,3932.000000,3442.000000,849.000000,3568.000000,1672.000000,0.000000,0.000000,0.000000,0.000000,0.000000,0.000000,0.000000,0.000000,0.000000,1.870000,12.310000,0.560000,0.080000,0.720000,-0.100000,34.500000,-18.690000,-26.880000
3.684000,152447.000000,75.000000,4055.000000,3390.000000,809.000000,3671.000000,1835.000000,0.000000,0.000000,0.000000,0.000000,0.000000,0.000000,0.000000,0.000000,0.000000,1.870000,12.310000,0.560000,0.080000,0.720000,-0.100000,34.500000,-18.690000,-26.880000
3.686000,152448.000000,96.000000,4095.000000,3383.000000,895.000000,3806.000000,1968.000000,0.000000,0.000000,0.000000,0.000000,0.000000,0.000000,0.000000,0.000000,0.000000,1.870000,12.310000,0.560000,0.080000,0.720000,-0.100000,34.500000,-18.690000,-26.880000
3.688000,152449.000000,129.000000,4095.000000,3375.000000,1005.000000,3911.000000,2057.000000,0.000000,0.000000,0.000000,0.000000,0.000000,0.000000,0.000000,0.000000,0.000000,1.870000,12.310000,0.560000,0.080000,0.720000,-0.100000,34.500000,-18.690000,-26.880000
3.690000,152450.000000,221.000000,4095.000000,3285.000000,1068.000000,4082.000000,2092.000000,0.000000,0.000000,0.000000,0.000000,0.000000,0.000000,0.000000,0.000000,0.000000,1.960000,12.310000,0.160000,0.160000,0.790000,-0.060000,37.000000,-20.000000,-25.380000
3.692000,152451.000000,184.000000,4095.000000,3348.000000,1137.000000,4095.000000,2365.000000,0.000000,0.000000,0.000000,0.000000,0.000000,0.000000,0.000000,0.000000,0.000000,1.960000,12.310000,0.160000,0.160000,0.790000,-0.060000,37.000000,-20.000000,-25.380000
3.694000,152452.000000,240.000000,4095.000000,3281.000000,1393.000000,4095.000000,2797.000000,0.000000,0.000000,0.000000,0.000000,0.000000,0.000000,0.000000,0.000000,0.000000,1.960000,12.310000,0.160000,0.160000,0.790000,-0.060000,37.000000,-20.000000,-25.380000
3.696000,152453.000000,198.000000,4095.000000,3331.000000,1486.000000,4095.000000,2583.000000,0.000000,0.000000,0.000000,0.000000,0.000000,0.000000,0.000000,0.000000,0.000000,1.960000,12.310000,0.160000,0.160000,0.790000,-0.060000,37.000000,-20.000000,-25.380000
3.698000,152454.000000,180.000000,4095.000000,3355.000000,1353.000000,4095.000000,2272.000000,0.000000,0.000000,0.000000,0.000000,0.000000,0.000000,0.000000,0.000000,0.000000,1.960000,12.310000,0.160000,0.160000,0.790000,-0.060000,37.000000,-20.000000,-25.380000
3.700000,152455.000000,1391.000000,4095.000000,3339.000000,1139.000000,4095.000000,1746.000000,0.000000,0.000000,0.000000,0.000000,0.000000,0.000000,0.000000,0.000000,0.000000,2.000000,12.380000,-0.300000,0.390000,0.810000,-0.010000,37.000000,-20.000000,-25.380000
3.702000,152456.000000,243.000000,4095.000000,3312.000000,940.000000,4095.000000,1634.000000,0.000000,0.000000,0.000000,0.000000,0.000000,0.000000,0.000000,0.000000,0.000000,2.000000,12.380000,-0.300000,0.390000,0.810000,-0.010000,37.000000,-20.000000,-25.380000
3.704000,152457.000000,139.000000,4095.000000,3319.000000,895.000000,4095.000000,1859.000000,0.000000,0.000000,0.000000,0.000000,0.000000,0.000000,0.000000,0.000000,0.000000,2.000000,12.380000,-0.300000,0.390000,0.810000,-0.010000,37.000000,-20.000000,-25.380000
3.706000,152458.000000,138.000000,4095.000000,3269.000000,1014.000000,4095.000000,2021.000000,0.000000,0.000000,0.000000,0.000000,0.000000,0.000000,0.000000,0.000000,0.000000,2.000000,12.380000,-0.300000,0.390000,0.810000,-0.010000,37.000000,-20.000000,-25.380000
3.708000,152459.000000,158.000000,4095.000000,3263.000000,1132.000000,4095.000000,2096.000000,0.000000,0.000000,0.000000,0.000000,0.000000,0.000000,0.000000,0.000000,0.000000,2.000000,12.380000,-0.300000,0.390000,0.810000,-0.010000,37.000000,-20.000000,-25.380000
3.710000,152460.000000,185.000000,4095.000000,3272.000000,1167.000000,4095.000000,2133.000000,0.000000,0.000000,0.000000,0.000000,0.000000,0.000000,0.000000,0.000000,0.000000,1.550000,13.210000,-1.080000,0.550000,0.740000,-0.020000,37.000000,-20.000000,-25.380000
3.712000,152461.000000,222.000000,4095.000000,3199.000000,1231.000000,4095.000000,2375.000000,0.000000,0.000000,0.000000,0.000000,0.000000,0.000000,0.000000,0.000000,0.000000,1.550000,13.210000,-1.080000,0.550000,0.740000,-0.020000,37.000000,-20.000000,-25.380000
3.714000,152462.000000,226.000000,4095.000000,3179.000000,1520.000000,4095.000000,2512.000000,0.000000,0.000000,0.000000,0.000000,0.000000,0.000000,0.000000,0.000000,0.000000,1.550000,13.210000,-1.080000,0.550000,0.740000,-0.020000,37.000000,-20.000000,-25.380000
3.716000,152463.000000,178.000000,4095.000000,3200.000000,1607.000000,4095.000000,2232.000000,0.000000,0.000000,0.000000,0.000000,0.000000,0.000000,0.000000,0.000000,0.000000,1.550000,13.210000,-1.080000,0.550000,0.740000,-0.020000,37.000000,-20.000000,-25.380000
3.718000,152464.000000,174.000000,4095.000000,3152.000000,1498.000000,4095.000000,2186.000000,0.000000,0.000000,0.000000,0.000000,0.000000,0.000000,0.000000,0.000000,0.000000,1.550000,13.210000,-1.080000,0.550000,0.740000,-0.020000,37.000000,-20.000000,-25.380000
3.720000,152465.000000,1401.000000,4095.000000,3105.000000,1245.000000,4095.000000,1729.000000,0.000000,0.000000,0.000000,0.000000,0.000000,0.000000,0.000000,0.000000,0.000000,1.260000,13.380000,-1.070000,0.740000,0.610000,-0.060000,37.000000,-20.000000,-25.380000
3.722000,152466.000000,208.000000,4095.000000,3071.000000,1043.000000,4095.000000,1585.000000,0.000000,0.000000,0.000000,0.000000,0.000000,0.000000,0.000000,0.000000,0.000000,1.260000,13.380000,-1.070000,0.740000,0.610000,-0.060000,37.000000,-20.000000,-25.380000
3.724000,152467.000000,221.000000,4095.000000,2980.000000,1034.000000,4095.000000,1841.000000,0.000000,0.000000,0.000000,0.000000,0.000000,0.000000,0.000000,0.000000,0.000000,1.260000,13.380000,-1.070000,0.740000,0.610000,-0.060000,37.000000,-20.000000,-25.380000
3.726000,152468.000000,143.000000,4095.000000,2894.000000,1107.000000,4095.000000,1998.000000,0.000000,0.000000,0.000000,0.000000,0.000000,0.000000,0.000000,0.000000,0.000000,1.260000,13.380000,-1.070000,0.740000,0.610000,-0.060000,37.000000,-20.000000,-25.380000
3.728000,152469.000000,148.000000,4095.000000,2887.000000,1190.000000,4095.000000,2071.000000,0.000000,0.000000,0.000000,0.000000,0.000000,0.000000,0.000000,0.000000,0.000000,1.260000,13.380000,-1.070000,0.740000,0.610000,-0.060000,37.000000,-20.000000,-25.380000
3.730000,152470.000000,325.000000,4095.000000,2841.000000,1219.000000,4095.000000,2130.000000,0.000000,0.000000,0.000000,0.000000,0.000000,0.000000,0.000000,0.000000,0.000000,0.890000,13.220000,-0.730000,0.740000,0.610000,-0.060000,37.000000,-20.000000,-25.380000
3.732000,152471.000000,194.000000,4095.000000,2768.000000,1308.000000,4095.000000,2352.000000,0.000000,0.000000,0.000000,0.000000,0.000000,0.000000,0.000000,0.000000,0.000000,0.890000,13.220000,-0.730000,0.740000,0.610000,-0.060000,37.000000,-20.000000,-25.380000
3.734000,152472.000000,219.000000,4095.000000,2707.000000,1535.000000,4095.000000,2755.000000,0.000000,0.000000,0.000000,0.000000,0.000000,0.000000,0.000000,0.000000,0.000000,0.890000,13.220000,-0.730000,0.740000,0.610000,-0.060000,37.000000,-20.000000,-25.380000
3.736000,152473.000000,195.000000,4095.000000,2704.000000,1625.000000,4095.000000,2542.000000,0.000000,0.000000,0.000000,0.000000,0.000000,0.000000,0.000000,0.000000,0.000000,0.890000,13.220000,-0.730000,0.740000,0.610000,-0.060000,37.000000,-20.000000,-25.380000
3.738000,152474.000000,169.000000,4095.000000,2688.000000,1491.000000,4095.000000,2246.000000,0.000000,0.000000,0.000000,0.000000,0.000000,0.000000,0.000000,0.000000,0.000000,0.890000,13.220000,-0.730000,0.740000,0.610000,-0.060000,37.000000,-20.000000,-25.380000
3.740000,152475.000000,250.000000,4095.000000,2685.000000,1210.000000,4095.000000,1695.000000,0.000000,0.000000,0.000000,0.000000,0.000000,0.000000,0.000000,0.000000,0.000000,0.150000,12.820000,-0.540000,0.940000,0.470000,-0.080000,37.750000,-20.560000,-23.690000
3.742000,152476.000000,194.000000,4095.000000,2589.000000,1058.000000,4095.000000,1591.000000,0.000000,0.000000,0.000000,0.000000,0.000000,0.000000,0.000000,0.000000,0.000000,0.150000,12.820000,-0.540000,0.940000,0.470000,-0.080000,37.750000,-20.560000,-23.690000
3.744000,152477.000000,192.000000,4095.000000,2549.000000,990.000000,4095.000000,1840.000000,0.000000,0.000000,0.000000,0.000000,0.000000,0.000000,0.000000,0.000000,0.000000,0.150000,12.820000,-0.540000,0.940000,0.470000,-0.080000,37.750000,-20.560000,-23.690000
3.746000,152478.000000,142.000000,4095.000000,2483.000000,1065.000000,4095.000000,1957.000000,0.000000,0.000000,0.000000,0.000000,0.000000,0.000000,0.000000,0.000000,0.000000,0.150000,12.820000,-0.540000,0.940000,0.470000,-0.080000,37.750000,-20.560000,-23.690000
3.748000,152479.000000,151.000000,4095.000000,2502.000000,1118.000000,4095.000000,2023.000000,0.000000,0.000000,0.000000,0.000000,0.000000,0.000000,0.000000,0.000000,0.000000,0.150000,12.820000,-0.540000,0.940000,0.470000,-0.080000,37.750000,-20.560000,-23.690000
3.750000,152480.000000,1427.000000,4095.000000,2509.000000,1171.000000,4095.000000,2099.000000,0.000000,0.000000,0.000000,0.000000,0.000000,0.000000,0.000000,0.000000,0.000000,-1.700000,11.700000,-1.040000,1.190000,0.200000,-0.140000,37.750000,-20.560000,-23.690000
3.752000,152481.000000,256.000000,4095.000000,2462.000000,1236.000000,4095.000000,2338.000000,0.000000,0.000000,0.000000,0.000000,0.000000,0.000000,0.000000,0.000000,0.000000,-1.700000,11.700000,-1.040000,1.190000,0.200000,-0.140000,37.750000,-20.560000,-23.690000
3.754000,152482.000000,219.000000,4095.000000,2510.000000,1471.000000,4095.000000,2736.000000,0.000000,0.000000,0.000000,0.000000,0.000000,0.000000,0.000000,0.000000,0.000000,-1.700000,11.700000,-1.040000,1.190000,0.200000,-0.140000,37.750000,-20.560000,-23.690000
3.756000,152483.000000,210.000000,4095.000000,2618.000000,1521.000000,4095.000000,2534.000000,0.000000,0.000000,0.000000,0.000000,0.000000,0.000000,0.000000,0.000000,0.000000,-1.700000,11.700000,-1.040000,1.190000,0.200000,-0.140000,37.750000,-20.560000,-23.690000
3.758000,152484.000000,176.000000,4095.000000,2672.000000,1411.000000,4095.000000,2234.000000,0.000000,0.000000,0.000000,0.000000,0.000000,0.000000,0.000000,0.000000,0.000000,-1.700000,11.700000,-1.040000,1.190000,0.200000,-0.140000,37.750000,-20.560000,-23.690000
3.760000,152485.000000,139.000000,4095.000000,2773.000000,1168.000000,4095.000000,1743.000000,0.000000,0.000000,0.000000,0.000000,0.000000,0.000000,0.000000,0.000000,0.000000,-2.580000,11.070000,-1.670000,1.250000,0.070000,-0.210000,37.750000,-20.560000,-23.690000
3.762000,152486.000000,187.000000,4095.000000,2817.000000,1042.000000,4095.000000,1679.000000,0.000000,0.000000,0.000000,0.000000,0.000000,0.000000,0.000000,0.000000,0.000000,-2.580000,11.070000,-1.670000,1.250000,0.070000,-0.210000,37.750000,-20.560000,-23.690000
3.764000,152487.000000,151.000000,4095.000000,2899.000000,967.000000,4095.000000,1978.000000,0.000000,0.000000,0.000000,0.000000,0.000000,0.000000,0.000000,0.000000,0.000000,-2.580000,11.070000,-1.670000,1.250000,0.070000,-0.210000,37.750000,-20.560000,-23.690000
3.766000,152488.000000,143.000000,4095.000000,2990.000000,1012.000000,4095.000000,2084.000000,0.000000,0.000000,0.000000,0.000000,0.000000,0.000000,0.000000,0.000000,0.000000,-2.580000,11.070000,-1.670000,1.250000,0.070000,-0.210000,37.750000,-20.560000,-23.690000
3.768000,152489.000000,157.000000,4095.000000,3136.000000,1089.000000,4095.000000,2522.000000,0.000000,0.000000,0.000000,0.000000,0.000000,0.000000,0.000000,0.000000,0.000000,-2.580000,11.070000,-1.670000,1.250000,0.070000,-0.210000,37.750000,-20.560000,-23.690000
3.770000,152490.000000,1335.000000,4034.000000,3210.000000,1139.000000,4095.000000,2483.000000,0.000000,0.000000,0.000000,0.000000,0.000000,0.000000,0.000000,0.000000,0.000000,-3.190000,10.770000,-2.540000,1.360000,-0.200000,-0.340000,37.750000,-20.560000,-23.690000
3.772000,152491.000000,159.000000,3776.000000,3461.000000,1170.000000,4095.000000,2938.000000,0.000000,0.000000,0.000000,0.000000,0.000000,0.000000,0.000000,0.000000,0.000000,-3.190000,10.770000,-2.540000,1.360000,-0.200000,-0.340000,37.750000,-20.560000,-23.690000
3.774000,152492.000000,190.000000,3616.000000,3671.000000,1425.000000,4095.000000,3227.000000,0.000000,0.000000,0.000000,0.000000,0.000000,0.000000,0.000000,0.000000,0.000000,-3.190000,10.770000,-2.540000,1.360000,-0.200000,-0.340000,37.750000,-20.560000,-23.690000
3.776000,152493.000000,117.000000,3505.000000,3882.000000,1506.000000,4095.000000,2746.000000,0.000000,0.000000,0.000000,0.000000,0.000000,0.000000,0.000000,0.000000,0.000000,-3.190000,10.770000,-2.540000,1.360000,-0.200000,-0.340000,37.750000,-20.560000,-23.690000
3.778000,152494.000000,93.000000,3347.000000,4095.000000,1392.000000,4095.000000,2314.000000,0.000000,0.000000,0.000000,0.000000,0.000000,0.000000,0.000000,0.000000,0.000000,-3.190000,10.770000,-2.540000,1.360000,-0.200000,-0.340000,37.750000,-20.560000,-23.690000
3.780000,152495.000000,89.000000,3227.000000,4095.000000,1188.000000,4095.000000,1811.000000,0.000000,0.000000,0.000000,0.000000,0.000000,0.000000,0.000000,0.000000,0.000000,-3.980000,10.740000,-3.810000,1.360000,-0.200000,-0.340000,37.750000,-20.560000,-23.690000
3.782000,152496.000000,22.000000,3067.000000,4095.000000,1001.000000,4095.000000,1809.000000,0.000000,0.000000,0.000000,0.000000,0.000000,0.000000,0.000000,0.000000,0.000000,-3.980000,10.740000,-3.810000,1.360000,-0.200000,-0.340000,37.750000,-20.560000,-23.690000
3.784000,152497.000000,49.000000,2881.000000,4095.000000,997.000000,4095.000000,2113.000000,0.000000,0.000000,0.000000,0.000000,0.000000,0.000000,0.000000,0.000000,0.000000,-3.980000,10.740000,-3.810000,1.360000,-0.200000,-0.340000,37.750000,-20.560000,-23.690000
3.786000,152498.000000,30.000000,2737.000000,4095.000000,1058.000000,4095.000000,2103.000000,0.000000,0.000000,0.000000,0.000000,0.000000,0.000000,0.000000,0.000000,0.000000,-3.980000,10.740000,-3.810000,1.360000,-0.200000,-0.340000,37.750000,-20.560000,-23.690000
3.788000,152499.000000,34.000000,2592.000000,4095.000000,1156.000000,4095.000000,2109.000000,0.000000,0.000000,0.000000,0.000000,0.000000,0.000000,0.000000,0.000000,0.000000,-3.980000,10.740000,-3.810000,1.360000,-0.200000,-0.340000,37.750000,-20.560000,-23.690000
3.790000,152500.000000,159.000000,2459.000000,4095.000000,1168.000000,4095.000000,3137.000000,0.000000,0.000000,0.000000,0.000000,0.000000,0.000000,0.000000,0.000000,0.000000,-2.970000,11.330000,-3.640000,1.690000,-0.720000,-0.550000,38.190000,-23.500000,-20.380000
3.792000,152501.000000,144.000000,2299.000000,4095.000000,1227.000000,4095.000000,3490.000000,0.000000,0.000000,0.000000,0.000000,0.000000,0.000000,0.000000,0.000000,0.000000,-2.970000,11.330000,-3.640000,1.690000,-0.720000,-0.550000,38.190000,-23.500000,-20.380000
3.794000,152502.000000,142.000000,2228.000000,4095.000000,1415.000000,4095.000000,3158.000000,0.000000,0.000000,0.000000,0.000000,0.000000,0.000000,0.000000,0.000000,0.000000,-2.970000,11.330000,-3.640000,1.690000,-0.720000,-0.550000,38.190000,-23.500000,-20.380000
3.796000,152503.000000,103.000000,2128.000000,4095.000000,1493.000000,4095.000000,2987.000000,0.000000,0.000000,0.000000,0.000000,0.000000,0.000000,0.000000,0.000000,0.000000,-2.970000,11.330000,-3.640000,1.690000,-0.720000,-0.550000,38.190000,-23.500000,-20.380000
3.798000,152504.000000,73.000000,2058.000000,4095.000000,1399.000000,4095.000000,2583.000000,0.000000,0.000000,0.000000,0.000000,0.000000,0.000000,0.000000,0.000000,0.000000,-2.970000,11.330000,-3.640000,1.690000,-0.720000,-0.550000,38.190000,-23.500000,-20.380000
3.800000,152505.000000,17.000000,1925.000000,4095.000000,1177.000000,4095.000000,2013.000000,0.000000,0.000000,0.000000,0.000000,0.000000,0.000000,0.000000,0.000000,0.000000,-2.050000,11.500000,-2.530000,2.640000,-0.980000,-0.800000,38.190000,-23.500000,-20.380000
3.802000,152506.000000,0.000000,1825.000000,4095.000000,1008.000000,4095.000000,1739.000000,0.000000,0.000000,0.000000,0.000000,0.000000,0.000000,0.000000,0.000000,0.000000,-2.050000,11.500000,-2.530000,2.640000,-0.980000,-0.800000,38.190000,-23.500000,-20.380000
3.804000,152507.000000,0.000000,1711.000000,4095.000000,962.000000,4095.000000,1859.000000,0.000000,0.000000,0.000000,0.000000,0.000000,0.000000,0.000000,0.000000,0.000000,-2.050000,11.500000,-2.530000,2.640000,-0.980000,-0.800000,38.190000,-23.500000,-20.380000
3.806000,152508.000000,4.000000,1601.000000,4095.000000,1006.000000,4095.000000,1970.000000,0.000000,0.000000,0.000000,0.000000,0.000000,0.000000,0.000000,0.000000,0.000000,-2.050000,11.500000,-2.530000,2.640000,-0.980000,-0.800000,38.190000,-23.500000,-20.380000
3.808000,152509.000000,14.000000,1516.000000,4095.000000,1071.000000,4095.000000,2015.000000,0.000000,0.000000,0.000000,0.000000,0.000000,0.000000,0.000000,0.000000,0.000000,-2.050000,11.500000,-2.530000,2.640000,-0.980000,-0.800000,38.190000,-23.500000,-20.380000
3.810000,152510.000000,95.000000,1451.000000,4095.000000,1104.000000,4095.000000,2057.000000,0.000000,0.000000,0.000000,0.000000,0.000000,0.000000,0.000000,0.000000,0.000000,-0.960000,11.880000,-1.240000,2.950000,-0.430000,-0.730000,38.190000,-23.500000,-20.380000
3.812000,152511.000000,28.000000,1411.000000,4095.000000,1149.000000,4095.000000,2249.000000,0.000000,0.000000,0.000000,0.000000,0.000000,0.000000,0.000000,0.000000,0.000000,-0.960000,11.880000,-1.240000,2.950000,-0.430000,-0.730000,38.190000,-23.500000,-20.380000
3.814000,152512.000000,60.000000,1405.000000,4095.000000,1328.000000,4095.000000,2626.000000,0.000000,0.000000,0.000000,0.000000,0.000000,0.000000,0.000000,0.000000,0.000000,-0.960000,11.880000,-1.240000,2.950000,-0.430000,-0.730000,38.190000,-23.500000,-20.380000
3.816000,152513.000000,53.000000,1427.000000,4095.000000,1390.000000,4095.000000,2448.000000,0.000000,0.000000,0.000000,0.000000,0.000000,0.000000,0.000000,0.000000,0.000000,-0.960000,11.880000,-1.240000,2.950000,-0.430000,-0.730000,38.190000,-23.500000,-20.380000
3.818000,152514.000000,48.000000,1610.000000,4095.000000,1297.000000,4095.000000,2432.000000,0.000000,0.000000,0.000000,0.000000,0.000000,0.000000,0.000000,0.000000,0.000000,-0.960000,11.880000,-1.240000,2.950000,-0.430000,-0.730000,38.190000,-23.500000,-20.380000
3.820000,152515.000000,525.000000,1649.000000,4095.000000,1104.000000,4095.000000,1911.000000,0.000000,0.000000,0.000000,0.000000,0.000000,0.000000,0.000000,0.000000,0.000000,0.150000,12.330000,-0.090000,3.190000,0.360000,-0.530000,38.190000,-23.500000,-20.380000
3.822000,152516.000000,11.000000,1637.000000,3711.000000,894.000000,4095.000000,1728.000000,0.000000,0.000000,0.000000,0.000000,0.000000,0.000000,0.000000,0.000000,0.000000,0.150000,12.330000,-0.090000,3.190000,0.360000,-0.530000,38.190000,-23.500000,-20.380000
3.824000,152517.000000,7.000000,1619.000000,3388.000000,859.000000,4095.000000,1839.000000,0.000000,0.000000,0.000000,0.000000,0.000000,0.000000,0.000000,0.000000,0.000000,0.150000,12.330000,-0.090000,3.190000,0.360000,-0.530000,38.190000,-23.500000,-20.380000
3.826000,152518.000000,9.000000,1559.000000,3394.000000,914.000000,4095.000000,1963.000000,0.000000,0.000000,0.000000,0.000000,0.000000,0.000000,0.000000,0.000000,0.000000,0.150000,12.330000,-0.090000,3.190000,0.360000,-0.530000,38.190000,-23.500000,-20.380000
3.828000,152519.000000,9.000000,1534.000000,4095.000000,951.000000,4095.000000,2034.000000,0.000000,0.000000,0.000000,0.000000,0.000000,0.000000,0.000000,0.000000,0.000000,0.150000,12.330000,-0.090000,3.190000,0.360000,-0.530000,38.190000,-23.500000,-20.380000
3.830000,152520.000000,42.000000,1555.000000,4095.000000,1008.000000,4095.000000,2058.000000,0.000000,0.000000,0.000000,0.000000,0.000000,0.000000,0.000000,0.000000,0.000000,1.240000,12.900000,3.330000,3.190000,0.360000,-0.530000,38.190000,-23.500000,-20.380000
3.832000,152521.000000,30.000000,1649.000000,4095.000000,1060.000000,4095.000000,2181.000000,0.000000,0.000000,0.000000,0.000000,0.000000,0.000000,0.000000,0.000000,0.000000,1.240000,12.900000,3.330000,3.190000,0.360000,-0.530000,38.190000,-23.500000,-20.380000
3.834000,152522.000000,46.000000,1845.000000,4095.000000,1243.000000,4095.000000,2515.000000,0.000000,0.000000,0.000000,0.000000,0.000000,0.000000,0.000000,0.000000,0.000000,1.240000,12.900000,3.330000,3.190000,0.360000,-0.530000,38.190000,-23.500000,-20.380000
3.836000,152523.000000,48.000000,2021.000000,4095.000000,1307.000000,4095.000000,2373.000000,0.000000,0.000000,0.000000,0.000000,0.000000,0.000000,0.000000,0.000000,0.000000,1.240000,12.900000,3.330000,3.190000,0.360000,-0.530000,38.190000,-23.500000,-20.380000
3.838000,152524.000000,38.000000,2096.000000,3974.000000,1212.000000,4095.000000,2157.000000,0.000000,0.000000,0.000000,0.000000,0.000000,0.000000,0.000000,0.000000,0.000000,1.240000,12.900000,3.330000,3.190000,0.360000,-0.530000,38.190000,-23.500000,-20.380000
3.840000,152525.000000,80.000000,2099.000000,3909.000000,1058.000000,4095.000000,1689.000000,0.000000,0.000000,0.000000,0.000000,0.000000,0.000000,0.000000,0.000000,0.000000,1.260000,12.910000,4.990000,3.290000,1.150000,-0.260000,38.690000,-24.500000,-16.560000
3.842000,152526.000000,0.000000,2030.000000,3703.000000,910.000000,4095.000000,1611.000000,0.000000,0.000000,0.000000,0.000000,0.000000,0.000000,0.000000,0.000000,0.000000,1.260000,12.910000,4.990000,3.290000,1.150000,-0.260000,38.690000,-24.500000,-16.560000
3.844000,152527.000000,16.000000,2003.000000,3583.000000,865.000000,4091.000000,1798.000000,0.000000,0.000000,0.000000,0.000000,0.000000,0.000000,0.000000,0.000000,0.000000,1.260000,12.910000,4.990000,3.290000,1.150000,-0.260000,38.690000,-24.500000,-16.560000
3.846000,152528.000000,12.000000,2068.000000,3446.000000,929.000000,3831.000000,1936.000000,0.000000,0.000000,0.000000,0.000000,0.000000,0.000000,0.000000,0.000000,0.000000,1.260000,12.910000,4.990000,3.290000,1.150000,-0.260000,38.690000,-24.500000,-16.560000
3.848000,152529.000000,13.000000,2181.000000,3365.000000,1021.000000,3695.000000,1995.000000,0.000000,0.000000,0.000000,0.000000,0.000000,0.000000,0.000000,0.000000,0.000000,1.260000,12.910000,4.990000,3.290000,1.150000,-0.260000,38.690000,-24.500000,-16.560000
3.850000,152530.000000,175.000000,2329.000000,3270.000000,1069.000000,3451.000000,2047.000000,0.000000,0.000000,0.000000,0.000000,0.000000,0.000000,0.000000,0.000000,0.000000,0.870000,12.760000,5.920000,2.840000,1.720000,0.270000,38.690000,-24.500000,-16.560000
3.852000,152531.000000,46.000000,2421.000000,3199.000000,1101.000000,3312.000000,2224.000000,0.000000,0.000000,0.000000,0.000000,0.000000,0.000000,0.000000,0.000000,0.000000,0.870000,12.760000,5.920000,2.840000,1.720000,0.270000,38.690000,-24.500000,-16.560000
3.854000,152532.000000,86.000000,2528.000000,3111.000000,1285.000000,3230.000000,2559.000000,0.000000,0.000000,0.000000,0.000000,0.000000,0.000000,0.000000,0.000000,0.000000,0.870000,12.760000,5.920000,2.840000,1.720000,0.270000,38.690000,-24.500000,-16.560000
3.856000,152533.000000,62.000000,2647.000000,3034.000000,1345.000000,3172.000000,2368.000000,0.000000,0.000000,0.000000,0.000000,0.000000,0.000000,0.000000,0.000000,0.000000,0.870000,12.760000,5.920000,2.840000,1.720000,0.270000,38.690000,-24.500000,-16.560000
3.858000,152534.000000,49.000000,2734.000000,2999.000000,1265.000000,3127.000000,2118.000000,0.000000,0.000000,0.000000,0.000000,0.000000,0.000000,0.000000,0.000000,0.000000,0.870000,12.760000,5.920000,2.840000,1.720000,0.270000,38.690000,-24.500000,-16.560000
3.860000,152535.000000,863.000000,2746.000000,2938.000000,1111.000000,3082.000000,1647.000000,0.000000,0.000000,0.000000,0.000000,0.000000,0.000000,0.000000,0.000000,0.000000,0.040000,12.090000,5.590000,2.630000,1.290000,0.390000,38.690000,-24.500000,-16.560000
3.862000,152536.000000,20.000000,2525.000000,2847.000000,946.000000,3002.000000,1586.000000,0.000000,0.000000,0.000000,0.000000,0.000000,0.000000,0.000000,0.000000,0.000000,0.040000,12.090000,5.590000,2.630000,1.290000,0.390000,38.690000,-24.500000,-16.560000
3.864000,152537.000000,0.000000,2333.000000,2755.000000,874.000000,2947.000000,1719.000000,0.000000,0.000000,0.000000,0.000000,0.000000,0.000000,0.000000,0.000000,0.000000,0.040000,12.090000,5.590000,2.630000,1.290000,0.390000,38.690000,-24.500000,-16.560000
3.866000,152538.000000,7.000000,2263.000000,2675.000000,938.000000,2898.000000,1868.000000,0.000000,0.000000,0.000000,0.000000,0.000000,0.000000,0.000000,0.000000,0.000000,0.040000,12.090000,5.590000,2.630000,1.290000,0.390000,38.690000,-24.500000,-16.560000
3.868000,152539.000000,5.000000,2187.000000,2580.000000,981.000000,2837.000000,1911.000000,0.000000,0.000000,0.000000,0.000000,0.000000,0.000000,0.000000,0.000000,0.000000,0.040000,12.090000,5.590000,2.630000,1.290000,0.390000,38.690000,-24.500000,-16.560000
3.870000,152540.000000,713.000000,2164.000000,2480.000000,1019.000000,2829.000000,1927.000000,0.000000,0.000000,0.000000,0.000000,0.000000,0.000000,0.000000,0.000000,0.000000,0.080000,11.790000,5.220000,2.460000,0.530000,0.380000,38.690000,-24.500000,-16.560000
3.872000,152541.000000,33.000000,2161.000000,2363.000000,1040.000000,2823.000000,2154.000000,0.000000,0.000000,0.000000,0.000000,0.000000,0.000000,0.000000,0.000000,0.000000,0.080000,11.790000,5.220000,2.460000,0.530000,0.380000,38.690000,-24.500000,-16.560000
3.874000,152542.000000,70.000000,2244.000000,2266.000000,1223.000000,2859.000000,2490.000000,0.000000,0.000000,0.000000,0.000000,0.000000,0.000000,0.000000,0.000000,0.000000,0.080000,11.790000,5.220000,2.460000,0.530000,0.380000,38.690000,-24.500000,-16.560000
3.876000,152543.000000,50.000000,2352.000000,2190.000000,1287.000000,2909.000000,2288.000000,0.000000,0.000000,0.000000,0.000000,0.000000,0.000000,0.000000,0.000000,0.000000,0.080000,11.790000,5.220000,2.460000,0.530000,0.380000,38.690000,-24.500000,-16.560000
3.878000,152544.000000,28.000000,2385.000000,2081.000000,1223.000000,2885.000000,2041.000000,0.000000,0.000000,0.000000,0.000000,0.000000,0.000000,0.000000,0.000000,0.000000,0.080000,11.790000,5.220000,2.460000,0.530000,0.380000,38.690000,-24.500000,-16.560000
3.880000,152545.000000,89.000000,2410.000000,1964.000000,1019.000000,2931.000000,1559.000000,0.000000,0.000000,0.000000,0.000000,0.000000,0.000000,0.000000,0.000000,0.000000,0.320000,11.480000,4.960000,2.460000,0.530000,0.380000,38.690000,-24.500000,-16.560000
3.882000,152546.000000,9.000000,2787.000000,1849.000000,871.000000,2905.000000,1535.000000,0.000000,0.000000,0.000000,0.000000,0.000000,0.000000,0.000000,0.000000,0.000000,0.320000,11.480000,4.960000,2.460000,0.530000,0.380000,38.690000,-24.500000,-16.560000
3.884000,152547.000000,23.000000,3101.000000,1678.000000,791.000000,2849.000000,1695.000000,0.000000,0.000000,0.000000,0.000000,0.000000,0.000000,0.000000,0.000000,0.000000,0.320000,11.480000,4.960000,2.460000,0.530000,0.380000,38.690000,-24.500000,-16.560000
3.886000,152548.000000,17.000000,3136.000000,1507.000000,827.000000,2809.000000,1822.000000,0.000000,0.000000,0.000000,0.000000,0.000000,0.000000,0.000000,0.000000,0.000000,0.320000,11.480000,4.960000,2.460000,0.530000,0.380000,38.690000,-24.500000,-16.560000
3.888000,152549.000000,21.000000,3082.000000,1381.000000,895.000000,2769.000000,1867.000000,0.000000,0.000000,0.000000,0.000000,0.000000,0.000000,0.000000,0.000000,0.000000,0.320000,11.480000,4.960000,2.460000,0.530000,0.380000,38.690000,-24.500000,-16.560000
3.890000,152550.000000,107.000000,2983.000000,1296.000000,945.000000,2722.000000,1933.000000,0.000000,0.000000,0.000000,0.000000,0.000000,0.000000,0.000000,0.000000,0.000000,0.770000,11.150000,4.590000,2.300000,-0.200000,0.320000,39.380000,-24.880000,-10.060000
3.892000,152551.000000,54.000000,2903.000000,1168.000000,984.000000,2663.000000,2084.000000,0.000000,0.000000,0.000000,0.000000,0.000000,0.000000,0.000000,0.000000,0.000000,0.770000,11.150000,4.590000,2.300000,-0.200000,0.320000,39.380000,-24.880000,-10.060000
3.894000,152552.000000,102.000000,2865.000000,1136.000000,1171.000000,2640.000000,2432.000000,0.000000,0.000000,0.000000,0.000000,0.000000,0.000000,0.000000,0.000000,0.000000,0.770000,11.150000,4.590000,2.300000,-0.200000,0.320000,39.380000,-24.880000,-10.060000
3.896000,152553.000000,62.000000,2815.000000,1074.000000,1245.000000,2623.000000,2240.000000,0.000000,0.000000,0.000000,0.000000,0.000000,0.000000,0.000000,0.000000,0.000000,0.770000,11.150000,4.590000,2.300000,-0.200000,0.320000,39.380000,-24.880000,-10.060000
3.898000,152554.000000,46.000000,2799.000000,864.000000,1157.000000,2608.000000,1979.000000,0.000000,0.000000,0.000000,0.000000,0.000000,0.000000,0.000000,0.000000,0.000000,0.770000,11.150000,4.590000,2.300000,-0.200000,0.320000,39.380000,-24.880000,-10.060000
3.900000,152555.000000,875.000000,2777.000000,800.000000,1011.000000,2583.000000,1517.000000,0.000000,0.000000,0.000000,0.000000,0.000000,0.000000,0.000000,0.000000,0.000000,1.570000,10.690000,2.860000,2.050000,-1.010000,0.250000,39.380000,-24.880000,-10.060000
3.902000,152556.000000,16.000000,2706.000000,652.000000,800.000000,2541.000000,1456.000000,0.000000,0.000000,0.000000,0.000000,0.000000,0.000000,0.000000,0.000000,0.000000,1.570000,10.690000,2.860000,2.050000,-1.010000,0.250000,39.380000,-24.880000,-10.060000
3.904000,152557.000000,14.000000,2629.000000,543.000000,766.000000,2449.000000,1602.000000,0.000000,0.000000,0.000000,0.000000,0.000000,0.000000,0.000000,0.000000,0.000000,1.570000,10.690000,2.860000,2.050000,-1.010000,0.250000,39.380000,-24.880000,-10.060000
3.906000,152558.000000,3.000000,2559.000000,433.000000,792.000000,2427.000000,1709.000000,0.000000,0.000000,0.000000,0.000000,0.000000,0.000000,0.000000,0.000000,0.000000,1.570000,10.690000,2.860000,2.050000,-1.010000,0.250000,39.380000,-24.880000,-10.060000
3.908000,152559.000000,3.000000,2543.000000,342.000000,863.000000,2448.000000,1797.000000,0.000000,0.000000,0.000000,0.000000,0.000000,0.000000,0.000000,0.000000,0.000000,1.570000,10.690000,2.860000,2.050000,-1.010000,0.250000,39.380000,-24.880000,-10.060000
3.910000,152560.000000,144.000000,2485.000000,279.000000,909.000000,2369.000000,1826.000000,0.000000,0.000000,0.000000,0.000000,0.000000,0.000000,0.000000,0.000000,0.000000,1.960000,11.300000,1.930000,2.190000,-1.170000,0.200000,39.380000,-24.880000,-10.060000
3.912000,152561.000000,9.000000,2431.000000,234.000000,951.000000,2379.000000,1957.000000,0.000000,0.000000,0.000000,0.000000,0.000000,0.000000,0.000000,0.000000,0.000000,1.960000,11.300000,1.930000,2.190000,-1.170000,0.200000,39.380000,-24.880000,-10.060000
3.914000,152562.000000,52.000000,2430.000000,165.000000,1115.000000,2381.000000,2330.000000,0.000000,0.000000,0.000000,0.000000,0.000000,0.000000,0.000000,0.000000,0.000000,1.960000,11.300000,1.930000,2.190000,-1.170000,0.200000,39.380000,-24.880000,-10.060000
3.916000,152563.000000,43.000000,2418.000000,157.000000,1182.000000,2409.000000,2134.000000,0.000000,0.000000,0.000000,0.000000,0.000000,0.000000,0.000000,0.000000,0.000000,1.960000,11.300000,1.930000,2.190000,-1.170000,0.200000,39.380000,-24.880000,-10.060000
3.918000,152564.000000,20.000000,2396.000000,188.000000,1088.000000,2420.000000,1889.000000,0.000000,0.000000,0.000000,0.000000,0.000000,0.000000,0.000000,0.000000,0.000000,1.960000,11.300000,1.930000,2.190000,-1.170000,0.200000,39.380000,-24.880000,-10.060000
3.920000,152565.000000,730.000000,2374.000000,195.000000,912.000000,2417.000000,1445.000000,0.000000,0.000000,0.000000,0.000000,0.000000,0.000000,0.000000,0.000000,0.000000,2.060000,11.740000,1.500000,2.280000,-1.190000,0.150000,39.380000,-24.880000,-10.060000
3.922000,152566.000000,0.000000,2306.000000,170.000000,746.000000,2405.000000,1363.000000,0.000000,0.000000,0.000000,0.000000,0.000000,0.000000,0.000000,0.000000,0.000000,2.060000,11.740000,1.500000,2.280000,-1.190000,0.150000,39.380000,-24.880000,-10.060000
3.924000,152567.000000,0.000000,2241.000000,158.000000,708.000000,2386.000000,1535.000000,0.000000,0.000000,0.000000,0.000000,0.000000,0.000000,0.000000,0.000000,0.000000,2.060000,11.740000,1.500000,2.280000,-1.190000,0.150000,39.380000,-24.880000,-10.060000
3.926000,152568.000000,0.000000,2158.000000,150.000000,752.000000,2384.000000,1679.000000,0.000000,0.000000,0.000000,0.000000,0.000000,0.000000,0.000000,0.000000,0.000000,2.060000,11.740000,1.500000,2.280000,-1.190000,0.150000,39.380000,-24.880000,-10.060000
3.928000,152569.000000,0.000000,2111.000000,187.000000,743.000000,2399.000000,1748.000000,0.000000,0.000000,0.000000,0.000000,0.000000,0.000000,0.000000,0.000000,0.000000,2.060000,11.740000,1.500000,2.280000,-1.190000,0.150000,39.380000,-24.880000,-10.060000
3.930000,152570.000000,90.000000,2046.000000,219.000000,840.000000,2455.000000,1779.000000,0.000000,0.000000,0.000000,0.000000,0.000000,0.000000,0.000000,0.000000,0.000000,1.850000,12.020000,0.710000,2.280000,-1.190000,0.150000,39.380000,-24.880000,-10.060000
3.932000,152571.000000,12.000000,1984.000000,243.000000,847.000000,2398.000000,1945.000000,0.000000,0.000000,0.000000,0.000000,0.000000,0.000000,0.000000,0.000000,0.000000,1.850000,12.020000,0.710000,2.280000,-1.190000,0.150000,39.380000,-24.880000,-10.060000
3.934000,152572.000000,36.000000,1937.000000,270.000000,1017.000000,2438.000000,2306.000000,0.000000,0.000000,0.000000,0.000000,0.000000,0.000000,0.000000,0.000000,0.000000,1.850000,12.020000,0.710000,2.280000,-1.190000,0.150000,39.380000,-24.880000,-10.060000
3.936000,152573.000000,26.000000,1927.000000,352.000000,1078.000000,2480.000000,2115.000000,0.000000,0.000000,0.000000,0.000000,0.000000,0.000000,0.000000,0.000000,0.000000,1.850000,12.020000,0.710000,2.280000,-1.190000,0.150000,39.380000,-24.880000,-10.060000
3.938000,152574.000000,7.000000,1874.000000,406.000000,990.000000,2512.000000,1873.000000,0.000000,0.000000,0.000000,0.000000,0.000000,0.000000,0.000000,0.000000,0.000000,1.850000,12.020000,0.710000,2.280000,-1.190000,0.150000,39.380000,-24.880000,-10.060000
3.940000,152575.000000,0.000000,1836.000000,478.000000,815.000000,2557.000000,1440.000000,0.000000,0.000000,0.000000,0.000000,0.000000,0.000000,0.000000,0.000000,0.000000,1.280000,11.630000,0.010000,2.390000,-1.140000,0.100000,39.880000,-26.190000,-4.500000
3.942000,152576.000000,48.000000,1777.000000,502.000000,687.000000,2549.000000,1377.000000,0.000000,0.000000,0.000000,0.000000,0.000000,0.000000,0.000000,0.000000,0.000000,1.280000,11.630000,0.010000,2.390000,-1.140000,0.100000,39.880000,-26.190000,-4.500000
3.944000,152577.000000,0.000000,1718.000000,543.000000,591.000000,2550.000000,1535.000000,0.000000,0.000000,0.000000,0.000000,0.000000,0.000000,0.000000,0.000000,0.000000,1.280000,11.630000,0.010000,2.390000,-1.140000,0.100000,39.880000,-26.190000,-4.500000
3.946000,152578.000000,0.000000,1671.000000,579.000000,676.000000,2618.000000,1673.000000,0.000000,0.000000,0.000000,0.000000,0.000000,0.000000,0.000000,0.000000,0.000000,1.280000,11.630000,0.010000,2.390000,-1.140000,0.100000,39.880000,-26.190000,-4.500000
3.948000,152579.000000,0.000000,1627.000000,656.000000,746.000000,2637.000000,1739.000000,0.000000,0.000000,0.000000,0.000000,0.000000,0.000000,0.000000,0.000000,0.000000,1.280000,11.630000,0.010000,2.390000,-1.140000,0.100000,39.880000,-26.190000,-4.500000
3.950000,152580.000000,491.000000,1568.000000,685.000000,774.000000,2648.000000,1795.000000,0.000000,0.000000,0.000000,0.000000,0.000000,0.000000,0.000000,0.000000,0.000000,0.790000,11.160000,0.160000,2.470000,-1.030000,0.080000,39.880000,-26.190000,-4.500000
3.952000,152581.000000,13.000000,1559.000000,749.000000,803.000000,2705.000000,1958.000000,0.000000,0.000000,0.000000,0.000000,0.000000,0.000000,0.000000,0.000000,0.000000,0.790000,11.160000,0.160000,2.470000,-1.030000,0.080000,39.880000,-26.190000,-4.500000
3.954000,152582.000000,43.000000,1584.000000,814.000000,1004.000000,2752.000000,2304.000000,0.000000,0.000000,0.000000,0.000000,0.000000,0.000000,0.000000,0.000000,0.000000,0.790000,11.160000,0.160000,2.470000,-1.030000,0.080000,39.880000,-26.190000,-4.500000
3.956000,152583.000000,28.000000,1593.000000,879.000000,1093.000000,2810.000000,2128.000000,0.000000,0.000000,0.000000,0.000000,0.000000,0.000000,0.000000,0.000000,0.000000,0.790000,11.160000,0.160000,2.470000,-1.030000,0.080000,39.880000,-26.190000,-4.500000
3.958000,152584.000000,10.000000,1648.000000,930.000000,1002.000000,2832.000000,1920.000000,0.000000,0.000000,0.000000,0.000000,0.000000,0.000000,0.000000,0.000000,0.000000,0.790000,11.160000,0.160000,2.470000,-1.030000,0.080000,39.880000,-26.190000,-4.500000
3.960000,152585.000000,477.000000,1648.000000,1021.000000,848.000000,2880.000000,1456.000000,0.000000,0.000000,0.000000,0.000000,0.000000,0.000000,0.000000,0.000000,0.000000,0.210000,10.660000,0.610000,2.370000,-0.950000,0.110000,39.880000,-26.190000,-4.500000
3.962000,152586.000000,0.000000,1648.000000,1051.000000,677.000000,2858.000000,1424.000000,0.000000,0.000000,0.000000,0.000000,0.000000,0.000000,0.000000,0.000000,0.000000,0.210000,10.660000,0.610000,2.370000,-0.950000,0.110000,39.880000,-26.190000,-4.500000
3.964000,152587.000000,0.000000,1621.000000,1055.000000,640.000000,2822.000000,1584.000000,0.000000,0.000000,0.000000,0.000000,0.000000,0.000000,0.000000,0.000000,0.000000,0.210000,10.660000,0.610000,2.370000,-0.950000,0.110000,39.880000,-26.190000,-4.500000
3.966000,152588.000000,0.000000,1628.000000,1085.000000,705.000000,2797.000000,1726.000000,0.000000,0.000000,0.000000,0.000000,0.000000,0.000000,0.000000,0.000000,0.000000,0.210000,10.660000,0.610000,2.370000,-0.950000,0.110000,39.880000,-26.190000,-4.500000
3.968000,152589.000000,0.000000,1635.000000,1101.000000,778.000000,2805.000000,1798.000000,0.000000,0.000000,0.000000,0.000000,0.000000,0.000000,0.000000,0.000000,0.000000,0.210000,10.660000,0.610000,2.370000,-0.950000,0.110000,39.880000,-26.190000,-4.500000
3.970000,152590.000000,523.000000,1679.000000,1136.000000,811.000000,2789.000000,1821.000000,0.000000,0.000000,0.000000,0.000000,0.000000,0.000000,0.000000,0.000000,0.000000,-0.410000,10.080000,1.300000,2.180000,-0.850000,0.160000,39.880000,-26.190000,-4.500000
3.972000,152591.000000,16.000000,1699.000000,1189.000000,879.000000,2774.000000,2000.000000,0.000000,0.000000,0.000000,0.000000,0.000000,0.000000,0.000000,0.000000,0.000000,-0.410000,10.080000,1.300000,2.180000,-0.850000,0.160000,39.880000,-26.190000,-4.500000
3.974000,152592.000000,48.000000,1727.000000,1186.000000,1047.000000,2753.000000,2357.000000,0.000000,0.000000,0.000000,0.000000,0.000000,0.000000,0.000000,0.000000,0.000000,-0.410000,10.080000,1.300000,2.180000,-0.850000,0.160000,39.880000,-26.190000,-4.500000
3.976000,152593.000000,38.000000,1785.000000,1251.000000,1131.000000,2736.000000,2147.000000,0.000000,0.000000,0.000000,0.000000,0.000000,0.000000,0.000000,0.000000,0.000000,-0.410000,10.080000,1.300000,2.180000,-0.850000,0.160000,39.880000,-26.190000,-4.500000
3.978000,152594.000000,9.000000,1829.000000,1295.000000,1042.000000,2736.000000,1921.000000,0.000000,0.000000,0.000000,0.000000,0.000000,0.000000,0.000000,0.000000,0.000000,-0.410000,10.080000,1.300000,2.180000,-0.850000,0.160000,39.880000,-26.190000,-4.500000
3.980000,152595.000000,0.000000,1842.000000,1314.000000,860.000000,2715.000000,1462.000000,0.000000,0.000000,0.000000,0.000000,0.000000,0.000000,0.000000,0.000000,0.000000,-1.520000,9.080000,2.020000,2.180000,-0.850000,0.160000,39.880000,-26.190000,-4.500000
3.982000,152596.000000,0.000000,1862.000000,1315.000000,698.000000,2687.000000,1465.000000,0.000000,0.000000,0.000000,0.000000,0.000000,0.000000,0.000000,0.000000,0.000000,-1.520000,9.080000,2.020000,2.180000,-0.850000,0.160000,39.880000,-26.190000,-4.500000
3.984000,152597.000000,0.000000,1846.000000,1333.000000,663.000000,2606.000000,1611.000000,0.000000,0.000000,0.000000,0.000000,0.000000,0.000000,0.000000,0.000000,0.000000,-1.520000,9.080000,2.020000,2.180000,-0.850000,0.160000,39.880000,-26.190000,-4.500000
3.986000,152598.000000,0.000000,1853.000000,1334.000000,719.000000,2559.000000,1750.000000,0.000000,0.000000,0.000000,0.000000,0.000000,0.000000,0.000000,0.000000,0.000000,-1.520000,9.080000,2.020000,2.180000,-0.850000,0.160000,39.880000,-26.190000,-4.500000
3.988000,152599.000000,0.000000,1853.000000,1405.000000,751.000000,2499.000000,1807.000000,0.000000,0.000000,0.000000,0.000000,0.000000,0.000000,0.000000,0.000000,0.000000,-1.520000,9.080000,2.020000,2.180000,-0.850000,0.160000,39.880000,-26.190000,-4.500000
3.990000,152600.000000,15.000000,1856.000000,1407.000000,815.000000,2475.000000,1821.000000,0.000000,0.000000,0.000000,0.000000,0.000000,0.000000,0.000000,0.000000,0.000000,-1.890000,8.770000,1.860000,1.960000,-0.750000,0.210000,40.190000,-26.060000,-3.690000
3.992000,152601.000000,5.000000,1879.000000,1429.000000,831.000000,2433.000000,1986.000000,0.000000,0.000000,0.000000,0.000000,0.000000,0.000000,0.000000,0.000000,0.000000,-1.890000,8.770000,1.860000,1.960000,-0.750000,0.210000,40.190000,-26.060000,-3.690000
3.994000,152602.000000,80.000000,1883.000000,1406.000000,1009.000000,2389.000000,2337.000000,0.000000,0.000000,0.000000,0.000000,0.000000,0.000000,0.000000,0.000000,0.000000,-1.890000,8.770000,1.860000,1.960000,-0.750000,0.210000,40.190000,-26.060000,-3.690000
3.996000,152603.000000,34.000000,1913.000000,1442.000000,1067.000000,2350.000000,2183.000000,0.000000,0.000000,0.000000,0.000000,0.000000,0.000000,0.000000,0.000000,0.000000,-1.890000,8.770000,1.860000,1.960000,-0.750000,0.210000,40.190000,-26.060000,-3.690000
3.998000,152604.000000,14.000000,1934.000000,1504.000000,1006.000000,2303.000000,1920.000000,0.000000,0.000000,0.000000,0.000000,0.000000,0.000000,0.000000,0.000000,0.000000,-1.890000,8.770000,1.860000,1.960000,-0.750000,0.210000,40.190000,-26.060000,-3.690000
4.000000,152605.000000,593.000000,1925.000000,1518.000000,821.000000,2261.000000,1467.000000,0.000000,0.000000,0.000000,0.000000,0.000000,0.000000,0.000000,0.000000,0.000000,-2.220000,8.510000,1.600000,1.630000,-0.630000,0.270000,40.190000,-26.060000,-3.690000
4.002000,152606.000000,0.000000,1920.000000,1499.000000,673.000000,2223.000000,1456.000000,0.000000,0.000000,0.000000,0.000000,0.000000,0.000000,0.000000,0.000000,0.000000,-2.220000,8.510000,1.600000,1.630000,-0.630000,0.270000,40.190000,-26.060000,-3.690000
4.004000,152607.000000,0.000000,1879.000000,1489.000000,614.000000,2160.000000,1591.000000,0.000000,0.000000,0.000000,0.000000,0.000000,0.000000,0.000000,0.000000,0.000000,-2.220000,8.510000,1.600000,1.630000,-0.630000,0.270000,40.190000,-26.060000,-3.690000
4.006000,152608.000000,0.000000,1850.000000,1486.000000,671.000000,2121.000000,1710.000000,0.000000,0.000000,0.000000,0.000000,0.000000,0.000000,0.000000,0.000000,0.000000,-2.220000,8.510000,1.600000,1.630000,-0.630000,0.270000,40.190000,-26.060000,-3.690000
4.008000,152609.000000,0.000000,1851.000000,1456.000000,712.000000,2064.000000,1795.000000,0.000000,0.000000,0.000000,0.000000,0.000000,0.000000,0.000000,0.000000,0.000000,-2.220000,8.510000,1.600000,1.630000,-0.630000,0.270000,40.190000,-26.060000,-3.690000
4.010000,152610.000000,583.000000,1828.000000,1450.000000,753.000000,2059.000000,1819.000000,0.000000,0.000000,0.000000,0.000000,0.000000,0.000000,0.000000,0.000000,0.000000,-2.560000,8.020000,1.140000,1.510000,-0.610000,0.270000,40.190000,-26.060000,-3.690000
4.012000,152611.000000,20.000000,1841.000000,1465.000000,789.000000,2001.000000,1958.000000,0.000000,0.000000,0.000000,0.000000,0.000000,0.000000,0.000000,0.000000,0.000000,-2.560000,8.020000,1.140000,1.510000,-0.610000,0.270000,40.190000,-26.060000,-3.690000
4.014000,152612.000000,48.000000,1840.000000,1455.000000,966.000000,2000.000000,2330.000000,0.000000,0.000000,0.000000,0.000000,0.000000,0.000000,0.000000,0.000000,0.000000,-2.560000,8.020000,1.140000,1.510000,-0.610000,0.270000,40.190000,-26.060000,-3.690000
4.016000,152613.000000,31.000000,1863.000000,1456.000000,1050.000000,1989.000000,2160.000000,0.000000,0.000000,0.000000,0.000000,0.000000,0.000000,0.000000,0.000000,0.000000,-2.560000,8.020000,1.140000,1.510000,-0.610000,0.270000,40.190000,-26.060000,-3.690000
4.018000,152614.000000,13.000000,1883.000000,1455.000000,959.000000,1984.000000,1921.000000,0.000000,0.000000,0.000000,0.000000,0.000000,0.000000,0.000000,0.000000,0.000000,-2.560000,8.020000,1.140000,1.510000,-0.610000,0.270000,40.190000,-26.060000,-3.690000
4.020000,152615.000000,570.000000,1899.000000,1424.000000,778.000000,1968.000000,1457.000000,0.000000,0.000000,0.000000,0.000000,0.000000,0.000000,0.000000,0.000000,0.000000,-2.640000,7.790000,1.130000,1.400000,-0.590000,0.260000,40.190000,-26.060000,-3.690000
4.022000,152616.000000,0.000000,1904.000000,1406.000000,618.000000,1968.000000,1414.000000,0.000000,0.000000,0.000000,0.000000,0.000000,0.000000,0.000000,0.000000,0.000000,-2.640000,7.790000,1.130000,1.400000,-0.590000,0.260000,40.190000,-26.060000,-3.690000
4.024000,152617.000000,0.000000,1872.000000,1392.000000,576.000000,1939.000000,1568.000000,0.000000,0.000000,0.000000,0.000000,0.000000,0.000000,0.000000,0.000000,0.000000,-2.640000,7.790000,1.130000,1.400000,-0.590000,0.260000,40.190000,-26.060000,-3.690000
4.026000,152618.000000,0.000000,1869.000000,1362.000000,640.000000,1921.000000,1704.000000,0.000000,0.000000,0.000000,0.000000,0.000000,0.000000,0.000000,0.000000,0.000000,-2.640000,7.790000,1.130000,1.400000,-0.590000,0.260000,40.190000,-26.060000,-3.690000
4.028000,152619.000000,0.000000,1877.000000,1319.000000,718.000000,1919.000000,1743.000000,0.000000,0.000000,0.000000,0.000000,0.000000,0.000000,0.000000,0.000000,0.000000,-2.640000,7.790000,1.130000,1.400000,-0.590000,0.260000,40.190000,-26.060000,-3.690000
4.030000,152620.000000,0.000000,1861.000000,1311.000000,741.000000,1899.000000,1824.000000,0.000000,0.000000,0.000000,0.000000,0.000000,0.000000,0.000000,0.000000,0.000000,-2.550000,7.590000,1.210000,1.400000,-0.590000,0.260000,40.190000,-26.060000,-3.690000
4.032000,152621.000000,45.000000,1890.000000,1298.000000,769.000000,1893.000000,1911.000000,0.000000,0.000000,0.000000,0.000000,0.000000,0.000000,0.000000,0.000000,0.000000,-2.550000,7.590000,1.210000,1.400000,-0.590000,0.260000,40.190000,-26.060000,-3.690000
4.034000,152622.000000,46.000000,1891.000000,1261.000000,926.000000,1904.000000,2305.000000,0.000000,0.000000,0.000000,0.000000,0.000000,0.000000,0.000000,0.000000,0.000000,-2.550000,7.590000,1.210000,1.400000,-0.590000,0.260000,40.190000,-26.060000,-3.690000
4.036000,152623.000000,34.000000,1921.000000,1290.000000,998.000000,1916.000000,2112.000000,0.000000,0.000000,0.000000,0.000000,0.000000,0.000000,0.000000,0.000000,0.000000,-2.550000,7.590000,1.210000,1.400000,-0.590000,0.260000,40.190000,-26.060000,-3.690000
4.038000,152624.000000,3.000000,1939.000000,1267.000000,933.000000,1942.000000,1886.000000,0.000000,0.000000,0.000000,0.000000,0.000000,0.000000,0.000000,0.000000,0.000000,-2.550000,7.590000,1.210000,1.400000,-0.590000,0.260000,40.190000,-26.060000,-3.690000
4.040000,152625.000000,0.000000,1986.000000,1251.000000,746.000000,1936.000000,1424.000000,0.000000,0.000000,0.000000,0.000000,0.000000,0.000000,0.000000,0.000000,0.000000,-2.510000,7.380000,1.330000,1.300000,-0.570000,0.240000,39.190000,-26.380000,-2.500000
4.042000,152626.000000,0.000000,1983.000000,1231.000000,589.000000,1919.000000,1381.000000,0.000000,0.000000,0.000000,0.000000,0.000000,0.000000,0.000000,0.000000,0.000000,-2.510000,7.380000,1.330000,1.300000,-0.570000,0.240000,39.190000,-26.380000,-2.500000
4.044000,152627.000000,5.000000,1984.000000,1220.000000,511.000000,1865.000000,1535.000000,0.000000,0.000000,0.000000,0.000000,0.000000,0.000000,0.000000,0.000000,0.000000,-2.510000,7.380000,1.330000,1.300000,-0.570000,0.240000,39.190000,-26.380000,-2.500000
4.046000,152628.000000,0.000000,1970.000000,1203.000000,608.000000,1872.000000,1679.000000,0.000000,0.000000,0.000000,0.000000,0.000000,0.000000,0.000000,0.000000,0.000000,-2.510000,7.380000,1.330000,1.300000,-0.570000,0.240000,39.190000,-26.380000,-2.500000
4.048000,152629.000000,0.000000,1973.000000,1203.000000,661.000000,1845.000000,1763.000000,0.000000,0.000000,0.000000,0.000000,0.000000,0.000000,0.000000,0.000000,0.000000,-2.510000,7.380000,1.330000,1.300000,-0.570000,0.240000,39.190000,-26.380000,-2.500000
4.050000,152630.000000,640.000000,1981.000000,1146.000000,688.000000,1829.000000,1792.000000,0.000000,0.000000,0.000000,0.000000,0.000000,0.000000,0.000000,0.000000,0.000000,-2.220000,6.990000,1.470000,1.210000,-0.490000,0.220000,39.190000,-26.380000,-2.500000
4.052000,152631.000000,24.000000,2080.000000,1172.000000,746.000000,1809.000000,1939.000000,0.000000,0.000000,0.000000,0.000000,0.000000,0.000000,0.000000,0.000000,0.000000,-2.220000,6.990000,1.470000,1.210000,-0.490000,0.220000,39.190000,-26.380000,-2.500000
4.054000,152632.000000,64.000000,2054.000000,1200.000000,897.000000,1808.000000,2315.000000,0.000000,0.000000,0.000000,0.000000,0.000000,0.000000,0.000000,0.000000,0.000000,-2.220000,6.990000,1.470000,1.210000,-0.490000,0.220000,39.190000,-26.380000,-2.500000
4.056000,152633.000000,32.000000,2135.000000,1181.000000,991.000000,1806.000000,2153.000000,0.000000,0.000000,0.000000,0.000000,0.000000,0.000000,0.000000,0.000000,0.000000,-2.220000,6.990000,1.470000,1.210000,-0.490000,0.220000,39.190000,-26.380000,-2.500000
4.058000,152634.000000,16.000000,2170.000000,1221.000000,913.000000,1802.000000,1891.000000,0.000000,0.000000,0.000000,0.000000,0.000000,0.000000,0.000000,0.000000,0.000000,-2.220000,6.990000,1.470000,1.210000,-0.490000,0.220000,39.190000,-26.380000,-2.500000
4.060000,152635.000000,655.000000,2198.000000,1247.000000,758.000000,1795.000000,1435.000000,0.000000,0.000000,0.000000,0.000000,0.000000,0.000000,0.000000,0.000000,0.000000,-1.980000,6.740000,1.380000,1.120000,-0.340000,0.210000,39.190000,-26.380000,-2.500000
4.062000,152636.000000,0.000000,2201.000000,1249.000000,607.000000,1744.000000,1394.000000,0.000000,0.000000,0.000000,0.000000,0.000000,0.000000,0.000000,0.000000,0.000000,-1.980000,6.740000,1.380000,1.120000,-0.340000,0.210000,39.190000,-26.380000,-2.500000
4.064000,152637.000000,0.000000,2223.000000,1232.000000,566.000000,1719.000000,1535.000000,0.000000,0.000000,0.000000,0.000000,0.000000,0.000000,0.000000,0.000000,0.000000,-1.980000,6.740000,1.380000,1.120000,-0.340000,0.210000,39.190000,-26.380000,-2.500000
4.066000,152638.000000,0.000000,2219.000000,1264.000000,654.000000,1697.000000,1693.000000,0.000000,0.000000,0.000000,0.000000,0.000000,0.000000,0.000000,0.000000,0.000000,-1.980000,6.740000,1.380000,1.120000,-0.340000,0.210000,39.190000,-26.380000,-2.500000
4.068000,152639.000000,2.000000,2247.000000,1210.000000,688.000000,1655.000000,1763.000000,0.000000,0.000000,0.000000,0.000000,0.000000,0.000000,0.000000,0.000000,0.000000,-1.980000,6.740000,1.380000,1.120000,-0.340000,0.210000,39.190000,-26.380000,-2.500000
4.070000,152640.000000,738.000000,2281.000000,1226.000000,721.000000,1661.000000,1779.000000,0.000000,0.000000,0.000000,0.000000,0.000000,0.000000,0.000000,0.000000,0.000000,-1.790000,6.490000,1.510000,1.010000,-0.150000,0.190000,39.190000,-26.380000,-2.500000
4.072000,152641.000000,32.000000,2288.000000,1294.000000,784.000000,1670.000000,1932.000000,0.000000,0.000000,0.000000,0.000000,0.000000,0.000000,0.000000,0.000000,0.000000,-1.790000,6.490000,1.510000,1.010000,-0.150000,0.190000,39.190000,-26.380000,-2.500000
4.074000,152642.000000,53.000000,2330.000000,1314.000000,962.000000,1646.000000,2320.000000,0.000000,0.000000,0.000000,0.000000,0.000000,0.000000,0.000000,0.000000,0.000000,-1.790000,6.490000,1.510000,1.010000,-0.150000,0.190000,39.190000,-26.380000,-2.500000
4.076000,152643.000000,45.000000,2408.000000,1366.000000,1055.000000,1669.000000,2189.000000,0.000000,0.000000,0.000000,0.000000,0.000000,0.000000,0.000000,0.000000,0.000000,-1.790000,6.490000,1.510000,1.010000,-0.150000,0.190000,39.190000,-26.380000,-2.500000
4.078000,152644.000000,27.000000,2461.000000,1399.000000,977.000000,1660.000000,1909.000000,0.000000,0.000000,0.000000,0.000000,0.000000,0.000000,0.000000,0.000000,0.000000,-1.790000,6.490000,1.510000,1.010000,-0.150000,0.190000,39.190000,-26.380000,-2.500000
4.080000,152645.000000,0.000000,2481.000000,1451.000000,809.000000,1648.000000,1438.000000,0.000000,0.000000,0.000000,0.000000,0.000000,0.000000,0.000000,0.000000,0.000000,-1.570000,6.200000,1.570000,0.900000,0.060000,0.170000,39.190000,-26.380000,-2.500000
4.082000,152646.000000,22.000000,2503.000000,1485.000000,651.000000,1627.000000,1449.000000,0.000000,0.000000,0.000000,0.000000,0.000000,0.000000,0.000000,0.000000,0.000000,-1.570000,6.200000,1.570000,0.900000,0.060000,0.170000,39.190000,-26.380000,-2.500000
4.084000,152647.000000,0.000000,2529.000000,1485.000000,584.000000,1615.000000,1571.000000,0.000000,0.000000,0.000000,0.000000,0.000000,0.000000,0.000000,0.000000,0.000000,-1.570000,6.200000,1.570000,0.900000,0.060000,0.170000,39.190000,-26.380000,-2.500000
4.086000,152648.000000,2.000000,2498.000000,1503.000000,704.000000,1575.000000,1701.000000,0.000000,0.000000,0.000000,0.000000,0.000000,0.000000,0.000000,0.000000,0.000000,-1.570000,6.200000,1.570000,0.900000,0.060000,0.170000,39.190000,-26.380000,-2.500000
4.088000,152649.000000,10.000000,2529.000000,1555.000000,744.000000,1535.000000,1809.000000,0.000000,0.000000,0.000000,0.000000,0.000000,0.000000,0.000000,0.000000,0.000000,-1.570000,6.200000,1.570000,0.900000,0.060000,0.170000,39.190000,-26.380000,-2.500000
4.090000,152650.000000,63.000000,2580.000000,1583.000000,790.000000,1535.000000,1840.000000,0.000000,0.000000,0.000000,0.000000,0.000000,0.000000,0.000000,0.000000,0.000000,-1.340000,5.690000,1.620000,0.760000,0.240000,0.160000,39.750000,-26.500000,-2.060000
4.092000,152651.000000,18.000000,2614.000000,1626.000000,853.000000,1519.000000,1959.000000,0.000000,0.000000,0.000000,0.000000,0.000000,0.000000,0.000000,0.000000,0.000000,-1.340000,5.690000,1.620000,0.760000,0.240000,0.160000,39.750000,-26.500000,-2.060000
4.094000,152652.000000,87.000000,2651.000000,1648.000000,1051.000000,1505.000000,2365.000000,0.000000,0.000000,0.000000,0.000000,0.000000,0.000000,0.000000,0.000000,0.000000,-1.340000,5.690000,1.620000,0.760000,0.240000,0.160000,39.750000,-26.500000,-2.060000
4.096000,152653.000000,56.000000,2704.000000,1767.000000,1127.000000,1523.000000,2221.000000,0.000000,0.000000,0.000000,0.000000,0.000000,0.000000,0.000000,0.000000,0.000000,-1.340000,5.690000,1.620000,0.760000,0.240000,0.160000,39.750000,-26.500000,-2.060000
4.098000,152654.000000,48.000000,2735.000000,1774.000000,1042.000000,1514.000000,1975.000000,0.000000,0.000000,0.000000,0.000000,0.000000,0.000000,0.000000,0.000000,0.000000,-1.340000,5.690000,1.620000,0.760000,0.240000,0.160000,39.750000,-26.500000,-2.060000
4.100000,152655.000000,879.000000,2788.000000,1855.000000,903.000000,1525.000000,1511.000000,0.000000,0.000000,0.000000,0.000000,0.000000,0.000000,0.000000,0.000000,0.000000,-1.250000,5.530000,1.550000,0.590000,0.380000,0.150000,39.750000,-26.500000,-2.060000
4.102000,152656.000000,13.000000,2800.000000,1890.000000,733.000000,1503.000000,1461.000000,0.000000,0.000000,0.000000,0.000000,0.000000,0.000000,0.000000,0.000000,0.000000,-1.250000,5.530000,1.550000,0.590000,0.380000,0.150000,39.750000,-26.500000,-2.060000
4.104000,152657.000000,6.000000,2774.000000,1904.000000,659.000000,1479.000000,1609.000000,0.000000,0.000000,0.000000,0.000000,0.000000,0.000000,0.000000,0.000000,0.000000,-1.250000,5.530000,1.550000,0.590000,0.380000,0.150000,39.750000,-26.500000,-2.060000
4.106000,152658.000000,14.000000,2811.000000,1918.000000,726.000000,1473.000000,1757.000000,0.000000,0.000000,0.000000,0.000000,0.000000,0.000000,0.000000,0.000000,0.000000,-1.250000,5.530000,1.550000,0.590000,0.380000,0.150000,39.750000,-26.500000,-2.060000
4.108000,152659.000000,15.000000,2803.000000,1937.000000,799.000000,1473.000000,1817.000000,0.000000,0.000000,0.000000,0.000000,0.000000,0.000000,0.000000,0.000000,0.000000,-1.250000,5.530000,1.550000,0.590000,0.380000,0.150000,39.750000,-26.500000,-2.060000
4.110000,152660.000000,914.000000,2832.000000,1987.000000,854.000000,1472.000000,1879.000000,0.000000,0.000000,0.000000,0.000000,0.000000,0.000000,0.000000,0.000000,0.000000,-1.090000,5.380000,1.490000,0.390000,0.450000,0.140000,39.750000,-26.500000,-2.060000
4.112000,152661.000000,55.000000,2839.000000,2011.000000,912.000000,1499.000000,2031.000000,0.000000,0.000000,0.000000,0.000000,0.000000,0.000000,0.000000,0.000000,0.000000,-1.090000,5.380000,1.490000,0.390000,0.450000,0.140000,39.750000,-26.500000,-2.060000
4.114000,152662.000000,80.000000,2864.000000,2057.000000,1086.000000,1535.000000,2419.000000,0.000000,0.000000,0.000000,0.000000,0.000000,0.000000,0.000000,0.000000,0.000000,-1.090000,5.380000,1.490000,0.390000,0.450000,0.140000,39.750000,-26.500000,-2.060000
4.116000,152663.000000,68.000000,2907.000000,2072.000000,1197.000000,1598.000000,2256.000000,0.000000,0.000000,0.000000,0.000000,0.000000,0.000000,0.000000,0.000000,0.000000,-1.090000,5.380000,1.490000,0.390000,0.450000,0.140000,39.750000,-26.500000,-2.060000
4.118000,152664.000000,48.000000,2928.000000,2134.000000,1088.000000,1678.000000,2011.000000,0.000000,0.000000,0.000000,0.000000,0.000000,0.000000,0.000000,0.000000,0.000000,-1.090000,5.380000,1.490000,0.390000,0.450000,0.140000,39.750000,-26.500000,-2.060000
4.120000,152665.000000,3.000000,2967.000000,2091.000000,926.000000,1733.000000,1521.000000,0.000000,0.000000,0.000000,0.000000,0.000000,0.000000,0.000000,0.000000,0.000000,-0.930000,5.230000,1.560000,-0.060000,0.440000,0.120000,39.750000,-26.500000,-2.060000
4.122000,152666.000000,3.000000,2960.000000,2142.000000,781.000000,1758.000000,1502.000000,0.000000,0.000000,0.000000,0.000000,0.000000,0.000000,0.000000,0.000000,0.000000,-0.930000,5.230000,1.560000,-0.060000,0.440000,0.120000,39.750000,-26.500000,-2.060000
4.124000,152667.000000,16.000000,2934.000000,2138.000000,719.000000,1769.000000,1647.000000,0.000000,0.000000,0.000000,0.000000,0.000000,0.000000,0.000000,0.000000,0.000000,-0.930000,5.230000,1.560000,-0.060000,0.440000,0.120000,39.750000,-26.500000,-2.060000
4.126000,152668.000000,16.000000,2928.000000,2112.000000,752.000000,1837.000000,1781.000000,0.000000,0.000000,0.000000,0.000000,0.000000,0.000000,0.000000,0.000000,0.000000,-0.930000,5.230000,1.560000,-0.060000,0.440000,0.120000,39.750000,-26.500000,-2.060000
4.128000,152669.000000,31.000000,2899.000000,2096.000000,838.000000,1889.000000,1859.000000,0.000000,0.000000,0.000000,0.000000,0.000000,0.000000,0.000000,0.000000,0.000000,-0.930000,5.230000,1.560000,-0.060000,0.440000,0.120000,39.750000,-26.500000,-2.060000
4.130000,152670.000000,63.000000,2893.000000,2122.000000,839.000000,1950.000000,1923.000000,0.000000,0.000000,0.000000,0.000000,0.000000,0.000000,0.000000,0.000000,0.000000,-0.650000,4.910000,1.640000,-0.060000,0.440000,0.120000,39.750000,-26.500000,-2.060000
4.132000,152671.000000,44.000000,2878.000000,2108.000000,877.000000,1999.000000,2023.000000,0.000000,0.000000,0.000000,0.000000,0.000000,0.000000,0.000000,0.000000,0.000000,-0.650000,4.910000,1.640000,-0.060000,0.440000,0.120000,39.750000,-26.500000,-2.060000
4.134000,152672.000000,69.000000,2810.000000,2075.000000,1056.000000,2064.000000,2453.000000,0.000000,0.000000,0.000000,0.000000,0.000000,0.000000,0.000000,0.000000,0.000000,-0.650000,4.910000,1.640000,-0.060000,0.440000,0.120000,39.750000,-26.500000,-2.060000
4.136000,152673.000000,18.000000,2750.000000,2096.000000,1136.000000,2160.000000,1767.000000,0.000000,0.000000,0.000000,0.000000,0.000000,0.000000,0.000000,0.000000,0.000000,-0.650000,4.910000,1.640000,-0.060000,0.440000,0.120000,39.750000,-26.500000,-2.060000
4.138000,152674.000000,10.000000,2624.000000,2082.000000,1055.000000,2178.000000,1821.000000,0.000000,0.000000,0.000000,0.000000,0.000000,0.000000,0.000000,0.000000,0.000000,-0.650000,4.910000,1.640000,-0.060000,0.440000,0.120000,39.750000,-26.500000,-2.060000
4.140000,152675.000000,64.000000,2432.000000,2091.000000,814.000000,2212.000000,1457.000000,0.000000,0.000000,0.000000,0.000000,0.000000,0.000000,0.000000,0.000000,0.000000,-0.560000,4.860000,1.640000,-0.280000,0.380000,0.120000,39.060000,-26.690000,-0.250000
4.142000,152676.000000,0.000000,2158.000000,2034.000000,607.000000,2243.000000,1437.000000,0.000000,0.000000,0.000000,0.000000,0.000000,0.000000,0.000000,0.000000,0.000000,-0.560000,4.860000,1.640000,-0.280000,0.380000,0.120000,39.060000,-26.690000,-0.250000
4.144000,152677.000000,0.000000,1957.000000,1978.000000,551.000000,2211.000000,1567.000000,0.000000,0.000000,0.000000,0.000000,0.000000,0.000000,0.000000,0.000000,0.000000,-0.560000,4.860000,1.640000,-0.280000,0.380000,0.120000,39.060000,-26.690000,-0.250000
4.146000,152678.000000,0.000000,1882.000000,1913.000000,625.000000,2181.000000,1731.000000,0.000000,0.000000,0.000000,0.000000,0.000000,0.000000,0.000000,0.000000,0.000000,-0.560000,4.860000,1.640000,-0.280000,0.380000,0.120000,39.060000,-26.690000,-0.250000
4.148000,152679.000000,0.000000,1811.000000,1878.000000,661.000000,2106.000000,1799.000000,0.000000,0.000000,0.000000,0.000000,0.000000,0.000000,0.000000,0.000000,0.000000,-0.560000,4.860000,1.640000,-0.280000,0.380000,0.120000,39.060000,-26.690000,-0.250000
4.150000,152680.000000,573.000000,1815.000000,1838.000000,693.000000,2096.000000,1830.000000,0.000000,0.000000,0.000000,0.000000,0.000000,0.000000,0.000000,0.000000,0.000000,-0.430000,4.860000,1.520000,-0.750000,0.270000,0.090000,39.060000,-26.690000,-0.250000
4.152000,152681.000000,18.000000,1815.000000,1805.000000,720.000000,2033.000000,1956.000000,0.000000,0.000000,0.000000,0.000000,0.000000,0.000000,0.000000,0.000000,0.000000,-0.430000,4.860000,1.520000,-0.750000,0.270000,0.090000,39.060000,-26.690000,-0.250000
4.154000,152682.000000,62.000000,1921.000000,1787.000000,896.000000,2001.000000,2358.000000,0.000000,0.000000,0.000000,0.000000,0.000000,0.000000,0.000000,0.000000,0.000000,-0.430000,4.860000,1.520000,-0.750000,0.270000,0.090000,39.060000,-26.690000,-0.250000
4.156000,152683.000000,34.000000,2019.000000,1748.000000,979.000000,1984.000000,2177.000000,0.000000,0.000000,0.000000,0.000000,0.000000,0.000000,0.000000,0.000000,0.000000,-0.430000,4.860000,1.520000,-0.750000,0.270000,0.090000,39.060000,-26.690000,-0.250000
4.158000,152684.000000,20.000000,2071.000000,1725.000000,934.000000,1930.000000,1936.000000,0.000000,0.000000,0.000000,0.000000,0.000000,0.000000,0.000000,0.000000,0.000000,-0.430000,4.860000,1.520000,-0.750000,0.270000,0.090000,39.060000,-26.690000,-0.250000
4.160000,152685.000000,578.000000,1991.000000,1738.000000,784.000000,1909.000000,1463.000000,0.000000,0.000000,0.000000,0.000000,0.000000,0.000000,0.000000,0.000000,0.000000,-0.370000,4.840000,1.240000,-0.750000,0.270000,0.090000,39.060000,-26.690000,-0.250000
4.162000,152686.000000,0.000000,1846.000000,1713.000000,656.000000,1814.000000,1386.000000,0.000000,0.000000,0.000000,0.000000,0.000000,0.000000,0.000000,0.000000,0.000000,-0.370000,4.840000,1.240000,-0.750000,0.270000,0.090000,39.060000,-26.690000,-0.250000
4.164000,152687.000000,0.000000,1858.000000,1653.000000,638.000000,1745.000000,1514.000000,0.000000,0.000000,0.000000,0.000000,0.000000,0.000000,0.000000,0.000000,0.000000,-0.370000,4.840000,1.240000,-0.750000,0.270000,0.090000,39.060000,-26.690000,-0.250000
4.166000,152688.000000,0.000000,2091.000000,1619.000000,742.000000,1733.000000,1686.000000,0.000000,0.000000,0.000000,0.000000,0.000000,0.000000,0.000000,0.000000,0.000000,-0.370000,4.840000,1.240000,-0.750000,0.270000,0.090000,39.060000,-26.690000,-0.250000
4.168000,152689.000000,1.000000,2350.000000,1555.000000,816.000000,1679.000000,1771.000000,0.000000,0.000000,0.000000,0.000000,0.000000,0.000000,0.000000,0.000000,0.000000,-0.370000,4.840000,1.240000,-0.750000,0.270000,0.090000,39.060000,-26.690000,-0.250000
4.170000,152690.000000,16.000000,2455.000000,1520.000000,851.000000,1651.000000,1830.000000,0.000000,0.000000,0.000000,0.000000,0.000000,0.000000,0.000000,0.000000,0.000000,-0.240000,4.960000,0.870000,-1.150000,0.140000,0.060000,39.060000,-26.690000,-0.250000
4.172000,152691.000000,22.000000,2485.000000,1511.000000,895.000000,1609.000000,1955.000000,0.000000,0.000000,0.000000,0.000000,0.000000,0.000000,0.000000,0.000000,0.000000,-0.240000,4.960000,0.870000,-1.150000,0.140000,0.060000,39.060000,-26.690000,-0.250000
4.174000,152692.000000,76.000000,2435.000000,1456.000000,1061.000000,1587.000000,2384.000000,0.000000,0.000000,0.000000,0.000000,0.000000,0.000000,0.000000,0.000000,0.000000,-0.240000,4.960000,0.870000,-1.150000,0.140000,0.060000,39.060000,-26.690000,-0.250000
4.176000,152693.000000,41.000000,2384.000000,1450.000000,1109.000000,1573.000000,2191.000000,0.000000,0.000000,0.000000,0.000000,0.000000,0.000000,0.000000,0.000000,0.000000,-0.240000,4.960000,0.870000,-1.150000,0.140000,0.060000,39.060000,-26.690000,-0.250000
4.178000,152694.000000,16.000000,2320.000000,1385.000000,1007.000000,1574.000000,1906.000000,0.000000,0.000000,0.000000,0.000000,0.000000,0.000000,0.000000,0.000000,0.000000,-0.240000,4.960000,0.870000,-1.150000,0.140000,0.060000,39.060000,-26.690000,-0.250000
4.180000,152695.000000,14.000000,2255.000000,1339.000000,789.000000,1568.000000,1379.000000,0.000000,0.000000,0.000000,0.000000,0.000000,0.000000,0.000000,0.000000,0.000000,0.050000,5.230000,0.600000,-1.150000,0.140000,0.060000,39.060000,-26.690000,-0.250000
4.182000,152696.000000,0.000000,2150.000000,1206.000000,608.000000,1503.000000,1345.000000,0.000000,0.000000,0.000000,0.000000,0.000000,0.000000,0.000000,0.000000,0.000000,0.050000,5.230000,0.600000,-1.150000,0.140000,0.060000,39.060000,-26.690000,-0.250000
4.184000,152697.000000,0.000000,2030.000000,1143.000000,542.000000,1465.000000,1472.000000,0.000000,0.000000,0.000000,0.000000,0.000000,0.000000,0.000000,0.000000,0.000000,0.050000,5.230000,0.600000,-1.150000,0.140000,0.060000,39.060000,-26.690000,-0.250000
4.186000,152698.000000,0.000000,1911.000000,1040.000000,622.000000,1424.000000,1629.000000,0.000000,0.000000,0.000000,0.000000,0.000000,0.000000,0.000000,0.000000,0.000000,0.050000,5.230000,0.600000,-1.150000,0.140000,0.060000,39.060000,-26.690000,-0.250000
4.188000,152699.000000,0.000000,1815.000000,931.000000,701.000000,1421.000000,1691.000000,0.000000,0.000000,0.000000,0.000000,0.000000,0.000000,0.000000,0.000000,0.000000,0.050000,5.230000,0.600000,-1.150000,0.140000,0.060000,39.060000,-26.690000,-0.250000
4.190000,152700.000000,28.000000,1736.000000,911.000000,727.000000,1399.000000,1756.000000,0.000000,0.000000,0.000000,0.000000,0.000000,0.000000,0.000000,0.000000,0.000000,0.450000,5.710000,0.210000,-1.350000,0.010000,0.040000,39.560000,-26.060000,0.250000
4.192000,152701.000000,0.000000,1691.000000,826.000000,797.000000,1369.000000,1855.000000,0.000000,0.000000,0.000000,0.000000,0.000000,0.000000,0.000000,0.000000,0.000000,0.450000,5.710000,0.210000,-1.350000,0.010000,0.040000,39.560000,-26.060000,0.250000
4.194000,152702.000000,51.000000,1633.000000,752.000000,976.000000,1319.000000,2270.000000,0.000000,0.000000,0.000000,0.000000,0.000000,0.000000,0.000000,0.000000,0.000000,0.450000,5.710000,0.210000,-1.350000,0.010000,0.040000,39.560000,-26.060000,0.250000
4.196000,152703.000000,21.000000,1616.000000,705.000000,1061.000000,1297.000000,2107.000000,0.000000,0.000000,0.000000,0.000000,0.000000,0.000000,0.000000,0.000000,0.000000,0.450000,5.710000,0.210000,-1.350000,0.010000,0.040000,39.560000,-26.060000,0.250000
4.198000,152704.000000,5.000000,1616.000000,687.000000,974.000000,1282.000000,1815.000000,0.000000,0.000000,0.000000,0.000000,0.000000,0.000000,0.000000,0.000000,0.000000,0.450000,5.710000,0.210000,-1.350000,0.010000,0.040000,39.560000,-26.060000,0.250000
4.200000,152705.000000,466.000000,1627.000000,601.000000,781.000000,1248.000000,1344.000000,0.000000,0.000000,0.000000,0.000000,0.000000,0.000000,0.000000,0.000000,0.000000,1.700000,7.420000,-1.080000,-1.520000,-0.140000,0.050000,39.560000,-26.060000,0.250000
4.202000,152706.000000,0.000000,1594.000000,526.000000,505.000000,1161.000000,1263.000000,0.000000,0.000000,0.000000,0.000000,0.000000,0.000000,0.000000,0.000000,0.000000,1.700000,7.420000,-1.080000,-1.520000,-0.140000,0.050000,39.560000,-26.060000,0.250000
4.204000,152707.000000,0.000000,1578.000000,417.000000,440.000000,1082.000000,1389.000000,0.000000,0.000000,0.000000,0.000000,0.000000,0.000000,0.000000,0.000000,0.000000,1.700000,7.420000,-1.080000,-1.520000,-0.140000,0.050000,39.560000,-26.060000,0.250000
4.206000,152708.000000,0.000000,1593.000000,290.000000,470.000000,961.000000,1535.000000,0.000000,0.000000,0.000000,0.000000,0.000000,0.000000,0.000000,0.000000,0.000000,1.700000,7.420000,-1.080000,-1.520000,-0.140000,0.050000,39.560000,-26.060000,0.250000
4.208000,152709.000000,0.000000,1607.000000,219.000000,527.000000,849.000000,1606.000000,0.000000,0.000000,0.000000,0.000000,0.000000,0.000000,0.000000,0.000000,0.000000,1.700000,7.420000,-1.080000,-1.520000,-0.140000,0.050000,39.560000,-26.060000,0.250000
4.210000,152710.000000,0.000000,1631.000000,82.000000,550.000000,752.000000,1647.000000,0.000000,0.000000,0.000000,0.000000,0.000000,0.000000,0.000000,0.000000,0.000000,2.270000,8.440000,-1.930000,-1.790000,-0.360000,0.170000,39.560000,-26.060000,0.250000
4.212000,152711.000000,0.000000,1706.000000,0.000000,567.000000,624.000000,1759.000000,0.000000,0.000000,0.000000,0.000000,0.000000,0.000000,0.000000,0.000000,0.000000,2.270000,8.440000,-1.930000,-1.790000,-0.360000,0.170000,39.560000,-26.060000,0.250000
4.214000,152712.000000,49.000000,1792.000000,0.000000,734.000000,506.000000,1986.000000,0.000000,0.000000,0.000000,0.000000,0.000000,0.000000,0.000000,0.000000,0.000000,2.270000,8.440000,-1.930000,-1.790000,-0.360000,0.170000,39.560000,-26.060000,0.250000
4.216000,152713.000000,0.000000,1892.000000,0.000000,858.000000,448.000000,1456.000000,0.000000,0.000000,0.000000,0.000000,0.000000,0.000000,0.000000,0.000000,0.000000,2.270000,8.440000,-1.930000,-1.790000,-0.360000,0.170000,39.560000,-26.060000,0.250000
4.218000,152714.000000,0.000000,1999.000000,0.000000,783.000000,367.000000,1565.000000,0.000000,0.000000,0.000000,0.000000,0.000000,0.000000,0.000000,0.000000,0.000000,2.270000,8.440000,-1.930000,-1.790000,-0.360000,0.170000,39.560000,-26.060000,0.250000
4.220000,152715.000000,567.000000,2070.000000,0.000000,603.000000,298.000000,1315.000000,0.000000,0.000000,0.000000,0.000000,0.000000,0.000000,0.000000,0.000000,0.000000,2.690000,9.770000,-2.780000,-1.790000,-0.360000,0.170000,39.560000,-26.060000,0.250000
4.222000,152716.000000,0.000000,2101.000000,0.000000,399.000000,210.000000,1216.000000,0.000000,0.000000,0.000000,0.000000,0.000000,0.000000,0.000000,0.000000,0.000000,2.690000,9.770000,-2.780000,-1.790000,-0.360000,0.170000,39.560000,-26.060000,0.250000
4.224000,152717.000000,0.000000,2127.000000,0.000000,331.000000,223.000000,1344.000000,0.000000,0.000000,0.000000,0.000000,0.000000,0.000000,0.000000,0.000000,0.000000,2.690000,9.770000,-2.780000,-1.790000,-0.360000,0.170000,39.560000,-26.060000,0.250000
4.226000,152718.000000,0.000000,2135.000000,0.000000,429.000000,236.000000,1379.000000,0.000000,0.000000,0.000000,0.000000,0.000000,0.000000,0.000000,0.000000,0.000000,2.690000,9.770000,-2.780000,-1.790000,-0.360000,0.170000,39.560000,-26.060000,0.250000
4.228000,152719.000000,0.000000,2117.000000,0.000000,510.000000,253.000000,1453.000000,0.000000,0.000000,0.000000,0.000000,0.000000,0.000000,0.000000,0.000000,0.000000,2.690000,9.770000,-2.780000,-1.790000,-0.360000,0.170000,39.560000,-26.060000,0.250000
4.230000,152720.000000,48.000000,2080.000000,0.000000,562.000000,313.000000,1572.000000,0.000000,0.000000,0.000000,0.000000,0.000000,0.000000,0.000000,0.000000,0.000000,2.450000,11.360000,-4.030000,-1.820000,-0.350000,0.350000,39.560000,-26.060000,0.250000
4.232000,152721.000000,0.000000,2032.000000,0.000000,637.000000,352.000000,1622.000000,0.000000,0.000000,0.000000,0.000000,0.000000,0.000000,0.000000,0.000000,0.000000,2.450000,11.360000,-4.030000,-1.820000,-0.350000,0.350000,39.560000,-26.060000,0.250000
4.234000,152722.000000,12.000000,1982.000000,0.000000,860.000000,397.000000,2001.000000,0.000000,0.000000,0.000000,0.000000,0.000000,0.000000,0.000000,0.000000,0.000000,2.450000,11.360000,-4.030000,-1.820000,-0.350000,0.350000,39.560000,-26.060000,0.250000
4.236000,152723.000000,14.000000,1884.000000,0.000000,1006.000000,475.000000,2002.000000,0.000000,0.000000,0.000000,0.000000,0.000000,0.000000,0.000000,0.000000,0.000000,2.450000,11.360000,-4.030000,-1.820000,-0.350000,0.350000,39.560000,-26.060000,0.250000
4.238000,152724.000000,0.000000,1792.000000,0.000000,960.000000,550.000000,1794.000000,0.000000,0.000000,0.000000,0.000000,0.000000,0.000000,0.000000,0.000000,0.000000,2.450000,11.360000,-4.030000,-1.820000,-0.350000,0.350000,39.560000,-26.060000,0.250000
4.240000,152725.000000,19.000000,1648.000000,59.000000,807.000000,627.000000,1322.000000,0.000000,0.000000,0.000000,0.000000,0.000000,0.000000,0.000000,0.000000,0.000000,0.230000,13.520000,-10.340000,-1.770000,-0.180000,0.540000,39.000000,-25.880000,0.000000
4.242000,152726.000000,0.000000,1457.000000,324.000000,669.000000,701.000000,1250.000000,0.000000,0.000000,0.000000,0.000000,0.000000,0.000000,0.000000,0.000000,0.000000,0.230000,13.520000,-10.340000,-1.770000,-0.180000,0.540000,39.000000,-25.880000,0.000000
4.244000,152727.000000,0.000000,1267.000000,561.000000,646.000000,777.000000,1319.000000,0.000000,0.000000,0.000000,0.000000,0.000000,0.000000,0.000000,0.000000,0.000000,0.230000,13.520000,-10.340000,-1.770000,-0.180000,0.540000,39.000000,-25.880000,0.000000
4.246000,152728.000000,0.000000,1053.000000,767.000000,726.000000,839.000000,1491.000000,0.000000,0.000000,0.000000,0.000000,0.000000,0.000000,0.000000,0.000000,0.000000,0.230000,13.520000,-10.340000,-1.770000,-0.180000,0.540000,39.000000,-25.880000,0.000000
4.248000,152729.000000,0.000000,880.000000,1039.000000,849.000000,928.000000,1617.000000,0.000000,0.000000,0.000000,0.000000,0.000000,0.000000,0.000000,0.000000,0.000000,0.230000,13.520000,-10.340000,-1.770000,-0.180000,0.540000,39.000000,-25.880000,0.000000
4.250000,152730.000000,199.000000,736.000000,1225.000000,889.000000,993.000000,1649.000000,0.000000,0.000000,0.000000,0.000000,0.000000,0.000000,0.000000,0.000000,0.000000,-0.570000,14.380000,-12.900000,-1.440000,0.090000,0.650000,39.000000,-25.880000,0.000000
4.252000,152731.000000,0.000000,550.000000,1471.000000,995.000000,1107.000000,1767.000000,0.000000,0.000000,0.000000,0.000000,0.000000,0.000000,0.000000,0.000000,0.000000,-0.570000,14.380000,-12.900000,-1.440000,0.090000,0.650000,39.000000,-25.880000,0.000000
4.254000,152732.000000,16.000000,402.000000,1696.000000,1178.000000,1189.000000,2147.000000,0.000000,0.000000,0.000000,0.000000,0.000000,0.000000,0.000000,0.000000,0.000000,-0.570000,14.380000,-12.900000,-1.440000,0.090000,0.650000,39.000000,-25.880000,0.000000
4.256000,152733.000000,18.000000,327.000000,1887.000000,1284.000000,1263.000000,2169.000000,0.000000,0.000000,0.000000,0.000000,0.000000,0.000000,0.000000,0.000000,0.000000,-0.570000,14.380000,-12.900000,-1.440000,0.090000,0.650000,39.000000,-25.880000,0.000000
4.258000,152734.000000,5.000000,252.000000,2047.000000,1209.000000,1425.000000,1936.000000,0.000000,0.000000,0.000000,0.000000,0.000000,0.000000,0.000000,0.000000,0.000000,-0.570000,14.380000,-12.900000,-1.440000,0.090000,0.650000,39.000000,-25.880000,0.000000
4.260000,152735.000000,0.000000,219.000000,2194.000000,998.000000,1525.000000,1580.000000,0.000000,0.000000,0.000000,0.000000,0.000000,0.000000,0.000000,0.000000,0.000000,-0.810000,14.760000,-13.930000,-0.770000,0.420000,0.400000,39.000000,-25.880000,0.000000
4.262000,152736.000000,0.000000,197.000000,2323.000000,833.000000,1615.000000,1424.000000,0.000000,0.000000,0.000000,0.000000,0.000000,0.000000,0.000000,0.000000,0.000000,-0.810000,14.760000,-13.930000,-0.770000,0.420000,0.400000,39.000000,-25.880000,0.000000
4.264000,152737.000000,0.000000,173.000000,2378.000000,739.000000,1685.000000,1478.000000,0.000000,0.000000,0.000000,0.000000,0.000000,0.000000,0.000000,0.000000,0.000000,-0.810000,14.760000,-13.930000,-0.770000,0.420000,0.400000,39.000000,-25.880000,0.000000
4.266000,152738.000000,0.000000,165.000000,2441.000000,754.000000,1743.000000,1647.000000,0.000000,0.000000,0.000000,0.000000,0.000000,0.000000,0.000000,0.000000,0.000000,-0.810000,14.760000,-13.930000,-0.770000,0.420000,0.400000,39.000000,-25.880000,0.000000
4.268000,152739.000000,0.000000,187.000000,2474.000000,804.000000,1807.000000,1750.000000,0.000000,0.000000,0.000000,0.000000,0.000000,0.000000,0.000000,0.000000,0.000000,-0.810000,14.760000,-13.930000,-0.770000,0.420000,0.400000,39.000000,-25.880000,0.000000
4.270000,152740.000000,222.000000,215.000000,2449.000000,830.000000,1853.000000,1792.000000,0.000000,0.000000,0.000000,0.000000,0.000000,0.000000,0.000000,0.000000,0.000000,-0.300000,15.230000,-14.010000,-0.770000,0.420000,0.400000,39.000000,-25.880000,0.000000
4.272000,152741.000000,0.000000,256.000000,2416.000000,862.000000,1899.000000,1885.000000,0.000000,0.000000,0.000000,0.000000,0.000000,0.000000,0.000000,0.000000,0.000000,-0.300000,15.230000,-14.010000,-0.770000,0.420000,0.400000,39.000000,-25.880000,0.000000
4.274000,152742.000000,26.000000,275.000000,2403.000000,1055.000000,1936.000000,2263.000000,0.000000,0.000000,0.000000,0.000000,0.000000,0.000000,0.000000,0.000000,0.000000,-0.300000,15.230000,-14.010000,-0.770000,0.420000,0.400000,39.000000,-25.880000,0.000000
4.276000,152743.000000,30.000000,288.000000,2348.000000,1127.000000,1935.000000,2288.000000,0.000000,0.000000,0.000000,0.000000,0.000000,0.000000,0.000000,0.000000,0.000000,-0.300000,15.230000,-14.010000,-0.770000,0.420000,0.400000,39.000000,-25.880000,0.000000
4.278000,152744.000000,15.000000,301.000000,2253.000000,1045.000000,1942.000000,2057.000000,0.000000,0.000000,0.000000,0.000000,0.000000,0.000000,0.000000,0.000000,0.000000,-0.300000,15.230000,-14.010000,-0.770000,0.420000,0.400000,39.000000,-25.880000,0.000000
4.280000,152745.000000,0.000000,277.000000,2194.000000,811.000000,1917.000000,1617.000000,0.000000,0.000000,0.000000,0.000000,0.000000,0.000000,0.000000,0.000000,0.000000,0.920000,15.300000,-10.560000,-0.750000,0.510000,0.250000,39.000000,-25.880000,0.000000
4.282000,152746.000000,0.000000,240.000000,2145.000000,594.000000,1918.000000,1472.000000,0.000000,0.000000,0.000000,0.000000,0.000000,0.000000,0.000000,0.000000,0.000000,0.920000,15.300000,-10.560000,-0.750000,0.510000,0.250000,39.000000,-25.880000,0.000000
4.284000,152747.000000,0.000000,175.000000,2006.000000,511.000000,1914.000000,1447.000000,0.000000,0.000000,0.000000,0.000000,0.000000,0.000000,0.000000,0.000000,0.000000,0.920000,15.300000,-10.560000,-0.750000,0.510000,0.250000,39.000000,-25.880000,0.000000
4.286000,152748.000000,0.000000,104.000000,1933.000000,566.000000,1919.000000,1629.000000,0.000000,0.000000,0.000000,0.000000,0.000000,0.000000,0.000000,0.000000,0.000000,0.920000,15.300000,-10.560000,-0.750000,0.510000,0.250000,39.000000,-25.880000,0.000000
4.288000,152749.000000,0.000000,50.000000,1831.000000,628.000000,1872.000000,1685.000000,0.000000,0.000000,0.000000,0.000000,0.000000,0.000000,0.000000,0.000000,0.000000,0.920000,15.300000,-10.560000,-0.750000,0.510000,0.250000,39.000000,-25.880000,0.000000
4.290000,152750.000000,0.000000,14.000000,1799.000000,658.000000,1751.000000,1707.000000,0.000000,0.000000,0.000000,0.000000,0.000000,0.000000,0.000000,0.000000,0.000000,1.150000,14.420000,-8.720000,-0.720000,0.510000,0.180000,39.250000,-27.750000,-0.750000
4.292000,152751.000000,0.000000,0.000000,1824.000000,705.000000,1465.000000,1703.000000,0.000000,0.000000,0.000000,0.000000,0.000000,0.000000,0.000000,0.000000,0.000000,1.150000,14.420000,-8.720000,-0.720000,0.510000,0.180000,39.250000,-27.750000,-0.750000
4.294000,152752.000000,16.000000,8.000000,1819.000000,893.000000,1087.000000,1905.000000,0.000000,0.000000,0.000000,0.000000,0.000000,0.000000,0.000000,0.000000,0.000000,1.150000,14.420000,-8.720000,-0.720000,0.510000,0.180000,39.250000,-27.750000,-0.750000
4.296000,152753.000000,0.000000,65.000000,1873.000000,973.000000,673.000000,1835.000000,0.000000,0.000000,0.000000,0.000000,0.000000,0.000000,0.000000,0.000000,0.000000,1.150000,14.420000,-8.720000,-0.720000,0.510000,0.180000,39.250000,-27.750000,-0.750000
4.298000,152754.000000,0.000000,144.000000,1953.000000,902.000000,313.000000,1673.000000,0.000000,0.000000,0.000000,0.000000,0.000000,0.000000,0.000000,0.000000,0.000000,1.150000,14.420000,-8.720000,-0.720000,0.510000,0.180000,39.250000,-27.750000,-0.750000
4.300000,152755.000000,179.000000,215.000000,2016.000000,685.000000,61.000000,1395.000000,0.000000,0.000000,0.000000,0.000000,0.000000,0.000000,0.000000,0.000000,0.000000,1.080000,13.080000,-7.260000,-0.580000,0.230000,0.210000,39.250000,-27.750000,-0.750000
4.302000,152756.000000,0.000000,287.000000,2061.000000,491.000000,0.000000,1294.000000,0.000000,0.000000,0.000000,0.000000,0.000000,0.000000,0.000000,0.000000,0.000000,1.080000,13.080000,-7.260000,-0.580000,0.230000,0.210000,39.250000,-27.750000,-0.750000
4.304000,152757.000000,0.000000,351.000000,2058.000000,442.000000,0.000000,1334.000000,0.000000,0.000000,0.000000,0.000000,0.000000,0.000000,0.000000,0.000000,0.000000,1.080000,13.080000,-7.260000,-0.580000,0.230000,0.210000,39.250000,-27.750000,-0.750000
4.306000,152758.000000,0.000000,400.000000,2077.000000,506.000000,183.000000,1561.000000,0.000000,0.000000,0.000000,0.000000,0.000000,0.000000,0.000000,0.000000,0.000000,1.080000,13.080000,-7.260000,-0.580000,0.230000,0.210000,39.250000,-27.750000,-0.750000
4.308000,152759.000000,0.000000,468.000000,2107.000000,597.000000,402.000000,1668.000000,0.000000,0.000000,0.000000,0.000000,0.000000,0.000000,0.000000,0.000000,0.000000,1.080000,13.080000,-7.260000,-0.580000,0.230000,0.210000,39.250000,-27.750000,-0.750000
4.310000,152760.000000,10.000000,501.000000,2109.000000,646.000000,709.000000,1779.000000,0.000000,0.000000,0.000000,0.000000,0.000000,0.000000,0.000000,0.000000,0.000000,1.100000,12.050000,-5.310000,-0.380000,-0.100000,0.340000,39.250000,-27.750000,-0.750000
4.312000,152761.000000,0.000000,554.000000,2091.000000,742.000000,1125.000000,1871.000000,0.000000,0.000000,0.000000,0.000000,0.000000,0.000000,0.000000,0.000000,0.000000,1.100000,12.050000,-5.310000,-0.380000,-0.100000,0.340000,39.250000,-27.750000,-0.750000
4.314000,152762.000000,21.000000,559.000000,2011.000000,907.000000,1535.000000,2166.000000,0.000000,0.000000,0.000000,0.000000,0.000000,0.000000,0.000000,0.000000,0.000000,1.100000,12.050000,-5.310000,-0.380000,-0.100000,0.340000,39.250000,-27.750000,-0.750000
4.316000,152763.000000,29.000000,537.000000,1936.000000,981.000000,2027.000000,2265.000000,0.000000,0.000000,0.000000,0.000000,0.000000,0.000000,0.000000,0.000000,0.000000,1.100000,12.050000,-5.310000,-0.380000,-0.100000,0.340000,39.250000,-27.750000,-0.750000
4.318000,152764.000000,16.000000,511.000000,1877.000000,874.000000,2485.000000,2105.000000,0.000000,0.000000,0.000000,0.000000,0.000000,0.000000,0.000000,0.000000,0.000000,1.100000,12.050000,-5.310000,-0.380000,-0.100000,0.340000,39.250000,-27.750000,-0.750000
4.320000,152765.000000,185.000000,485.000000,1757.000000,663.000000,2869.000000,1805.000000,0.000000,0.000000,0.000000,0.000000,0.000000,0.000000,0.000000,0.000000,0.000000,-0.380000,12.430000,-0.320000,-0.380000,-0.430000,0.540000,39.250000,-27.750000,-0.750000
4.322000,152766.000000,0.000000,401.000000,1680.000000,412.000000,3312.000000,1552.000000,0.000000,0.000000,0.000000,0.000000,0.000000,0.000000,0.000000,0.000000,0.000000,-0.380000,12.430000,-0.320000,-0.380000,-0.430000,0.540000,39.250000,-27.750000,-0.750000
4.324000,152767.000000,0.000000,328.000000,1648.000000,337.000000,3792.000000,1518.000000,0.000000,0.000000,0.000000,0.000000,0.000000,0.000000,0.000000,0.000000,0.000000,-0.380000,12.430000,-0.320000,-0.380000,-0.430000,0.540000,39.250000,-27.750000,-0.750000
4.326000,152768.000000,0.000000,226.000000,1591.000000,425.000000,4095.000000,1691.000000,0.000000,0.000000,0.000000,0.000000,0.000000,0.000000,0.000000,0.000000,0.000000,-0.380000,12.430000,-0.320000,-0.380000,-0.430000,0.540000,39.250000,-27.750000,-0.750000
4.328000,152769.000000,0.000000,176.000000,1600.000000,511.000000,4095.000000,1787.000000,0.000000,0.000000,0.000000,0.000000,0.000000,0.000000,0.000000,0.000000,0.000000,-0.380000,12.430000,-0.320000,-0.380000,-0.430000,0.540000,39.250000,-27.750000,-0.750000
4.330000,152770.000000,7.000000,93.000000,1659.000000,601.000000,4095.000000,1935.000000,0.000000,0.000000,0.000000,0.000000,0.000000,0.000000,0.000000,0.000000,0.000000,-1.460000,12.880000,0.030000,-0.520000,-0.810000,0.680000,39.250000,-27.750000,-0.750000
4.332000,152771.000000,7.000000,25.000000,1695.000000,679.000000,4095.000000,2015.000000,0.000000,0.000000,0.000000,0.000000,0.000000,0.000000,0.000000,0.000000,0.000000,-1.460000,12.880000,0.030000,-0.520000,-0.810000,0.680000,39.250000,-27.750000,-0.750000
4.334000,152772.000000,34.000000,0.000000,1763.000000,880.000000,4095.000000,2288.000000,0.000000,0.000000,0.000000,0.000000,0.000000,0.000000,0.000000,0.000000,0.000000,-1.460000,12.880000,0.030000,-0.520000,-0.810000,0.680000,39.250000,-27.750000,-0.750000
4.336000,152773.000000,32.000000,0.000000,1912.000000,1015.000000,4095.000000,2393.000000,0.000000,0.000000,0.000000,0.000000,0.000000,0.000000,0.000000,0.000000,0.000000,-1.460000,12.880000,0.030000,-0.520000,-0.810000,0.680000,39.250000,-27.750000,-0.750000
4.338000,152774.000000,28.000000,0.000000,2078.000000,986.000000,4095.000000,2234.000000,0.000000,0.000000,0.000000,0.000000,0.000000,0.000000,0.000000,0.000000,0.000000,-1.460000,12.880000,0.030000,-0.520000,-0.810000,0.680000,39.250000,-27.750000,-0.750000
4.340000,152775.000000,6.000000,0.000000,2202.000000,819.000000,4095.000000,1872.000000,0.000000,0.000000,0.000000,0.000000,0.000000,0.000000,0.000000,0.000000,0.000000,-0.250000,13.960000,-1.400000,-0.600000,-1.010000,0.650000,38.880000,-27.190000,-2.060000
4.342000,152776.000000,0.000000,269.000000,2416.000000,688.000000,4095.000000,1604.000000,0.000000,0.000000,0.000000,0.000000,0.000000,0.000000,0.000000,0.000000,0.000000,-0.250000,13.960000,-1.400000,-0.600000,-1.010000,0.650000,38.880000,-27.190000,-2.060000
4.344000,152777.000000,0.000000,475.000000,2615.000000,640.000000,4095.000000,1557.000000,0.000000,0.000000,0.000000,0.000000,0.000000,0.000000,0.000000,0.000000,0.000000,-0.250000,13.960000,-1.400000,-0.600000,-1.010000,0.650000,38.880000,-27.190000,-2.060000
4.346000,152778.000000,0.000000,61.000000,2803.000000,704.000000,3993.000000,1680.000000,0.000000,0.000000,0.000000,0.000000,0.000000,0.000000,0.000000,0.000000,0.000000,-0.250000,13.960000,-1.400000,-0.600000,-1.010000,0.650000,38.880000,-27.190000,-2.060000
4.348000,152779.000000,0.000000,0.000000,3010.000000,797.000000,3786.000000,1744.000000,0.000000,0.000000,0.000000,0.000000,0.000000,0.000000,0.000000,0.000000,0.000000,-0.250000,13.960000,-1.400000,-0.600000,-1.010000,0.650000,38.880000,-27.190000,-2.060000
4.350000,152780.000000,14.000000,0.000000,3209.000000,880.000000,3669.000000,1791.000000,0.000000,0.000000,0.000000,0.000000,0.000000,0.000000,0.000000,0.000000,0.000000,1.780000,15.100000,-7.620000,0.170000,0.070000,0.480000,38.880000,-27.190000,-2.060000
4.352000,152781.000000,0.000000,0.000000,3497.000000,928.000000,3567.000000,1841.000000,0.000000,0.000000,0.000000,0.000000,0.000000,0.000000,0.000000,0.000000,0.000000,1.780000,15.100000,-7.620000,0.170000,0.070000,0.480000,38.880000,-27.190000,-2.060000
4.354000,152782.000000,17.000000,17.000000,3775.000000,1133.000000,3527.000000,2145.000000,0.000000,0.000000,0.000000,0.000000,0.000000,0.000000,0.000000,0.000000,0.000000,1.780000,15.100000,-7.620000,0.170000,0.070000,0.480000,38.880000,-27.190000,-2.060000
4.356000,152783.000000,29.000000,175.000000,4095.000000,1258.000000,3433.000000,2258.000000,0.000000,0.000000,0.000000,0.000000,0.000000,0.000000,0.000000,0.000000,0.000000,1.780000,15.100000,-7.620000,0.170000,0.070000,0.480000,38.880000,-27.190000,-2.060000
4.358000,152784.000000,16.000000,352.000000,4095.000000,1201.000000,3410.000000,2096.000000,0.000000,0.000000,0.000000,0.000000,0.000000,0.000000,0.000000,0.000000,0.000000,1.780000,15.100000,-7.620000,0.170000,0.070000,0.480000,38.880000,-27.190000,-2.060000
4.360000,152785.000000,194.000000,529.000000,4095.000000,1010.000000,3374.000000,1802.000000,0.000000,0.000000,0.000000,0.000000,0.000000,0.000000,0.000000,0.000000,0.000000,-1.940000,14.150000,-9.280000,0.170000,0.070000,0.480000,38.880000,-27.190000,-2.060000
4.362000,152786.000000,0.000000,735.000000,4095.000000,795.000000,3245.000000,1535.000000,0.000000,0.000000,0.000000,0.000000,0.000000,0.000000,0.000000,0.000000,0.000000,-1.940000,14.150000,-9.280000,0.170000,0.070000,0.480000,38.880000,-27.190000,-2.060000
4.364000,152787.000000,0.000000,905.000000,4095.000000,755.000000,3142.000000,1505.000000,0.000000,0.000000,0.000000,0.000000,0.000000,0.000000,0.000000,0.000000,0.000000,-1.940000,14.150000,-9.280000,0.170000,0.070000,0.480000,38.880000,-27.190000,-2.060000
4.366000,152788.000000,0.000000,1100.000000,4095.000000,827.000000,2996.000000,1680.000000,0.000000,0.000000,0.000000,0.000000,0.000000,0.000000,0.000000,0.000000,0.000000,-1.940000,14.150000,-9.280000,0.170000,0.070000,0.480000,38.880000,-27.190000,-2.060000
4.368000,152789.000000,0.000000,1276.000000,4095.000000,913.000000,2912.000000,1797.000000,0.000000,0.000000,0.000000,0.000000,0.000000,0.000000,0.000000,0.000000,0.000000,-1.940000,14.150000,-9.280000,0.170000,0.070000,0.480000,38.880000,-27.190000,-2.060000
4.370000,152790.000000,401.000000,1403.000000,4095.000000,961.000000,2815.000000,1847.000000,0.000000,0.000000,0.000000,0.000000,0.000000,0.000000,0.000000,0.000000,0.000000,-5.750000,11.010000,-6.170000,0.810000,0.530000,0.380000,38.880000,-27.190000,-2.060000
4.372000,152791.000000,16.000000,1565.000000,4095.000000,1014.000000,2661.000000,1924.000000,0.000000,0.000000,0.000000,0.000000,0.000000,0.000000,0.000000,0.000000,0.000000,-5.750000,11.010000,-6.170000,0.810000,0.530000,0.380000,38.880000,-27.190000,-2.060000
4.374000,152792.000000,34.000000,1673.000000,4095.000000,1234.000000,2509.000000,2243.000000,0.000000,0.000000,0.000000,0.000000,0.000000,0.000000,0.000000,0.000000,0.000000,-5.750000,11.010000,-6.170000,0.810000,0.530000,0.380000,38.880000,-27.190000,-2.060000
4.376000,152793.000000,44.000000,1766.000000,4095.000000,1328.000000,2391.000000,2365.000000,0.000000,0.000000,0.000000,0.000000,0.000000,0.000000,0.000000,0.000000,0.000000,-5.750000,11.010000,-6.170000,0.810000,0.530000,0.380000,38.880000,-27.190000,-2.060000
4.378000,152794.000000,37.000000,1797.000000,4095.000000,1243.000000,2238.000000,2242.000000,0.000000,0.000000,0.000000,0.000000,0.000000,0.000000,0.000000,0.000000,0.000000,-5.750000,11.010000,-6.170000,0.810000,0.530000,0.380000,38.880000,-27.190000,-2.060000
4.380000,152795.000000,570.000000,1793.000000,4095.000000,883.000000,2086.000000,1895.000000,0.000000,0.000000,0.000000,0.000000,0.000000,0.000000,0.000000,0.000000,0.000000,-4.670000,7.760000,-0.920000,0.810000,-0.150000,-0.040000,38.880000,-27.190000,-2.060000
4.382000,152796.000000,0.000000,1723.000000,4095.000000,816.000000,1903.000000,1621.000000,0.000000,0.000000,0.000000,0.000000,0.000000,0.000000,0.000000,0.000000,0.000000,-4.670000,7.760000,-0.920000,0.810000,-0.150000,-0.040000,38.880000,-27.190000,-2.060000
4.384000,152797.000000,0.000000,1616.000000,3853.000000,720.000000,1719.000000,1535.000000,0.000000,0.000000,0.000000,0.000000,0.000000,0.000000,0.000000,0.000000,0.000000,-4.670000,7.760000,-0.920000,0.810000,-0.150000,-0.040000,38.880000,-27.190000,-2.060000
4.386000,152798.000000,0.000000,1475.000000,3622.000000,695.000000,1519.000000,1661.000000,0.000000,0.000000,0.000000,0.000000,0.000000,0.000000,0.000000,0.000000,0.000000,-4.670000,7.760000,-0.920000,0.810000,-0.150000,-0.040000,38.880000,-27.190000,-2.060000
4.388000,152799.000000,0.000000,1401.000000,3442.000000,783.000000,1346.000000,1776.000000,0.000000,0.000000,0.000000,0.000000,0.000000,0.000000,0.000000,0.000000,0.000000,-4.670000,7.760000,-0.920000,0.810000,-0.150000,-0.040000,38.880000,-27.190000,-2.060000
4.390000,152800.000000,14.000000,1360.000000,3330.000000,771.000000,1179.000000,1799.000000,0.000000,0.000000,0.000000,0.000000,0.000000,0.000000,0.000000,0.000000,0.000000,-0.710000,2.670000,5.850000,0.480000,-1.280000,-0.400000,37.380000,-28.560000,-2.880000
4.392000,152801.000000,16.000000,1366.000000,3216.000000,807.000000,986.000000,1861.000000,0.000000,0.000000,0.000000,0.000000,0.000000,0.000000,0.000000,0.000000,0.000000,-0.710000,2.670000,5.850000,0.480000,-1.280000,-0.400000,37.380000,-28.560000,-2.880000
4.394000,152802.000000,36.000000,1363.000000,3111.000000,941.000000,889.000000,2128.000000,0.000000,0.000000,0.000000,0.000000,0.000000,0.000000,0.000000,0.000000,0.000000,-0.710000,2.670000,5.850000,0.480000,-1.280000,-0.400000,37.380000,-28.560000,-2.880000
4.396000,152803.000000,33.000000,1392.000000,3033.000000,1017.000000,722.000000,2222.000000,0.000000,0.000000,0.000000,0.000000,0.000000,0.000000,0.000000,0.000000,0.000000,-0.710000,2.670000,5.850000,0.480000,-1.280000,-0.400000,37.380000,-28.560000,-2.880000
4.398000,152804.000000,19.000000,1445.000000,2983.000000,916.000000,609.000000,2043.000000,0.000000,0.000000,0.000000,0.000000,0.000000,0.000000,0.000000,0.000000,0.000000,-0.710000,2.670000,5.850000,0.480000,-1.280000,-0.400000,37.380000,-28.560000,-2.880000
4.400000,152805.000000,448.000000,1497.000000,2930.000000,739.000000,494.000000,1749.000000,0.000000,0.000000,0.000000,0.000000,0.000000,0.000000,0.000000,0.000000,0.000000,1.180000,2.160000,6.850000,-0.370000,-1.350000,-0.110000,37.380000,-28.560000,-2.880000
4.402000,152806.000000,0.000000,1489.000000,2853.000000,494.000000,313.000000,1406.000000,0.000000,0.000000,0.000000,0.000000,0.000000,0.000000,0.000000,0.000000,0.000000,1.180000,2.160000,6.850000,-0.370000,-1.350000,-0.110000,37.380000,-28.560000,-2.880000
4.404000,152807.000000,0.000000,1495.000000,2770.000000,439.000000,158.000000,1327.000000,0.000000,0.000000,0.000000,0.000000,0.000000,0.000000,0.000000,0.000000,0.000000,1.180000,2.160000,6.850000,-0.370000,-1.350000,-0.110000,37.380000,-28.560000,-2.880000
4.406000,152808.000000,0.000000,1483.000000,2729.000000,502.000000,3.000000,1463.000000,0.000000,0.000000,0.000000,0.000000,0.000000,0.000000,0.000000,0.000000,0.000000,1.180000,2.160000,6.850000,-0.370000,-1.350000,-0.110000,37.380000,-28.560000,-2.880000
4.408000,152809.000000,0.000000,1520.000000,2668.000000,551.000000,0.000000,1574.000000,0.000000,0.000000,0.000000,0.000000,0.000000,0.000000,0.000000,0.000000,0.000000,1.180000,2.160000,6.850000,-0.370000,-1.350000,-0.110000,37.380000,-28.560000,-2.880000
4.410000,152810.000000,51.000000,1489.000000,2694.000000,607.000000,0.000000,1643.000000,0.000000,0.000000,0.000000,0.000000,0.000000,0.000000,0.000000,0.000000,0.000000,2.630000,3.460000,5.760000,-0.370000,-1.350000,-0.110000,37.380000,-28.560000,-2.880000
4.412000,152811.000000,0.000000,1511.000000,2663.000000,666.000000,0.000000,1713.000000,0.000000,0.000000,0.000000,0.000000,0.000000,0.000000,0.000000,0.000000,0.000000,2.630000,3.460000,5.760000,-0.370000,-1.350000,-0.110000,37.380000,-28.560000,-2.880000
4.414000,152812.000000,19.000000,1482.000000,2699.000000,870.000000,0.000000,2079.000000,0.000000,0.000000,0.000000,0.000000,0.000000,0.000000,0.000000,0.000000,0.000000,2.630000,3.460000,5.760000,-0.370000,-1.350000,-0.110000,37.380000,-28.560000,-2.880000
4.416000,152813.000000,19.000000,1465.000000,2720.000000,1013.000000,0.000000,2144.000000,0.000000,0.000000,0.000000,0.000000,0.000000,0.000000,0.000000,0.000000,0.000000,2.630000,3.460000,5.760000,-0.370000,-1.350000,-0.110000,37.380000,-28.560000,-2.880000
4.418000,152814.000000,14.000000,1446.000000,2767.000000,955.000000,0.000000,2004.000000,0.000000,0.000000,0.000000,0.000000,0.000000,0.000000,0.000000,0.000000,0.000000,2.630000,3.460000,5.760000,-0.370000,-1.350000,-0.110000,37.380000,-28.560000,-2.880000
4.420000,152815.000000,400.000000,1444.000000,2762.000000,784.000000,0.000000,1681.000000,0.000000,0.000000,0.000000,0.000000,0.000000,0.000000,0.000000,0.000000,0.000000,2.860000,6.090000,3.360000,-0.890000,-0.100000,0.190000,37.380000,-28.560000,-2.880000
4.422000,152816.000000,0.000000,1404.000000,2800.000000,582.000000,0.000000,1440.000000,0.000000,0.000000,0.000000,0.000000,0.000000,0.000000,0.000000,0.000000,0.000000,2.860000,6.090000,3.360000,-0.890000,-0.100000,0.190000,37.380000,-28.560000,-2.880000
4.424000,152817.000000,0.000000,1328.000000,2859.000000,510.000000,0.000000,1392.000000,0.000000,0.000000,0.000000,0.000000,0.000000,0.000000,0.000000,0.000000,0.000000,2.860000,6.090000,3.360000,-0.890000,-0.100000,0.190000,37.380000,-28.560000,-2.880000
4.426000,152818.000000,0.000000,1251.000000,2880.000000,617.000000,0.000000,1520.000000,0.000000,0.000000,0.000000,0.000000,0.000000,0.000000,0.000000,0.000000,0.000000,2.860000,6.090000,3.360000,-0.890000,-0.100000,0.190000,37.380000,-28.560000,-2.880000
4.428000,152819.000000,0.000000,1168.000000,2901.000000,687.000000,0.000000,1613.000000,0.000000,0.000000,0.000000,0.000000,0.000000,0.000000,0.000000,0.000000,0.000000,2.860000,6.090000,3.360000,-0.890000,-0.100000,0.190000,37.380000,-28.560000,-2.880000
4.430000,152820.000000,11.000000,1125.000000,2940.000000,771.000000,0.000000,1697.000000,0.000000,0.000000,0.000000,0.000000,0.000000,0.000000,0.000000,0.000000,0.000000,2.540000,9.540000,1.990000,-1.070000,1.160000,0.440000,37.380000,-28.560000,-2.880000
4.432000,152821.000000,0.000000,1093.000000,2950.000000,817.000000,0.000000,1793.000000,0.000000,0.000000,0.000000,0.000000,0.000000,0.000000,0.000000,0.000000,0.000000,2.540000,9.540000,1.990000,-1.070000,1.160000,0.440000,37.380000,-28.560000,-2.880000
4.434000,152822.000000,22.000000,1043.000000,2992.000000,1047.000000,0.000000,2202.000000,0.000000,0.000000,0.000000,0.000000,0.000000,0.000000,0.000000,0.000000,0.000000,2.540000,9.540000,1.990000,-1.070000,1.160000,0.440000,37.380000,-28.560000,-2.880000
4.436000,152823.000000,25.000000,1062.000000,3025.000000,1194.000000,0.000000,2122.000000,0.000000,0.000000,0.000000,0.000000,0.000000,0.000000,0.000000,0.000000,0.000000,2.540000,9.540000,1.990000,-1.070000,1.160000,0.440000,37.380000,-28.560000,-2.880000
4.438000,152824.000000,6.000000,1115.000000,3063.000000,1078.000000,0.000000,1931.000000,0.000000,0.000000,0.000000,0.000000,0.000000,0.000000,0.000000,0.000000,0.000000,2.540000,9.540000,1.990000,-1.070000,1.160000,0.440000,37.380000,-28.560000,-2.880000
4.440000,152825.000000,0.000000,1150.000000,3083.000000,848.000000,0.000000,1531.000000,0.000000,0.000000,0.000000,0.000000,0.000000,0.000000,0.000000,0.000000,0.000000,3.390000,10.390000,0.750000,-1.080000,1.370000,0.610000,38.750000,-27.060000,-3.250000
4.442000,152826.000000,0.000000,1230.000000,3043.000000,663.000000,0.000000,1408.000000,0.000000,0.000000,0.000000,0.000000,0.000000,0.000000,0.000000,0.000000,0.000000,3.390000,10.390000,0.750000,-1.080000,1.370000,0.610000,38.750000,-27.060000,-3.250000
4.444000,152827.000000,0.000000,1290.000000,2960.000000,592.000000,0.000000,1404.000000,0.000000,0.000000,0.000000,0.000000,0.000000,0.000000,0.000000,0.000000,0.000000,3.390000,10.390000,0.750000,-1.080000,1.370000,0.610000,38.750000,-27.060000,-3.250000
4.446000,152828.000000,0.000000,1357.000000,2955.000000,661.000000,0.000000,1520.000000,0.000000,0.000000,0.000000,0.000000,0.000000,0.000000,0.000000,0.000000,0.000000,3.390000,10.390000,0.750000,-1.080000,1.370000,0.610000,38.750000,-27.060000,-3.250000
4.448000,152829.000000,0.000000,1431.000000,2880.000000,716.000000,0.000000,1591.000000,0.000000,0.000000,0.000000,0.000000,0.000000,0.000000,0.000000,0.000000,0.000000,3.390000,10.390000,0.750000,-1.080000,1.370000,0.610000,38.750000,-27.060000,-3.250000
4.450000,152830.000000,469.000000,1577.000000,2811.000000,773.000000,0.000000,1696.000000,0.000000,0.000000,0.000000,0.000000,0.000000,0.000000,0.000000,0.000000,0.000000,4.580000,11.240000,-0.960000,-1.030000,0.900000,0.710000,38.750000,-27.060000,-3.250000
4.452000,152831.000000,14.000000,1722.000000,2722.000000,842.000000,0.000000,1825.000000,0.000000,0.000000,0.000000,0.000000,0.000000,0.000000,0.000000,0.000000,0.000000,4.580000,11.240000,-0.960000,-1.030000,0.900000,0.710000,38.750000,-27.060000,-3.250000
4.454000,152832.000000,44.000000,1857.000000,2624.000000,1043.000000,0.000000,2291.000000,0.000000,0.000000,0.000000,0.000000,0.000000,0.000000,0.000000,0.000000,0.000000,4.580000,11.240000,-0.960000,-1.030000,0.900000,0.710000,38.750000,-27.060000,-3.250000
4.456000,152833.000000,30.000000,1968.000000,2559.000000,1183.000000,0.000000,2216.000000,0.000000,0.000000,0.000000,0.000000,0.000000,0.000000,0.000000,0.000000,0.000000,4.580000,11.240000,-0.960000,-1.030000,0.900000,0.710000,38.750000,-27.060000,-3.250000
4.458000,152834.000000,16.000000,2126.000000,2453.000000,1131.000000,0.000000,1920.000000,0.000000,0.000000,0.000000,0.000000,0.000000,0.000000,0.000000,0.000000,0.000000,4.580000,11.240000,-0.960000,-1.030000,0.900000,0.710000,38.750000,-27.060000,-3.250000
4.460000,152835.000000,689.000000,2218.000000,2359.000000,940.000000,0.000000,1451.000000,0.000000,0.000000,0.000000,0.000000,0.000000,0.000000,0.000000,0.000000,0.000000,5.100000,11.400000,-0.930000,-0.920000,0.220000,0.700000,38.750000,-27.060000,-3.250000
4.462000,152836.000000,0.000000,2301.000000,2161.000000,736.000000,16.000000,1347.000000,0.000000,0.000000,0.000000,0.000000,0.000000,0.000000,0.000000,0.000000,0.000000,5.100000,11.400000,-0.930000,-0.920000,0.220000,0.700000,38.750000,-27.060000,-3.250000
4.464000,152837.000000,0.000000,2365.000000,2033.000000,642.000000,162.000000,1454.000000,0.000000,0.000000,0.000000,0.000000,0.000000,0.000000,0.000000,0.000000,0.000000,5.100000,11.400000,-0.930000,-0.920000,0.220000,0.700000,38.750000,-27.060000,-3.250000
4.466000,152838.000000,0.000000,2366.000000,1876.000000,660.000000,295.000000,1642.000000,0.000000,0.000000,0.000000,0.000000,0.000000,0.000000,0.000000,0.000000,0.000000,5.100000,11.400000,-0.930000,-0.920000,0.220000,0.700000,38.750000,-27.060000,-3.250000
4.468000,152839.000000,0.000000,2381.000000,1709.000000,733.000000,413.000000,1696.000000,0.000000,0.000000,0.000000,0.000000,0.000000,0.000000,0.000000,0.000000,0.000000,5.100000,11.400000,-0.930000,-0.920000,0.220000,0.700000,38.750000,-27.060000,-3.250000
4.470000,152840.000000,767.000000,2416.000000,1630.000000,766.000000,523.000000,1751.000000,0.000000,0.000000,0.000000,0.000000,0.000000,0.000000,0.000000,0.000000,0.000000,2.940000,10.270000,0.630000,-0.800000,-0.330000,0.570000,38.750000,-27.060000,-3.250000
4.472000,152841.000000,39.000000,2413.000000,1509.000000,844.000000,640.000000,1827.000000,0.000000,0.000000,0.000000,0.000000,0.000000,0.000000,0.000000,0.000000,0.000000,2.940000,10.270000,0.630000,-0.800000,-0.330000,0.570000,38.750000,-27.060000,-3.250000
4.474000,152842.000000,48.000000,2418.000000,1458.000000,1037.000000,707.000000,2350.000000,0.000000,0.000000,0.000000,0.000000,0.000000,0.000000,0.000000,0.000000,0.000000,2.940000,10.270000,0.630000,-0.800000,-0.330000,0.570000,38.750000,-27.060000,-3.250000
4.476000,152843.000000,51.000000,2432.000000,1443.000000,1199.000000,782.000000,2223.000000,0.000000,0.000000,0.000000,0.000000,0.000000,0.000000,0.000000,0.000000,0.000000,2.940000,10.270000,0.630000,-0.800000,-0.330000,0.570000,38.750000,-27.060000,-3.250000
4.478000,152844.000000,22.000000,2481.000000,1458.000000,1135.000000,851.000000,1975.000000,0.000000,0.000000,0.000000,0.000000,0.000000,0.000000,0.000000,0.000000,0.000000,2.940000,10.270000,0.630000,-0.800000,-0.330000,0.570000,38.750000,-27.060000,-3.250000
4.480000,152845.000000,74.000000,2493.000000,1479.000000,920.000000,896.000000,1440.000000,0.000000,0.000000,0.000000,0.000000,0.000000,0.000000,0.000000,0.000000,0.000000,1.000000,10.120000,0.420000,-0.640000,-0.550000,0.380000,38.750000,-27.060000,-3.250000
4.482000,152846.000000,0.000000,2482.000000,1526.000000,714.000000,899.000000,1408.000000,0.000000,0.000000,0.000000,0.000000,0.000000,0.000000,0.000000,0.000000,0.000000,1.000000,10.120000,0.420000,-0.640000,-0.550000,0.380000,38.750000,-27.060000,-3.250000
4.484000,152847.000000,0.000000,2478.000000,1535.000000,611.000000,841.000000,1473.000000,0.000000,0.000000,0.000000,0.000000,0.000000,0.000000,0.000000,0.000000,0.000000,1.000000,10.120000,0.420000,-0.640000,-0.550000,0.380000,38.750000,-27.060000,-3.250000
4.486000,152848.000000,0.000000,2433.000000,1525.000000,670.000000,827.000000,1618.000000,0.000000,0.000000,0.000000,0.000000,0.000000,0.000000,0.000000,0.000000,0.000000,1.000000,10.120000,0.420000,-0.640000,-0.550000,0.380000,38.750000,-27.060000,-3.250000
4.488000,152849.000000,0.000000,2465.000000,1565.000000,795.000000,769.000000,1717.000000,0.000000,0.000000,0.000000,0.000000,0.000000,0.000000,0.000000,0.000000,0.000000,1.000000,10.120000,0.420000,-0.640000,-0.550000,0.380000,38.750000,-27.060000,-3.250000
4.490000,152850.000000,41.000000,2415.000000,1535.000000,833.000000,722.000000,1757.000000,0.000000,0.000000,0.000000,0.000000,0.000000,0.000000,0.000000,0.000000,0.000000,-0.600000,9.620000,0.260000,-0.480000,-0.660000,0.150000,39.250000,-26.690000,-2.060000
4.492000,152851.000000,17.000000,2404.000000,1579.000000,901.000000,704.000000,1866.000000,0.000000,0.000000,0.000000,0.000000,0.000000,0.000000,0.000000,0.000000,0.000000,-0.600000,9.620000,0.260000,-0.480000,-0.660000,0.150000,39.250000,-26.690000,-2.060000
4.494000,152852.000000,71.000000,2433.000000,1619.000000,1083.000000,627.000000,2321.000000,0.000000,0.000000,0.000000,0.000000,0.000000,0.000000,0.000000,0.000000,0.000000,-0.600000,9.620000,0.260000,-0.480000,-0.660000,0.150000,39.250000,-26.690000,-2.060000
4.496000,152853.000000,42.000000,2432.000000,1682.000000,1189.000000,599.000000,2214.000000,0.000000,0.000000,0.000000,0.000000,0.000000,0.000000,0.000000,0.000000,0.000000,-0.600000,9.620000,0.260000,-0.480000,-0.660000,0.150000,39.250000,-26.690000,-2.060000
4.498000,152854.000000,20.000000,2453.000000,1756.000000,1104.000000,535.000000,1951.000000,0.000000,0.000000,0.000000,0.000000,0.000000,0.000000,0.000000,0.000000,0.000000,-0.600000,9.620000,0.260000,-0.480000,-0.660000,0.150000,39.250000,-26.690000,-2.060000
4.500000,152855.000000,762.000000,2443.000000,1803.000000,912.000000,481.000000,1486.000000,0.000000,0.000000,0.000000,0.000000,0.000000,0.000000,0.000000,0.000000,0.000000,-1.050000,8.700000,0.570000,-0.390000,-0.860000,-0.060000,39.250000,-26.690000,-2.060000
4.502000,152856.000000,0.000000,2397.000000,1859.000000,687.000000,384.000000,1287.000000,0.000000,0.000000,0.000000,0.000000,0.000000,0.000000,0.000000,0.000000,0.000000,-1.050000,8.700000,0.570000,-0.390000,-0.860000,-0.060000,39.250000,-26.690000,-2.060000
4.504000,152857.000000,0.000000,2321.000000,1872.000000,629.000000,292.000000,1468.000000,0.000000,0.000000,0.000000,0.000000,0.000000,0.000000,0.000000,0.000000,0.000000,-1.050000,8.700000,0.570000,-0.390000,-0.860000,-0.060000,39.250000,-26.690000,-2.060000
4.506000,152858.000000,0.000000,2263.000000,1885.000000,686.000000,205.000000,1617.000000,0.000000,0.000000,0.000000,0.000000,0.000000,0.000000,0.000000,0.000000,0.000000,-1.050000,8.700000,0.570000,-0.390000,-0.860000,-0.060000,39.250000,-26.690000,-2.060000
4.508000,152859.000000,0.000000,2223.000000,1919.000000,720.000000,127.000000,1695.000000,0.000000,0.000000,0.000000,0.000000,0.000000,0.000000,0.000000,0.000000,0.000000,-1.050000,8.700000,0.570000,-0.390000,-0.860000,-0.060000,39.250000,-26.690000,-2.060000
4.510000,152860.000000,698.000000,2188.000000,1945.000000,790.000000,55.000000,1738.000000,0.000000,0.000000,0.000000,0.000000,0.000000,0.000000,0.000000,0.000000,0.000000,-0.200000,7.550000,1.760000,-0.380000,-0.960000,-0.210000,39.250000,-26.690000,-2.060000
4.512000,152861.000000,27.000000,2128.000000,1975.000000,849.000000,7.000000,1836.000000,0.000000,0.000000,0.000000,0.000000,0.000000,0.000000,0.000000,0.000000,0.000000,-0.200000,7.550000,1.760000,-0.380000,-0.960000,-0.210000,39.250000,-26.690000,-2.060000
4.514000,152862.000000,39.000000,2101.000000,1997.000000,1038.000000,0.000000,2277.000000,0.000000,0.000000,0.000000,0.000000,0.000000,0.000000,0.000000,0.000000,0.000000,-0.200000,7.550000,1.760000,-0.380000,-0.960000,-0.210000,39.250000,-26.690000,-2.060000
4.516000,152863.000000,42.000000,2087.000000,2023.000000,1168.000000,0.000000,2165.000000,0.000000,0.000000,0.000000,0.000000,0.000000,0.000000,0.000000,0.000000,0.000000,-0.200000,7.550000,1.760000,-0.380000,-0.960000,-0.210000,39.250000,-26.690000,-2.060000
4.518000,152864.000000,12.000000,2079.000000,2045.000000,1099.000000,0.000000,1912.000000,0.000000,0.000000,0.000000,0.000000,0.000000,0.000000,0.000000,0.000000,0.000000,-0.200000,7.550000,1.760000,-0.380000,-0.960000,-0.210000,39.250000,-26.690000,-2.060000
4.520000,152865.000000,639.000000,2065.000000,2141.000000,880.000000,0.000000,1439.000000,0.000000,0.000000,0.000000,0.000000,0.000000,0.000000,0.000000,0.000000,0.000000,0.440000,7.390000,2.270000,-0.410000,-0.900000,-0.220000,39.250000,-26.690000,-2.060000
4.522000,152866.000000,0.000000,2000.000000,2055.000000,627.000000,0.000000,1334.000000,0.000000,0.000000,0.000000,0.000000,0.000000,0.000000,0.000000,0.000000,0.000000,0.440000,7.390000,2.270000,-0.410000,-0.900000,-0.220000,39.250000,-26.690000,-2.060000
4.524000,152867.000000,0.000000,1956.000000,2036.000000,574.000000,0.000000,1422.000000,0.000000,0.000000,0.000000,0.000000,0.000000,0.000000,0.000000,0.000000,0.000000,0.440000,7.390000,2.270000,-0.410000,-0.900000,-0.220000,39.250000,-26.690000,-2.060000
4.526000,152868.000000,0.000000,1907.000000,2026.000000,624.000000,0.000000,1595.000000,0.000000,0.000000,0.000000,0.000000,0.000000,0.000000,0.000000,0.000000,0.000000,0.440000,7.390000,2.270000,-0.410000,-0.900000,-0.220000,39.250000,-26.690000,-2.060000
4.528000,152869.000000,0.000000,1853.000000,2030.000000,703.000000,0.000000,1653.000000,0.000000,0.000000,0.000000,0.000000,0.000000,0.000000,0.000000,0.000000,0.000000,0.440000,7.390000,2.270000,-0.410000,-0.900000,-0.220000,39.250000,-26.690000,-2.060000
4.530000,152870.000000,0.000000,1840.000000,1995.000000,721.000000,0.000000,1709.000000,0.000000,0.000000,0.000000,0.000000,0.000000,0.000000,0.000000,0.000000,0.000000,0.670000,7.700000,2.490000,-0.540000,-0.670000,-0.110000,39.250000,-26.690000,-2.060000
4.532000,152871.000000,57.000000,1791.000000,1969.000000,811.000000,0.000000,1808.000000,0.000000,0.000000,0.000000,0.000000,0.000000,0.000000,0.000000,0.000000,0.000000,0.670000,7.700000,2.490000,-0.540000,-0.670000,-0.110000,39.250000,-26.690000,-2.060000
4.534000,152872.000000,33.000000,1789.000000,1984.000000,995.000000,0.000000,2266.000000,0.000000,0.000000,0.000000,0.000000,0.000000,0.000000,0.000000,0.000000,0.000000,0.670000,7.700000,2.490000,-0.540000,-0.670000,-0.110000,39.250000,-26.690000,-2.060000
4.536000,152873.000000,26.000000,1824.000000,1956.000000,1136.000000,0.000000,2131.000000,0.000000,0.000000,0.000000,0.000000,0.000000,0.000000,0.000000,0.000000,0.000000,0.670000,7.700000,2.490000,-0.540000,-0.670000,-0.110000,39.250000,-26.690000,-2.060000
4.538000,152874.000000,3.000000,1830.000000,1966.000000,1072.000000,0.000000,1907.000000,0.000000,0.000000,0.000000,0.000000,0.000000,0.000000,0.000000,0.000000,0.000000,0.670000,7.700000,2.490000,-0.540000,-0.670000,-0.110000,39.250000,-26.690000,-2.060000
4.540000,152875.000000,0.000000,1867.000000,1944.000000,887.000000,0.000000,1399.000000,0.000000,0.000000,0.000000,0.000000,0.000000,0.000000,0.000000,0.000000,0.000000,1.220000,9.190000,2.140000,-0.710000,-0.400000,0.050000,38.190000,-27.060000,-5.000000
4.542000,152876.000000,0.000000,1820.000000,1936.000000,677.000000,0.000000,1333.000000,0.000000,0.000000,0.000000,0.000000,0.000000,0.000000,0.000000,0.000000,0.000000,1.220000,9.190000,2.140000,-0.710000,-0.400000,0.050000,38.190000,-27.060000,-5.000000
4.544000,152877.000000,0.000000,1796.000000,1873.000000,594.000000,0.000000,1383.000000,0.000000,0.000000,0.000000,0.000000,0.000000,0.000000,0.000000,0.000000,0.000000,1.220000,9.190000,2.140000,-0.710000,-0.400000,0.050000,38.190000,-27.060000,-5.000000
4.546000,152878.000000,0.000000,1789.000000,1837.000000,651.000000,0.000000,1535.000000,0.000000,0.000000,0.000000,0.000000,0.000000,0.000000,0.000000,0.000000,0.000000,1.220000,9.190000,2.140000,-0.710000,-0.400000,0.050000,38.190000,-27.060000,-5.000000
4.548000,152879.000000,0.000000,1766.000000,1744.000000,715.000000,0.000000,1628.000000,0.000000,0.000000,0.000000,0.000000,0.000000,0.000000,0.000000,0.000000,0.000000,1.220000,9.190000,2.140000,-0.710000,-0.400000,0.050000,38.190000,-27.060000,-5.000000
4.550000,152880.000000,575.000000,1841.000000,1737.000000,773.000000,0.000000,1661.000000,0.000000,0.000000,0.000000,0.000000,0.000000,0.000000,0.000000,0.000000,0.000000,1.850000,9.910000,1.540000,-0.860000,-0.150000,0.200000,38.190000,-27.060000,-5.000000
4.552000,152881.000000,10.000000,1872.000000,1694.000000,845.000000,0.000000,1778.000000,0.000000,0.000000,0.000000,0.000000,0.000000,0.000000,0.000000,0.000000,0.000000,1.850000,9.910000,1.540000,-0.860000,-0.150000,0.200000,38.190000,-27.060000,-5.000000
4.554000,152882.000000,36.000000,1899.000000,1616.000000,1053.000000,0.000000,2235.000000,0.000000,0.000000,0.000000,0.000000,0.000000,0.000000,0.000000,0.000000,0.000000,1.850000,9.910000,1.540000,-0.860000,-0.150000,0.200000,38.190000,-27.060000,-5.000000
4.556000,152883.000000,19.000000,1962.000000,1600.000000,1217.000000,0.000000,2154.000000,0.000000,0.000000,0.000000,0.000000,0.000000,0.000000,0.000000,0.000000,0.000000,1.850000,9.910000,1.540000,-0.860000,-0.150000,0.200000,38.190000,-27.060000,-5.000000
4.558000,152884.000000,15.000000,2015.000000,1611.000000,1159.000000,0.000000,1886.000000,0.000000,0.000000,0.000000,0.000000,0.000000,0.000000,0.000000,0.000000,0.000000,1.850000,9.910000,1.540000,-0.860000,-0.150000,0.200000,38.190000,-27.060000,-5.000000
4.560000,152885.000000,634.000000,2059.000000,1645.000000,971.000000,0.000000,1421.000000,0.000000,0.000000,0.000000,0.000000,0.000000,0.000000,0.000000,0.000000,0.000000,2.350000,10.190000,1.210000,-0.990000,0.090000,0.310000,38.190000,-27.060000,-5.000000
4.562000,152886.000000,0.000000,2096.000000,1584.000000,743.000000,0.000000,1322.000000,0.000000,0.000000,0.000000,0.000000,0.000000,0.000000,0.000000,0.000000,0.000000,2.350000,10.190000,1.210000,-0.990000,0.090000,0.310000,38.190000,-27.060000,-5.000000
4.564000,152887.000000,0.000000,2125.000000,1555.000000,667.000000,0.000000,1392.000000,0.000000,0.000000,0.000000,0.000000,0.000000,0.000000,0.000000,0.000000,0.000000,2.350000,10.190000,1.210000,-0.990000,0.090000,0.310000,38.190000,-27.060000,-5.000000
4.566000,152888.000000,0.000000,2129.000000,1535.000000,704.000000,0.000000,1573.000000,0.000000,0.000000,0.000000,0.000000,0.000000,0.000000,0.000000,0.000000,0.000000,2.350000,10.190000,1.210000,-0.990000,0.090000,0.310000,38.190000,-27.060000,-5.000000
4.568000,152889.000000,0.000000,2146.000000,1472.000000,789.000000,0.000000,1651.000000,0.000000,0.000000,0.000000,0.000000,0.000000,0.000000,0.000000,0.000000,0.000000,2.350000,10.190000,1.210000,-0.990000,0.090000,0.310000,38.190000,-27.060000,-5.000000
4.570000,152890.000000,674.000000,2154.000000,1451.000000,827.000000,0.000000,1685.000000,0.000000,0.000000,0.000000,0.000000,0.000000,0.000000,0.000000,0.000000,0.000000,2.460000,10.420000,1.340000,-1.050000,0.270000,0.360000,38.190000,-27.060000,-5.000000
4.572000,152891.000000,19.000000,2160.000000,1423.000000,876.000000,0.000000,1782.000000,0.000000,0.000000,0.000000,0.000000,0.000000,0.000000,0.000000,0.000000,0.000000,2.460000,10.420000,1.340000,-1.050000,0.270000,0.360000,38.190000,-27.060000,-5.000000
4.574000,152892.000000,34.000000,2170.000000,1392.000000,1054.000000,48.000000,2261.000000,0.000000,0.000000,0.000000,0.000000,0.000000,0.000000,0.000000,0.000000,0.000000,2.460000,10.420000,1.340000,-1.050000,0.270000,0.360000,38.190000,-27.060000,-5.000000
4.576000,152893.000000,42.000000,2193.000000,1362.000000,1229.000000,178.000000,2180.000000,0.000000,0.000000,0.000000,0.000000,0.000000,0.000000,0.000000,0.000000,0.000000,2.460000,10.420000,1.340000,-1.050000,0.270000,0.360000,38.190000,-27.060000,-5.000000
4.578000,152894.000000,14.000000,2226.000000,1362.000000,1139.000000,287.000000,1936.000000,0.000000,0.000000,0.000000,0.000000,0.000000,0.000000,0.000000,0.000000,0.000000,2.460000,10.420000,1.340000,-1.050000,0.270000,0.360000,38.190000,-27.060000,-5.000000
4.580000,152895.000000,0.000000,2243.000000,1364.000000,929.000000,425.000000,1424.000000,0.000000,0.000000,0.000000,0.000000,0.000000,0.000000,0.000000,0.000000,0.000000,1.910000,10.200000,1.650000,-1.050000,0.300000,0.360000,38.190000,-27.060000,-5.000000
4.582000,152896.000000,17.000000,2256.000000,1317.000000,731.000000,496.000000,1372.000000,0.000000,0.000000,0.000000,0.000000,0.000000,0.000000,0.000000,0.000000,0.000000,1.910000,10.200000,1.650000,-1.050000,0.300000,0.360000,38.190000,-27.060000,-5.000000
4.584000,152897.000000,0.000000,2245.000000,1269.000000,623.000000,577.000000,1424.000000,0.000000,0.000000,0.000000,0.000000,0.000000,0.000000,0.000000,0.000000,0.000000,1.910000,10.200000,1.650000,-1.050000,0.300000,0.360000,38.190000,-27.060000,-5.000000
4.586000,152898.000000,0.000000,2210.000000,1220.000000,686.000000,656.000000,1600.000000,0.000000,0.000000,0.000000,0.000000,0.000000,0.000000,0.000000,0.000000,0.000000,1.910000,10.200000,1.650000,-1.050000,0.300000,0.360000,38.190000,-27.060000,-5.000000
4.588000,152899.000000,0.000000,2160.000000,1184.000000,733.000000,720.000000,1666.000000,0.000000,0.000000,0.000000,0.000000,0.000000,0.000000,0.000000,0.000000,0.000000,1.910000,10.200000,1.650000,-1.050000,0.300000,0.360000,38.190000,-27.060000,-5.000000
4.590000,152900.000000,27.000000,2163.000000,1168.000000,788.000000,792.000000,1733.000000,0.000000,0.000000,0.000000,0.000000,0.000000,0.000000,0.000000,0.000000,0.000000,1.420000,9.980000,1.750000,-1.020000,0.220000,0.310000,40.000000,-26.000000,-6.560000
4.592000,152901.000000,2.000000,2137.000000,1163.000000,833.000000,874.000000,1808.000000,0.000000,0.000000,0.000000,0.000000,0.000000,0.000000,0.000000,0.000000,0.000000,1.420000,9.980000,1.750000,-1.020000,0.220000,0.310000,40.000000,-26.000000,-6.560000
4.594000,152902.000000,48.000000,2137.000000,1097.000000,994.000000,939.000000,2301.000000,0.000000,0.000000,0.000000,0.000000,0.000000,0.000000,0.000000,0.000000,0.000000,1.420000,9.980000,1.750000,-1.020000,0.220000,0.310000,40.000000,-26.000000,-6.560000
4.596000,152903.000000,48.000000,2128.000000,1095.000000,1158.000000,1038.000000,2186.000000,0.000000,0.000000,0.000000,0.000000,0.000000,0.000000,0.000000,0.000000,0.000000,1.420000,9.980000,1.750000,-1.020000,0.220000,0.310000,40.000000,-26.000000,-6.560000
4.598000,152904.000000,31.000000,2154.000000,1104.000000,1119.000000,1101.000000,1952.000000,0.000000,0.000000,0.000000,0.000000,0.000000,0.000000,0.000000,0.000000,0.000000,1.420000,9.980000,1.750000,-1.020000,0.220000,0.310000,40.000000,-26.000000,-6.560000
4.600000,152905.000000,666.000000,2149.000000,1071.000000,931.000000,1170.000000,1498.000000,0.000000,0.000000,0.000000,0.000000,0.000000,0.000000,0.000000,0.000000,0.000000,1.030000,9.710000,1.800000,-0.990000,0.130000,0.230000,40.000000,-26.000000,-6.560000
4.602000,152906.000000,0.000000,2114.000000,1038.000000,695.000000,1227.000000,1379.000000,0.000000,0.000000,0.000000,0.000000,0.000000,0.000000,0.000000,0.000000,0.000000,1.030000,9.710000,1.800000,-0.990000,0.130000,0.230000,40.000000,-26.000000,-6.560000
4.604000,152907.000000,0.000000,2064.000000,986.000000,633.000000,1240.000000,1421.000000,0.000000,0.000000,0.000000,0.000000,0.000000,0.000000,0.000000,0.000000,0.000000,1.030000,9.710000,1.800000,-0.990000,0.130000,0.230000,40.000000,-26.000000,-6.560000
4.606000,152908.000000,0.000000,2032.000000,944.000000,670.000000,1236.000000,1584.000000,0.000000,0.000000,0.000000,0.000000,0.000000,0.000000,0.000000,0.000000,0.000000,1.030000,9.710000,1.800000,-0.990000,0.130000,0.230000,40.000000,-26.000000,-6.560000
4.608000,152909.000000,0.000000,2032.000000,918.000000,710.000000,1238.000000,1676.000000,0.000000,0.000000,0.000000,0.000000,0.000000,0.000000,0.000000,0.000000,0.000000,1.030000,9.710000,1.800000,-0.990000,0.130000,0.230000,40.000000,-26.000000,-6.560000
4.610000,152910.000000,637.000000,2009.000000,885.000000,763.000000,1266.000000,1701.000000,0.000000,0.000000,0.000000,0.000000,0.000000,0.000000,0.000000,0.000000,0.000000,0.710000,9.560000,2.210000,-1.010000,0.090000,0.140000,40.000000,-26.000000,-6.560000
4.612000,152911.000000,20.000000,2006.000000,869.000000,790.000000,1253.000000,1786.000000,0.000000,0.000000,0.000000,0.000000,0.000000,0.000000,0.000000,0.000000,0.000000,0.710000,9.560000,2.210000,-1.010000,0.090000,0.140000,40.000000,-26.000000,-6.560000
4.614000,152912.000000,36.000000,1999.000000,829.000000,976.000000,1267.000000,2278.000000,0.000000,0.000000,0.000000,0.000000,0.000000,0.000000,0.000000,0.000000,0.000000,0.710000,9.560000,2.210000,-1.010000,0.090000,0.140000,40.000000,-26.000000,-6.560000
4.616000,152913.000000,38.000000,2000.000000,845.000000,1159.000000,1298.000000,2181.000000,0.000000,0.000000,0.000000,0.000000,0.000000,0.000000,0.000000,0.000000,0.000000,0.710000,9.560000,2.210000,-1.010000,0.090000,0.140000,40.000000,-26.000000,-6.560000
4.618000,152914.000000,15.000000,2007.000000,839.000000,1083.000000,1328.000000,1953.000000,0.000000,0.000000,0.000000,0.000000,0.000000,0.000000,0.000000,0.000000,0.000000,0.710000,9.560000,2.210000,-1.010000,0.090000,0.140000,40.000000,-26.000000,-6.560000
4.620000,152915.000000,0.000000,2004.000000,816.000000,880.000000,1339.000000,1448.000000,0.000000,0.000000,0.000000,0.000000,0.000000,0.000000,0.000000,0.000000,0.000000,0.620000,9.610000,2.770000,-1.080000,0.090000,0.060000,40.000000,-26.000000,-6.560000
4.622000,152916.000000,0.000000,1984.000000,785.000000,639.000000,1332.000000,1344.000000,0.000000,0.000000,0.000000,0.000000,0.000000,0.000000,0.000000,0.000000,0.000000,0.620000,9.610000,2.770000,-1.080000,0.090000,0.060000,40.000000,-26.000000,-6.560000
4.624000,152917.000000,0.000000,1940.000000,755.000000,540.000000,1328.000000,1389.000000,0.000000,0.000000,0.000000,0.000000,0.000000,0.000000,0.000000,0.000000,0.000000,0.620000,9.610000,2.770000,-1.080000,0.090000,0.060000,40.000000,-26.000000,-6.560000
4.626000,152918.000000,0.000000,1881.000000,719.000000,598.000000,1325.000000,1552.000000,0.000000,0.000000,0.000000,0.000000,0.000000,0.000000,0.000000,0.000000,0.000000,0.620000,9.610000,2.770000,-1.080000,0.090000,0.060000,40.000000,-26.000000,-6.560000
4.628000,152919.000000,0.000000,1854.000000,705.000000,678.000000,1290.000000,1621.000000,0.000000,0.000000,0.000000,0.000000,0.000000,0.000000,0.000000,0.000000,0.000000,0.620000,9.610000,2.770000,-1.080000,0.090000,0.060000,40.000000,-26.000000,-6.560000
4.630000,152920.000000,14.000000,1827.000000,655.000000,741.000000,1306.000000,1700.000000,0.000000,0.000000,0.000000,0.000000,0.000000,0.000000,0.000000,0.000000,0.000000,0.630000,9.720000,2.860000,-1.180000,0.120000,0.000000,40.000000,-26.000000,-6.560000
4.632000,152921.000000,0.000000,1813.000000,608.000000,815.000000,1327.000000,1771.000000,0.000000,0.000000,0.000000,0.000000,0.000000,0.000000,0.000000,0.000000,0.000000,0.630000,9.720000,2.860000,-1.180000,0.120000,0.000000,40.000000,-26.000000,-6.560000
4.634000,152922.000000,27.000000,1787.000000,576.000000,987.000000,1323.000000,2247.000000,0.000000,0.000000,0.000000,0.000000,0.000000,0.000000,0.000000,0.000000,0.000000,0.630000,9.720000,2.860000,-1.180000,0.120000,0.000000,40.000000,-26.000000,-6.560000
4.636000,152923.000000,34.000000,1841.000000,524.000000,1117.000000,1357.000000,2184.000000,0.000000,0.000000,0.000000,0.000000,0.000000,0.000000,0.000000,0.000000,0.000000,0.630000,9.720000,2.860000,-1.180000,0.120000,0.000000,40.000000,-26.000000,-6.560000
4.638000,152924.000000,6.000000,1874.000000,507.000000,1070.000000,1393.000000,1905.000000,0.000000,0.000000,0.000000,0.000000,0.000000,0.000000,0.000000,0.000000,0.000000,0.630000,9.720000,2.860000,-1.180000,0.120000,0.000000,40.000000,-26.000000,-6.560000
4.640000,152925.000000,27.000000,1890.000000,496.000000,875.000000,1421.000000,1408.000000,0.000000,0.000000,0.000000,0.000000,0.000000,0.000000,0.000000,0.000000,0.000000,0.870000,9.820000,2.870000,-1.270000,0.150000,-0.040000,40.250000,-26.190000,-5.880000
4.642000,152926.000000,0.000000,1614.000000,418.000000,633.000000,1403.000000,1315.000000,0.000000,0.000000,0.000000,0.000000,0.000000,0.000000,0.000000,0.000000,0.000000,0.870000,9.820000,2.870000,-1.270000,0.150000,-0.040000,40.250000,-26.190000,-5.880000
4.644000,152927.000000,0.000000,1845.000000,354.000000,541.000000,1376.000000,1379.000000,0.000000,0.000000,0.000000,0.000000,0.000000,0.000000,0.000000,0.000000,0.000000,0.870000,9.820000,2.870000,-1.270000,0.150000,-0.040000,40.250000,-26.190000,-5.880000
4.646000,152928.000000,0.000000,1841.000000,287.000000,606.000000,1377.000000,1530.000000,0.000000,0.000000,0.000000,0.000000,0.000000,0.000000,0.000000,0.000000,0.000000,0.870000,9.820000,2.870000,-1.270000,0.150000,-0.040000,40.250000,-26.190000,-5.880000
4.648000,152929.000000,0.000000,1840.000000,233.000000,674.000000,1375.000000,1622.000000,0.000000,0.000000,0.000000,0.000000,0.000000,0.000000,0.000000,0.000000,0.000000,0.870000,9.820000,2.870000,-1.270000,0.150000,-0.040000,40.250000,-26.190000,-5.880000
4.650000,152930.000000,579.000000,1841.000000,224.000000,704.000000,1358.000000,1651.000000,0.000000,0.000000,0.000000,0.000000,0.000000,0.000000,0.000000,0.000000,0.000000,1.190000,9.860000,2.690000,-1.350000,0.140000,-0.060000,40.250000,-26.190000,-5.880000
4.652000,152931.000000,11.000000,1867.000000,192.000000,779.000000,1367.000000,1778.000000,0.000000,0.000000,0.000000,0.000000,0.000000,0.000000,0.000000,0.000000,0.000000,1.190000,9.860000,2.690000,-1.350000,0.140000,-0.060000,40.250000,-26.190000,-5.880000
4.654000,152932.000000,49.000000,1871.000000,132.000000,983.000000,1390.000000,2242.000000,0.000000,0.000000,0.000000,0.000000,0.000000,0.000000,0.000000,0.000000,0.000000,1.190000,9.860000,2.690000,-1.350000,0.140000,-0.060000,40.250000,-26.190000,-5.880000
4.656000,152933.000000,39.000000,1929.000000,144.000000,1133.000000,1429.000000,2179.000000,0.000000,0.000000,0.000000,0.000000,0.000000,0.000000,0.000000,0.000000,0.000000,1.190000,9.860000,2.690000,-1.350000,0.140000,-0.060000,40.250000,-26.190000,-5.880000
4.658000,152934.000000,11.000000,1952.000000,123.000000,1065.000000,1460.000000,1910.000000,0.000000,0.000000,0.000000,0.000000,0.000000,0.000000,0.000000,0.000000,0.000000,1.190000,9.860000,2.690000,-1.350000,0.140000,-0.060000,40.250000,-26.190000,-5.880000
4.660000,152935.000000,606.000000,2005.000000,77.000000,884.000000,1440.000000,1439.000000,0.000000,0.000000,0.000000,0.000000,0.000000,0.000000,0.000000,0.000000,0.000000,1.540000,9.960000,2.390000,-1.420000,0.140000,-0.060000,40.250000,-26.190000,-5.880000
4.662000,152936.000000,0.000000,1996.000000,47.000000,623.000000,1466.000000,1317.000000,0.000000,0.000000,0.000000,0.000000,0.000000,0.000000,0.000000,0.000000,0.000000,1.540000,9.960000,2.390000,-1.420000,0.140000,-0.060000,40.250000,-26.190000,-5.880000
4.664000,152937.000000,0.000000,1968.000000,53.000000,538.000000,1456.000000,1351.000000,0.000000,0.000000,0.000000,0.000000,0.000000,0.000000,0.000000,0.000000,0.000000,1.540000,9.960000,2.390000,-1.420000,0.140000,-0.060000,40.250000,-26.190000,-5.880000
4.666000,152938.000000,0.000000,1955.000000,0.000000,589.000000,1454.000000,1521.000000,0.000000,0.000000,0.000000,0.000000,0.000000,0.000000,0.000000,0.000000,0.000000,1.540000,9.960000,2.390000,-1.420000,0.140000,-0.060000,40.250000,-26.190000,-5.880000
4.668000,152939.000000,0.000000,1951.000000,0.000000,675.000000,1446.000000,1626.000000,0.000000,0.000000,0.000000,0.000000,0.000000,0.000000,0.000000,0.000000,0.000000,1.540000,9.960000,2.390000,-1.420000,0.140000,-0.060000,40.250000,-26.190000,-5.880000
4.670000,152940.000000,0.000000,1963.000000,0.000000,704.000000,1458.000000,1666.000000,0.000000,0.000000,0.000000,0.000000,0.000000,0.000000,0.000000,0.000000,0.000000,1.440000,9.860000,2.260000,-1.460000,0.150000,-0.070000,40.250000,-26.190000,-5.880000
4.672000,152941.000000,0.000000,1954.000000,0.000000,752.000000,1461.000000,1755.000000,0.000000,0.000000,0.000000,0.000000,0.000000,0.000000,0.000000,0.000000,0.000000,1.440000,9.860000,2.260000,-1.460000,0.150000,-0.070000,40.250000,-26.190000,-5.880000
4.674000,152942.000000,44.000000,1967.000000,0.000000,941.000000,1521.000000,2221.000000,0.000000,0.000000,0.000000,0.000000,0.000000,0.000000,0.000000,0.000000,0.000000,1.440000,9.860000,2.260000,-1.460000,0.150000,-0.070000,40.250000,-26.190000,-5.880000
4.676000,152943.000000,25.000000,1998.000000,0.000000,1058.000000,1572.000000,2165.000000,0.000000,0.000000,0.000000,0.000000,0.000000,0.000000,0.000000,0.000000,0.000000,1.440000,9.860000,2.260000,-1.460000,0.150000,-0.070000,40.250000,-26.190000,-5.880000
4.678000,152944.000000,20.000000,2023.000000,0.000000,1040.000000,1576.000000,1917.000000,0.000000,0.000000,0.000000,0.000000,0.000000,0.000000,0.000000,0.000000,0.000000,1.440000,9.860000,2.260000,-1.460000,0.150000,-0.070000,40.250000,-26.190000,-5.880000
4.680000,152945.000000,7.000000,2034.000000,0.000000,832.000000,1616.000000,1406.000000,0.000000,0.000000,0.000000,0.000000,0.000000,0.000000,0.000000,0.000000,0.000000,1.260000,9.690000,2.110000,-1.470000,0.130000,-0.090000,40.250000,-26.190000,-5.880000
4.682000,152946.000000,0.000000,1994.000000,0.000000,612.000000,1642.000000,1329.000000,0.000000,0.000000,0.000000,0.000000,0.000000,0.000000,0.000000,0.000000,0.000000,1.260000,9.690000,2.110000,-1.470000,0.130000,-0.090000,40.250000,-26.190000,-5.880000
4.684000,152947.000000,0.000000,1989.000000,0.000000,495.000000,1646.000000,1318.000000,0.000000,0.000000,0.000000,0.000000,0.000000,0.000000,0.000000,0.000000,0.000000,1.260000,9.690000,2.110000,-1.470000,0.130000,-0.090000,40.250000,-26.190000,-5.880000
4.686000,152948.000000,0.000000,1949.000000,0.000000,581.000000,1664.000000,1521.000000,0.000000,0.000000,0.000000,0.000000,0.000000,0.000000,0.000000,0.000000,0.000000,1.260000,9.690000,2.110000,-1.470000,0.130000,-0.090000,40.250000,-26.190000,-5.880000
4.688000,152949.000000,0.000000,1942.000000,0.000000,639.000000,1678.000000,1042.000000,0.000000,0.000000,0.000000,0.000000,0.000000,0.000000,0.000000,0.000000,0.000000,1.260000,9.690000,2.110000,-1.470000,0.130000,-0.090000,40.250000,-26.190000,-5.880000
4.690000,152950.000000,0.000000,1917.000000,0.000000,695.000000,1681.000000,1491.000000,0.000000,0.000000,0.000000,0.000000,0.000000,0.000000,0.000000,0.000000,0.000000,0.780000,9.260000,1.850000,-1.470000,0.090000,-0.130000,38.560000,-25.880000,-8.750000
4.692000,152951.000000,0.000000,1902.000000,0.000000,722.000000,1696.000000,1706.000000,0.000000,0.000000,0.000000,0.000000,0.000000,0.000000,0.000000,0.000000,0.000000,0.780000,9.260000,1.850000,-1.470000,0.090000,-0.130000,38.560000,-25.880000,-8.750000
4.694000,152952.000000,40.000000,1904.000000,0.000000,901.000000,1733.000000,2245.000000,0.000000,0.000000,0.000000,0.000000,0.000000,0.000000,0.000000,0.000000,0.000000,0.780000,9.260000,1.850000,-1.470000,0.090000,-0.130000,38.560000,-25.880000,-8.750000
4.696000,152953.000000,38.000000,1920.000000,16.000000,1063.000000,1745.000000,2189.000000,0.000000,0.000000,0.000000,0.000000,0.000000,0.000000,0.000000,0.000000,0.000000,0.780000,9.260000,1.850000,-1.470000,0.090000,-0.130000,38.560000,-25.880000,-8.750000
4.698000,152954.000000,11.000000,1932.000000,86.000000,1013.000000,1792.000000,1967.000000,0.000000,0.000000,0.000000,0.000000,0.000000,0.000000,0.000000,0.000000,0.000000,0.780000,9.260000,1.850000,-1.470000,0.090000,-0.130000,38.560000,-25.880000,-8.750000
4.700000,152955.000000,610.000000,1937.000000,142.000000,870.000000,1775.000000,1508.000000,0.000000,0.000000,0.000000,0.000000,0.000000,0.000000,0.000000,0.000000,0.000000,0.720000,9.120000,1.650000,-1.470000,0.100000,-0.170000,38.560000,-25.880000,-8.750000
4.702000,152956.000000,0.000000,1934.000000,221.000000,593.000000,1808.000000,1339.000000,0.000000,0.000000,0.000000,0.000000,0.000000,0.000000,0.000000,0.000000,0.000000,0.720000,9.120000,1.650000,-1.470000,0.100000,-0.170000,38.560000,-25.880000,-8.750000
4.704000,152957.000000,0.000000,1895.000000,277.000000,464.000000,1776.000000,1346.000000,0.000000,0.000000,0.000000,0.000000,0.000000,0.000000,0.000000,0.000000,0.000000,0.720000,9.120000,1.650000,-1.470000,0.100000,-0.170000,38.560000,-25.880000,-8.750000
4.706000,152958.000000,0.000000,1887.000000,308.000000,545.000000,1749.000000,1567.000000,0.000000,0.000000,0.000000,0.000000,0.000000,0.000000,0.000000,0.000000,0.000000,0.720000,9.120000,1.650000,-1.470000,0.100000,-0.170000,38.560000,-25.880000,-8.750000
4.708000,152959.000000,0.000000,1877.000000,406.000000,637.000000,1735.000000,1617.000000,0.000000,0.000000,0.000000,0.000000,0.000000,0.000000,0.000000,0.000000,0.000000,0.720000,9.120000,1.650000,-1.470000,0.100000,-0.170000,38.560000,-25.880000,-8.750000
4.710000,152960.000000,0.000000,1808.000000,425.000000,702.000000,1713.000000,1706.000000,0.000000,0.000000,0.000000,0.000000,0.000000,0.000000,0.000000,0.000000,0.000000,0.710000,9.070000,1.590000,-1.490000,0.210000,-0.220000,38.560000,-25.880000,-8.750000
4.712000,152961.000000,0.000000,1826.000000,474.000000,775.000000,1711.000000,1776.000000,0.000000,0.000000,0.000000,0.000000,0.000000,0.000000,0.000000,0.000000,0.000000,0.710000,9.070000,1.590000,-1.490000,0.210000,-0.220000,38.560000,-25.880000,-8.750000
4.714000,152962.000000,41.000000,1826.000000,534.000000,962.000000,1663.000000,2270.000000,0.000000,0.000000,0.000000,0.000000,0.000000,0.000000,0.000000,0.000000,0.000000,0.710000,9.070000,1.590000,-1.490000,0.210000,-0.220000,38.560000,-25.880000,-8.750000
4.716000,152963.000000,38.000000,1842.000000,617.000000,1095.000000,1693.000000,2213.000000,0.000000,0.000000,0.000000,0.000000,0.000000,0.000000,0.000000,0.000000,0.000000,0.710000,9.070000,1.590000,-1.490000,0.210000,-0.220000,38.560000,-25.880000,-8.750000
4.718000,152964.000000,16.000000,1863.000000,662.000000,1072.000000,1714.000000,1918.000000,0.000000,0.000000,0.000000,0.000000,0.000000,0.000000,0.000000,0.000000,0.000000,0.710000,9.070000,1.590000,-1.490000,0.210000,-0.220000,38.560000,-25.880000,-8.750000
4.720000,152965.000000,529.000000,1915.000000,697.000000,867.000000,1706.000000,1375.000000,0.000000,0.000000,0.000000,0.000000,0.000000,0.000000,0.000000,0.000000,0.000000,0.910000,9.030000,1.530000,-1.490000,0.210000,-0.220000,38.560000,-25.880000,-8.750000
4.722000,152966.000000,0.000000,1913.000000,755.000000,631.000000,1698.000000,1220.000000,0.000000,0.000000,0.000000,0.000000,0.000000,0.000000,0.000000,0.000000,0.000000,0.910000,9.030000,1.530000,-1.490000,0.210000,-0.220000,38.560000,-25.880000,-8.750000
4.724000,152967.000000,0.000000,1906.000000,774.000000,550.000000,1648.000000,1226.000000,0.000000,0.000000,0.000000,0.000000,0.000000,0.000000,0.000000,0.000000,0.000000,0.910000,9.030000,1.530000,-1.490000,0.210000,-0.220000,38.560000,-25.880000,-8.750000
4.726000,152968.000000,0.000000,1872.000000,763.000000,601.000000,1574.000000,1387.000000,0.000000,0.000000,0.000000,0.000000,0.000000,0.000000,0.000000,0.000000,0.000000,0.910000,9.030000,1.530000,-1.490000,0.210000,-0.220000,38.560000,-25.880000,-8.750000
4.728000,152969.000000,0.000000,1849.000000,777.000000,671.000000,1530.000000,1531.000000,0.000000,0.000000,0.000000,0.000000,0.000000,0.000000,0.000000,0.000000,0.000000,0.910000,9.030000,1.530000,-1.490000,0.210000,-0.220000,38.560000,-25.880000,-8.750000
4.730000,152970.000000,16.000000,1857.000000,795.000000,720.000000,1465.000000,1594.000000,0.000000,0.000000,0.000000,0.000000,0.000000,0.000000,0.000000,0.000000,0.000000,1.530000,8.980000,1.470000,-1.490000,0.250000,-0.230000,38.560000,-25.880000,-8.750000
4.732000,152971.000000,0.000000,1872.000000,816.000000,781.000000,1456.000000,1680.000000,0.000000,0.000000,0.000000,0.000000,0.000000,0.000000,0.000000,0.000000,0.000000,1.530000,8.980000,1.470000,-1.490000,0.250000,-0.230000,38.560000,-25.880000,-8.750000
4.734000,152972.000000,12.000000,1883.000000,868.000000,977.000000,1403.000000,1967.000000,0.000000,0.000000,0.000000,0.000000,0.000000,0.000000,0.000000,0.000000,0.000000,1.530000,8.980000,1.470000,-1.490000,0.250000,-0.230000,38.560000,-25.880000,-8.750000
4.736000,152973.000000,27.000000,1943.000000,899.000000,1168.000000,1425.000000,2162.000000,0.000000,0.000000,0.000000,0.000000,0.000000,0.000000,0.000000,0.000000,0.000000,1.530000,8.980000,1.470000,-1.490000,0.250000,-0.230000,38.560000,-25.880000,-8.750000
4.738000,152974.000000,16.000000,1984.000000,891.000000,1121.000000,1392.000000,2063.000000,0.000000,0.000000,0.000000,0.000000,0.000000,0.000000,0.000000,0.000000,0.000000,1.530000,8.980000,1.470000,-1.490000,0.250000,-0.230000,38.560000,-25.880000,-8.750000
4.740000,152975.000000,36.000000,2000.000000,962.000000,896.000000,1387.000000,1726.000000,0.000000,0.000000,0.000000,0.000000,0.000000,0.000000,0.000000,0.000000,0.000000,1.710000,8.940000,1.530000,-1.470000,0.300000,-0.210000,38.880000,-24.250000,-8.380000
4.742000,152976.000000,0.000000,2000.000000,998.000000,647.000000,1328.000000,1429.000000,0.000000,0.000000,0.000000,0.000000,0.000000,0.000000,0.000000,0.000000,0.000000,1.710000,8.940000,1.530000,-1.470000,0.300000,-0.210000,38.880000,-24.250000,-8.380000
4.744000,152977.000000,0.000000,2015.000000,1005.000000,556.000000,1258.000000,1399.000000,0.000000,0.000000,0.000000,0.000000,0.000000,0.000000,0.000000,0.000000,0.000000,1.710000,8.940000,1.530000,-1.470000,0.300000,-0.210000,38.880000,-24.250000,-8.380000
4.746000,152978.000000,0.000000,1984.000000,987.000000,592.000000,1220.000000,1571.000000,0.000000,0.000000,0.000000,0.000000,0.000000,0.000000,0.000000,0.000000,0.000000,1.710000,8.940000,1.530000,-1.470000,0.300000,-0.210000,38.880000,-24.250000,-8.380000
4.748000,152979.000000,0.000000,2013.000000,985.000000,663.000000,1178.000000,1642.000000,0.000000,0.000000,0.000000,0.000000,0.000000,0.000000,0.000000,0.000000,0.000000,1.710000,8.940000,1.530000,-1.470000,0.300000,-0.210000,38.880000,-24.250000,-8.380000
4.750000,152980.000000,634.000000,1996.000000,1010.000000,723.000000,1141.000000,1695.000000,0.000000,0.000000,0.000000,0.000000,0.000000,0.000000,0.000000,0.000000,0.000000,1.770000,8.970000,1.530000,-1.420000,0.310000,-0.200000,38.880000,-24.250000,-8.380000
4.752000,152981.000000,17.000000,2000.000000,1023.000000,787.000000,1086.000000,1807.000000,0.000000,0.000000,0.000000,0.000000,0.000000,0.000000,0.000000,0.000000,0.000000,1.770000,8.970000,1.530000,-1.420000,0.310000,-0.200000,38.880000,-24.250000,-8.380000
4.754000,152982.000000,41.000000,1989.000000,1070.000000,1001.000000,1040.000000,2335.000000,0.000000,0.000000,0.000000,0.000000,0.000000,0.000000,0.000000,0.000000,0.000000,1.770000,8.970000,1.530000,-1.420000,0.310000,-0.200000,38.880000,-24.250000,-8.380000
4.756000,152983.000000,48.000000,2039.000000,1088.000000,1151.000000,994.000000,2272.000000,0.000000,0.000000,0.000000,0.000000,0.000000,0.000000,0.000000,0.000000,0.000000,1.770000,8.970000,1.530000,-1.420000,0.310000,-0.200000,38.880000,-24.250000,-8.380000
4.758000,152984.000000,21.000000,2064.000000,1152.000000,1136.000000,977.000000,2013.000000,0.000000,0.000000,0.000000,0.000000,0.000000,0.000000,0.000000,0.000000,0.000000,1.770000,8.970000,1.530000,-1.420000,0.310000,-0.200000,38.880000,-24.250000,-8.380000
4.760000,152985.000000,23.000000,2075.000000,1185.000000,946.000000,917.000000,1458.000000,0.000000,0.000000,0.000000,0.000000,0.000000,0.000000,0.000000,0.000000,0.000000,1.810000,9.000000,1.470000,-1.370000,0.300000,-0.200000,38.880000,-24.250000,-8.380000
4.762000,152986.000000,0.000000,2047.000000,1189.000000,673.000000,845.000000,1259.000000,0.000000,0.000000,0.000000,0.000000,0.000000,0.000000,0.000000,0.000000,0.000000,1.810000,9.000000,1.470000,-1.370000,0.300000,-0.200000,38.880000,-24.250000,-8.380000
4.764000,152987.000000,0.000000,1984.000000,1214.000000,562.000000,747.000000,1328.000000,0.000000,0.000000,0.000000,0.000000,0.000000,0.000000,0.000000,0.000000,0.000000,1.810000,9.000000,1.470000,-1.370000,0.300000,-0.200000,38.880000,-24.250000,-8.380000
4.766000,152988.000000,0.000000,1936.000000,1226.000000,609.000000,691.000000,1491.000000,0.000000,0.000000,0.000000,0.000000,0.000000,0.000000,0.000000,0.000000,0.000000,1.810000,9.000000,1.470000,-1.370000,0.300000,-0.200000,38.880000,-24.250000,-8.380000
4.768000,152989.000000,0.000000,1858.000000,1235.000000,678.000000,621.000000,1626.000000,0.000000,0.000000,0.000000,0.000000,0.000000,0.000000,0.000000,0.000000,0.000000,1.810000,9.000000,1.470000,-1.370000,0.300000,-0.200000,38.880000,-24.250000,-8.380000
4.770000,152990.000000,578.000000,1839.000000,1252.000000,727.000000,564.000000,1664.000000,0.000000,0.000000,0.000000,0.000000,0.000000,0.000000,0.000000,0.000000,0.000000,1.480000,9.170000,1.480000,-1.300000,0.320000,-0.200000,38.880000,-24.250000,-8.380000
4.772000,152991.000000,14.000000,1792.000000,1263.000000,789.000000,491.000000,1729.000000,0.000000,0.000000,0.000000,0.000000,0.000000,0.000000,0.000000,0.000000,0.000000,1.480000,9.170000,1.480000,-1.300000,0.320000,-0.200000,38.880000,-24.250000,-8.380000
4.774000,152992.000000,31.000000,1722.000000,1245.000000,975.000000,427.000000,2310.000000,0.000000,0.000000,0.000000,0.000000,0.000000,0.000000,0.000000,0.000000,0.000000,1.480000,9.170000,1.480000,-1.300000,0.320000,-0.200000,38.880000,-24.250000,-8.380000
4.776000,152993.000000,36.000000,1685.000000,1280.000000,1150.000000,397.000000,2241.000000,0.000000,0.000000,0.000000,0.000000,0.000000,0.000000,0.000000,0.000000,0.000000,1.480000,9.170000,1.480000,-1.300000,0.320000,-0.200000,38.880000,-24.250000,-8.380000
4.778000,152994.000000,0.000000,1655.000000,1332.000000,1103.000000,348.000000,1338.000000,0.000000,0.000000,0.000000,0.000000,0.000000,0.000000,0.000000,0.000000,0.000000,1.480000,9.170000,1.480000,-1.300000,0.320000,-0.200000,38.880000,-24.250000,-8.380000
4.780000,152995.000000,0.000000,1579.000000,1319.000000,854.000000,316.000000,1197.000000,0.000000,0.000000,0.000000,0.000000,0.000000,0.000000,0.000000,0.000000,0.000000,1.340000,9.320000,1.260000,-1.230000,0.380000,-0.210000,38.880000,-24.250000,-8.380000
4.782000,152996.000000,0.000000,1424.000000,1286.000000,612.000000,251.000000,1124.000000,0.000000,0.000000,0.000000,0.000000,0.000000,0.000000,0.000000,0.000000,0.000000,1.340000,9.320000,1.260000,-1.230000,0.380000,-0.210000,38.880000,-24.250000,-8.380000
4.784000,152997.000000,0.000000,1305.000000,1234.000000,464.000000,163.000000,1156.000000,0.000000,0.000000,0.000000,0.000000,0.000000,0.000000,0.000000,0.000000,0.000000,1.340000,9.320000,1.260000,-1.230000,0.380000,-0.210000,38.880000,-24.250000,-8.380000
4.786000,152998.000000,0.000000,1125.000000,1209.000000,528.000000,94.000000,1359.000000,0.000000,0.000000,0.000000,0.000000,0.000000,0.000000,0.000000,0.000000,0.000000,1.340000,9.320000,1.260000,-1.230000,0.380000,-0.210000,38.880000,-24.250000,-8.380000
4.788000,152999.000000,0.000000,963.000000,1169.000000,593.000000,0.000000,1424.000000,0.000000,0.000000,0.000000,0.000000,0.000000,0.000000,0.000000,0.000000,0.000000,1.340000,9.320000,1.260000,-1.230000,0.380000,-0.210000,38.880000,-24.250000,-8.380000
4.790000,153000.000000,0.000000,815.000000,1104.000000,641.000000,0.000000,1515.000000,0.000000,0.000000,0.000000,0.000000,0.000000,0.000000,0.000000,0.000000,0.000000,0.990000,9.310000,1.010000,-1.180000,0.490000,-0.210000,40.060000,-23.880000,-10.500000
4.792000,153001.000000,0.000000,640.000000,1041.000000,669.000000,0.000000,1595.000000,0.000000,0.000000,0.000000,0.000000,0.000000,0.000000,0.000000,0.000000,0.000000,0.990000,9.310000,1.010000,-1.180000,0.490000,-0.210000,40.060000,-23.880000,-10.500000
4.794000,153002.000000,0.000000,478.000000,1011.000000,877.000000,0.000000,1974.000000,0.000000,0.000000,0.000000,0.000000,0.000000,0.000000,0.000000,0.000000,0.000000,0.990000,9.310000,1.010000,-1.180000,0.490000,-0.210000,40.060000,-23.880000,-10.500000
4.796000,153003.000000,16.000000,383.000000,982.000000,976.000000,0.000000,2078.000000,0.000000,0.000000,0.000000,0.000000,0.000000,0.000000,0.000000,0.000000,0.000000,0.990000,9.310000,1.010000,-1.180000,0.490000,-0.210000,40.060000,-23.880000,-10.500000
4.798000,153004.000000,0.000000,256.000000,958.000000,944.000000,0.000000,1897.000000,0.000000,0.000000,0.000000,0.000000,0.000000,0.000000,0.000000,0.000000,0.000000,0.990000,9.310000,1.010000,-1.180000,0.490000,-0.210000,40.060000,-23.880000,-10.500000
4.800000,153005.000000,0.000000,111.000000,944.000000,720.000000,0.000000,1434.000000,0.000000,0.000000,0.000000,0.000000,0.000000,0.000000,0.000000,0.000000,0.000000,0.720000,9.390000,0.850000,-1.130000,0.640000,-0.200000,40.060000,-23.880000,-10.500000
4.802000,153006.000000,0.000000,0.000000,913.000000,445.000000,0.000000,1200.000000,0.000000,0.000000,0.000000,0.000000,0.000000,0.000000,0.000000,0.000000,0.000000,0.720000,9.390000,0.850000,-1.130000,0.640000,-0.200000,40.060000,-23.880000,-10.500000
4.804000,153007.000000,0.000000,0.000000,877.000000,301.000000,0.000000,1098.000000,0.000000,0.000000,0.000000,0.000000,0.000000,0.000000,0.000000,0.000000,0.000000,0.720000,9.390000,0.850000,-1.130000,0.640000,-0.200000,40.060000,-23.880000,-10.500000
4.806000,153008.000000,0.000000,0.000000,817.000000,354.000000,0.000000,1286.000000,0.000000,0.000000,0.000000,0.000000,0.000000,0.000000,0.000000,0.000000,0.000000,0.720000,9.390000,0.850000,-1.130000,0.640000,-0.200000,40.060000,-23.880000,-10.500000
4.808000,153009.000000,0.000000,0.000000,784.000000,432.000000,0.000000,1374.000000,0.000000,0.000000,0.000000,0.000000,0.000000,0.000000,0.000000,0.000000,0.000000,0.720000,9.390000,0.850000,-1.130000,0.640000,-0.200000,40.060000,-23.880000,-10.500000
4.810000,153010.000000,0.000000,0.000000,768.000000,507.000000,0.000000,1438.000000,0.000000,0.000000,0.000000,0.000000,0.000000,0.000000,0.000000,0.000000,0.000000,0.550000,9.680000,0.550000,-1.110000,0.790000,-0.200000,40.060000,-23.880000,-10.500000
4.812000,153011.000000,0.000000,0.000000,766.000000,570.000000,0.000000,1568.000000,0.000000,0.000000,0.000000,0.000000,0.000000,0.000000,0.000000,0.000000,0.000000,0.550000,9.680000,0.550000,-1.110000,0.790000,-0.200000,40.060000,-23.880000,-10.500000
4.814000,153012.000000,9.000000,0.000000,785.000000,725.000000,0.000000,2093.000000,0.000000,0.000000,0.000000,0.000000,0.000000,0.000000,0.000000,0.000000,0.000000,0.550000,9.680000,0.550000,-1.110000,0.790000,-0.200000,40.060000,-23.880000,-10.500000
4.816000,153013.000000,16.000000,0.000000,797.000000,907.000000,0.000000,2061.000000,0.000000,0.000000,0.000000,0.000000,0.000000,0.000000,0.000000,0.000000,0.000000,0.550000,9.680000,0.550000,-1.110000,0.790000,-0.200000,40.060000,-23.880000,-10.500000
4.818000,153014.000000,0.000000,0.000000,829.000000,883.000000,0.000000,1789.000000,0.000000,0.000000,0.000000,0.000000,0.000000,0.000000,0.000000,0.000000,0.000000,0.550000,9.680000,0.550000,-1.110000,0.790000,-0.200000,40.060000,-23.880000,-10.500000
4.820000,153015.000000,153.000000,0.000000,870.000000,703.000000,0.000000,1294.000000,0.000000,0.000000,0.000000,0.000000,0.000000,0.000000,0.000000,0.000000,0.000000,0.430000,9.880000,0.500000,-1.120000,0.890000,-0.190000,40.060000,-23.880000,-10.500000
4.822000,153016.000000,0.000000,0.000000,881.000000,398.000000,0.000000,1093.000000,0.000000,0.000000,0.000000,0.000000,0.000000,0.000000,0.000000,0.000000,0.000000,0.430000,9.880000,0.500000,-1.120000,0.890000,-0.190000,40.060000,-23.880000,-10.500000
4.824000,153017.000000,0.000000,0.000000,885.000000,271.000000,0.000000,1105.000000,0.000000,0.000000,0.000000,0.000000,0.000000,0.000000,0.000000,0.000000,0.000000,0.430000,9.880000,0.500000,-1.120000,0.890000,-0.190000,40.060000,-23.880000,-10.500000
4.826000,153018.000000,0.000000,0.000000,880.000000,331.000000,0.000000,1335.000000,0.000000,0.000000,0.000000,0.000000,0.000000,0.000000,0.000000,0.000000,0.000000,0.430000,9.880000,0.500000,-1.120000,0.890000,-0.190000,40.060000,-23.880000,-10.500000
4.828000,153019.000000,0.000000,0.000000,905.000000,432.000000,0.000000,1427.000000,0.000000,0.000000,0.000000,0.000000,0.000000,0.000000,0.000000,0.000000,0.000000,0.430000,9.880000,0.500000,-1.120000,0.890000,-0.190000,40.060000,-23.880000,-10.500000
4.830000,153020.000000,0.000000,0.000000,880.000000,481.000000,0.000000,1492.000000,0.000000,0.000000,0.000000,0.000000,0.000000,0.000000,0.000000,0.000000,0.000000,0.350000,10.000000,0.730000,-1.150000,0.940000,-0.150000,40.060000,-23.880000,-10.500000
4.832000,153021.000000,0.000000,0.000000,930.000000,555.000000,0.000000,1585.000000,0.000000,0.000000,0.000000,0.000000,0.000000,0.000000,0.000000,0.000000,0.000000,0.350000,10.000000,0.730000,-1.150000,0.940000,-0.150000,40.060000,-23.880000,-10.500000
4.834000,153022.000000,0.000000,0.000000,927.000000,687.000000,0.000000,1962.000000,0.000000,0.000000,0.000000,0.000000,0.000000,0.000000,0.000000,0.000000,0.000000,0.350000,10.000000,0.730000,-1.150000,0.940000,-0.150000,40.060000,-23.880000,-10.500000
4.836000,153023.000000,18.000000,0.000000,954.000000,876.000000,0.000000,2095.000000,0.000000,0.000000,0.000000,0.000000,0.000000,0.000000,0.000000,0.000000,0.000000,0.350000,10.000000,0.730000,-1.150000,0.940000,-0.150000,40.060000,-23.880000,-10.500000
4.838000,153024.000000,3.000000,0.000000,1041.000000,843.000000,0.000000,1904.000000,0.000000,0.000000,0.000000,0.000000,0.000000,0.000000,0.000000,0.000000,0.000000,0.350000,10.000000,0.730000,-1.150000,0.940000,-0.150000,40.060000,-23.880000,-10.500000
4.840000,153025.000000,0.000000,0.000000,1072.000000,675.000000,0.000000,1488.000000,0.000000,0.000000,0.000000,0.000000,0.000000,0.000000,0.000000,0.000000,0.000000,0.420000,9.760000,0.150000,-1.160000,0.900000,-0.120000,40.690000,-22.750000,-9.690000
4.842000,153026.000000,0.000000,0.000000,1126.000000,419.000000,0.000000,1146.000000,0.000000,0.000000,0.000000,0.000000,0.000000,0.000000,0.000000,0.000000,0.000000,0.420000,9.760000,0.150000,-1.160000,0.900000,-0.120000,40.690000,-22.750000,-9.690000
4.844000,153027.000000,0.000000,0.000000,1138.000000,245.000000,0.000000,1091.000000,0.000000,0.000000,0.000000,0.000000,0.000000,0.000000,0.000000,0.000000,0.000000,0.420000,9.760000,0.150000,-1.160000,0.900000,-0.120000,40.690000,-22.750000,-9.690000
4.846000,153028.000000,0.000000,0.000000,1153.000000,304.000000,0.000000,1303.000000,0.000000,0.000000,0.000000,0.000000,0.000000,0.000000,0.000000,0.000000,0.000000,0.420000,9.760000,0.150000,-1.160000,0.900000,-0.120000,40.690000,-22.750000,-9.690000
4.848000,153029.000000,0.000000,0.000000,1187.000000,385.000000,0.000000,1411.000000,0.000000,0.000000,0.000000,0.000000,0.000000,0.000000,0.000000,0.000000,0.000000,0.420000,9.760000,0.150000,-1.160000,0.900000,-0.120000,40.690000,-22.750000,-9.690000
4.850000,153030.000000,0.000000,0.000000,1233.000000,432.000000,0.000000,1456.000000,0.000000,0.000000,0.000000,0.000000,0.000000,0.000000,0.000000,0.000000,0.000000,0.670000,9.720000,-0.520000,-1.110000,0.810000,-0.100000,40.690000,-22.750000,-9.690000
4.852000,153031.000000,0.000000,0.000000,1290.000000,464.000000,0.000000,1578.000000,0.000000,0.000000,0.000000,0.000000,0.000000,0.000000,0.000000,0.000000,0.000000,0.670000,9.720000,-0.520000,-1.110000,0.810000,-0.100000,40.690000,-22.750000,-9.690000
4.854000,153032.000000,0.000000,0.000000,1331.000000,642.000000,0.000000,1927.000000,0.000000,0.000000,0.000000,0.000000,0.000000,0.000000,0.000000,0.000000,0.000000,0.670000,9.720000,-0.520000,-1.110000,0.810000,-0.100000,40.690000,-22.750000,-9.690000
4.856000,153033.000000,18.000000,0.000000,1377.000000,776.000000,0.000000,2102.000000,0.000000,0.000000,0.000000,0.000000,0.000000,0.000000,0.000000,0.000000,0.000000,0.670000,9.720000,-0.520000,-1.110000,0.810000,-0.100000,40.690000,-22.750000,-9.690000
4.858000,153034.000000,3.000000,0.000000,1450.000000,448.000000,0.000000,1895.000000,0.000000,0.000000,0.000000,0.000000,0.000000,0.000000,0.000000,0.000000,0.000000,0.670000,9.720000,-0.520000,-1.110000,0.810000,-0.100000,40.690000,-22.750000,-9.690000
4.860000,153035.000000,204.000000,0.000000,1504.000000,16.000000,0.000000,1489.000000,0.000000,0.000000,0.000000,0.000000,0.000000,0.000000,0.000000,0.000000,0.000000,1.280000,9.990000,-1.140000,-1.030000,0.730000,-0.120000,40.690000,-22.750000,-9.690000
4.862000,153036.000000,0.000000,0.000000,1557.000000,0.000000,0.000000,1152.000000,0.000000,0.000000,0.000000,0.000000,0.000000,0.000000,0.000000,0.000000,0.000000,1.280000,9.990000,-1.140000,-1.030000,0.730000,-0.120000,40.690000,-22.750000,-9.690000
4.864000,153037.000000,0.000000,0.000000,1554.000000,0.000000,0.000000,1083.000000,0.000000,0.000000,0.000000,0.000000,0.000000,0.000000,0.000000,0.000000,0.000000,1.280000,9.990000,-1.140000,-1.030000,0.730000,-0.120000,40.690000,-22.750000,-9.690000
4.866000,153038.000000,0.000000,26.000000,1554.000000,198.000000,0.000000,1292.000000,0.000000,0.000000,0.000000,0.000000,0.000000,0.000000,0.000000,0.000000,0.000000,1.280000,9.990000,-1.140000,-1.030000,0.730000,-0.120000,40.690000,-22.750000,-9.690000
4.868000,153039.000000,0.000000,51.000000,1559.000000,393.000000,0.000000,1407.000000,0.000000,0.000000,0.000000,0.000000,0.000000,0.000000,0.000000,0.000000,0.000000,1.280000,9.990000,-1.140000,-1.030000,0.730000,-0.120000,40.690000,-22.750000,-9.690000
4.870000,153040.000000,215.000000,80.000000,1526.000000,560.000000,0.000000,1487.000000,0.000000,0.000000,0.000000,0.000000,0.000000,0.000000,0.000000,0.000000,0.000000,2.090000,10.300000,-1.660000,-0.930000,0.730000,-0.160000,40.690000,-22.750000,-9.690000
4.872000,153041.000000,0.000000,114.000000,1583.000000,693.000000,48.000000,1557.000000,0.000000,0.000000,0.000000,0.000000,0.000000,0.000000,0.000000,0.000000,0.000000,2.090000,10.300000,-1.660000,-0.930000,0.730000,-0.160000,40.690000,-22.750000,-9.690000
4.874000,153042.000000,0.000000,142.000000,1603.000000,940.000000,132.000000,1959.000000,0.000000,0.000000,0.000000,0.000000,0.000000,0.000000,0.000000,0.000000,0.000000,2.090000,10.300000,-1.660000,-0.930000,0.730000,-0.160000,40.690000,-22.750000,-9.690000
4.876000,153043.000000,19.000000,150.000000,1653.000000,1121.000000,180.000000,2127.000000,0.000000,0.000000,0.000000,0.000000,0.000000,0.000000,0.000000,0.000000,0.000000,2.090000,10.300000,-1.660000,-0.930000,0.730000,-0.160000,40.690000,-22.750000,-9.690000
4.878000,153044.000000,7.000000,150.000000,1712.000000,1156.000000,247.000000,1933.000000,0.000000,0.000000,0.000000,0.000000,0.000000,0.000000,0.000000,0.000000,0.000000,2.090000,10.300000,-1.660000,-0.930000,0.730000,-0.160000,40.690000,-22.750000,-9.690000
4.880000,153045.000000,0.000000,134.000000,1795.000000,1015.000000,229.000000,1483.000000,0.000000,0.000000,0.000000,0.000000,0.000000,0.000000,0.000000,0.000000,0.000000,3.230000,10.650000,-2.460000,-0.810000,0.790000,-0.160000,40.690000,-22.750000,-9.690000
4.882000,153046.000000,0.000000,80.000000,1840.000000,785.000000,332.000000,1194.000000,0.000000,0.000000,0.000000,0.000000,0.000000,0.000000,0.000000,0.000000,0.000000,3.230000,10.650000,-2.460000,-0.810000,0.790000,-0.160000,40.690000,-22.750000,-9.690000
4.884000,153047.000000,0.000000,0.000000,1885.000000,657.000000,315.000000,1127.000000,0.000000,0.000000,0.000000,0.000000,0.000000,0.000000,0.000000,0.000000,0.000000,3.230000,10.650000,-2.460000,-0.810000,0.790000,-0.160000,40.690000,-22.750000,-9.690000
4.886000,153048.000000,0.000000,0.000000,1936.000000,672.000000,354.000000,1313.000000,0.000000,0.000000,0.000000,0.000000,0.000000,0.000000,0.000000,0.000000,0.000000,3.230000,10.650000,-2.460000,-0.810000,0.790000,-0.160000,40.690000,-22.750000,-9.690000
4.888000,153049.000000,0.000000,0.000000,1968.000000,735.000000,417.000000,1447.000000,0.000000,0.000000,0.000000,0.000000,0.000000,0.000000,0.000000,0.000000,0.000000,3.230000,10.650000,-2.460000,-0.810000,0.790000,-0.160000,40.690000,-22.750000,-9.690000
4.890000,153050.000000,0.000000,0.000000,2007.000000,784.000000,475.000000,1522.000000,0.000000,0.000000,0.000000,0.000000,0.000000,0.000000,0.000000,0.000000,0.000000,3.600000,10.670000,-2.580000,-0.680000,0.840000,-0.120000,41.500000,-21.880000,-8.880000
4.892000,153051.000000,0.000000,0.000000,2100.000000,864.000000,503.000000,1616.000000,0.000000,0.000000,0.000000,0.000000,0.000000,0.000000,0.000000,0.000000,0.000000,3.600000,10.670000,-2.580000,-0.680000,0.840000,-0.120000,41.500000,-21.880000,-8.880000
4.894000,153052.000000,0.000000,0.000000,2144.000000,1082.000000,550.000000,1968.000000,0.000000,0.000000,0.000000,0.000000,0.000000,0.000000,0.000000,0.000000,0.000000,3.600000,10.670000,-2.580000,-0.680000,0.840000,-0.120000,41.500000,-21.880000,-8.880000
4.896000,153053.000000,19.000000,0.000000,2229.000000,1271.000000,607.000000,2171.000000,0.000000,0.000000,0.000000,0.000000,0.000000,0.000000,0.000000,0.000000,0.000000,3.600000,10.670000,-2.580000,-0.680000,0.840000,-0.120000,41.500000,-21.880000,-8.880000
4.898000,153054.000000,1.000000,0.000000,2288.000000,1218.000000,675.000000,1926.000000,0.000000,0.000000,0.000000,0.000000,0.000000,0.000000,0.000000,0.000000,0.000000,3.600000,10.670000,-2.580000,-0.680000,0.840000,-0.120000,41.500000,-21.880000,-8.880000
4.900000,153055.000000,191.000000,0.000000,2383.000000,1062.000000,726.000000,1593.000000,0.000000,0.000000,0.000000,0.000000,0.000000,0.000000,0.000000,0.000000,0.000000,3.610000,10.750000,-2.940000,-0.530000,0.880000,-0.030000,41.500000,-21.880000,-8.880000
4.902000,153056.000000,0.000000,0.000000,2430.000000,782.000000,752.000000,1264.000000,0.000000,0.000000,0.000000,0.000000,0.000000,0.000000,0.000000,0.000000,0.000000,3.610000,10.750000,-2.940000,-0.530000,0.880000,-0.030000,41.500000,-21.880000,-8.880000
4.904000,153057.000000,0.000000,0.000000,2480.000000,649.000000,786.000000,1188.000000,0.000000,0.000000,0.000000,0.000000,0.000000,0.000000,0.000000,0.000000,0.000000,3.610000,10.750000,-2.940000,-0.530000,0.880000,-0.030000,41.500000,-21.880000,-8.880000
4.906000,153058.000000,0.000000,0.000000,2496.000000,660.000000,832.000000,1399.000000,0.000000,0.000000,0.000000,0.000000,0.000000,0.000000,0.000000,0.000000,0.000000,3.610000,10.750000,-2.940000,-0.530000,0.880000,-0.030000,41.500000,-21.880000,-8.880000
4.908000,153059.000000,0.000000,0.000000,2589.000000,709.000000,869.000000,1521.000000,0.000000,0.000000,0.000000,0.000000,0.000000,0.000000,0.000000,0.000000,0.000000,3.610000,10.750000,-2.940000,-0.530000,0.880000,-0.030000,41.500000,-21.880000,-8.880000
4.910000,153060.000000,143.000000,0.000000,2641.000000,745.000000,880.000000,1605.000000,0.000000,0.000000,0.000000,0.000000,0.000000,0.000000,0.000000,0.000000,0.000000,3.610000,10.630000,-2.870000,-0.370000,0.870000,0.040000,41.500000,-21.880000,-8.880000
4.912000,153061.000000,0.000000,0.000000,2668.000000,803.000000,946.000000,1663.000000,0.000000,0.000000,0.000000,0.000000,0.000000,0.000000,0.000000,0.000000,0.000000,3.610000,10.630000,-2.870000,-0.370000,0.870000,0.040000,41.500000,-21.880000,-8.880000
4.914000,153062.000000,3.000000,0.000000,2720.000000,987.000000,1005.000000,2065.000000,0.000000,0.000000,0.000000,0.000000,0.000000,0.000000,0.000000,0.000000,0.000000,3.610000,10.630000,-2.870000,-0.370000,0.870000,0.040000,41.500000,-21.880000,-8.880000
4.916000,153063.000000,24.000000,0.000000,2810.000000,1158.000000,1087.000000,2256.000000,0.000000,0.000000,0.000000,0.000000,0.000000,0.000000,0.000000,0.000000,0.000000,3.610000,10.630000,-2.870000,-0.370000,0.870000,0.040000,41.500000,-21.880000,-8.880000
4.918000,153064.000000,14.000000,18.000000,2867.000000,1138.000000,1168.000000,2069.000000,0.000000,0.000000,0.000000,0.000000,0.000000,0.000000,0.000000,0.000000,0.000000,3.610000,10.630000,-2.870000,-0.370000,0.870000,0.040000,41.500000,-21.880000,-8.880000
4.920000,153065.000000,240.000000,179.000000,2951.000000,938.000000,1205.000000,1680.000000,0.000000,0.000000,0.000000,0.000000,0.000000,0.000000,0.000000,0.000000,0.000000,3.910000,10.020000,-0.530000,-0.230000,0.810000,0.080000,41.500000,-21.880000,-8.880000
4.922000,153066.000000,0.000000,336.000000,3008.000000,653.000000,1270.000000,1348.000000,0.000000,0.000000,0.000000,0.000000,0.000000,0.000000,0.000000,0.000000,0.000000,3.910000,10.020000,-0.530000,-0.230000,0.810000,0.080000,41.500000,-21.880000,-8.880000
4.924000,153067.000000,0.000000,477.000000,3029.000000,541.000000,1273.000000,1305.000000,0.000000,0.000000,0.000000,0.000000,0.000000,0.000000,0.000000,0.000000,0.000000,3.910000,10.020000,-0.530000,-0.230000,0.810000,0.080000,41.500000,-21.880000,-8.880000
4.926000,153068.000000,0.000000,640.000000,3056.000000,601.000000,1327.000000,1497.000000,0.000000,0.000000,0.000000,0.000000,0.000000,0.000000,0.000000,0.000000,0.000000,3.910000,10.020000,-0.530000,-0.230000,0.810000,0.080000,41.500000,-21.880000,-8.880000
4.928000,153069.000000,0.000000,771.000000,3050.000000,694.000000,1360.000000,1649.000000,0.000000,0.000000,0.000000,0.000000,0.000000,0.000000,0.000000,0.000000,0.000000,3.910000,10.020000,-0.530000,-0.230000,0.810000,0.080000,41.500000,-21.880000,-8.880000
4.930000,153070.000000,11.000000,938.000000,3125.000000,748.000000,1376.000000,1742.000000,0.000000,0.000000,0.000000,0.000000,0.000000,0.000000,0.000000,0.000000,0.000000,3.860000,10.010000,0.620000,-0.100000,0.770000,0.070000,41.500000,-21.880000,-8.880000
4.932000,153071.000000,0.000000,1137.000000,3131.000000,832.000000,1440.000000,1805.000000,0.000000,0.000000,0.000000,0.000000,0.000000,0.000000,0.000000,0.000000,0.000000,3.860000,10.010000,0.620000,-0.100000,0.770000,0.070000,41.500000,-21.880000,-8.880000
4.934000,153072.000000,19.000000,1307.000000,3141.000000,1069.000000,1494.000000,2207.000000,0.000000,0.000000,0.000000,0.000000,0.000000,0.000000,0.000000,0.000000,0.000000,3.860000,10.010000,0.620000,-0.100000,0.770000,0.070000,41.500000,-21.880000,-8.880000
4.936000,153073.000000,47.000000,1488.000000,3169.000000,1260.000000,1535.000000,2385.000000,0.000000,0.000000,0.000000,0.000000,0.000000,0.000000,0.000000,0.000000,0.000000,3.860000,10.010000,0.620000,-0.100000,0.770000,0.070000,41.500000,-21.880000,-8.880000
4.938000,153074.000000,32.000000,1685.000000,3189.000000,1232.000000,1606.000000,2197.000000,0.000000,0.000000,0.000000,0.000000,0.000000,0.000000,0.000000,0.000000,0.000000,3.860000,10.010000,0.620000,-0.100000,0.770000,0.070000,41.500000,-21.880000,-8.880000
4.940000,153075.000000,6.000000,1818.000000,3182.000000,1036.000000,1664.000000,1776.000000,0.000000,0.000000,0.000000,0.000000,0.000000,0.000000,0.000000,0.000000,0.000000,3.490000,10.050000,1.570000,0.020000,0.720000,0.050000,43.250000,-20.750000,-8.060000
4.942000,153076.000000,64.000000,1973.000000,3165.000000,771.000000,1681.000000,1479.000000,0.000000,0.000000,0.000000,0.000000,0.000000,0.000000,0.000000,0.000000,0.000000,3.490000,10.050000,1.570000,0.020000,0.720000,0.050000,43.250000,-20.750000,-8.060000
4.944000,153077.000000,0.000000,2081.000000,3122.000000,681.000000,1698.000000,1497.000000,0.000000,0.000000,0.000000,0.000000,0.000000,0.000000,0.000000,0.000000,0.000000,3.490000,10.050000,1.570000,0.020000,0.720000,0.050000,43.250000,-20.750000,-8.060000
4.946000,153078.000000,0.000000,2162.000000,3035.000000,756.000000,1713.000000,1690.000000,0.000000,0.000000,0.000000,0.000000,0.000000,0.000000,0.000000,0.000000,0.000000,3.490000,10.050000,1.570000,0.020000,0.720000,0.050000,43.250000,-20.750000,-8.060000
4.948000,153079.000000,0.000000,2261.000000,2979.000000,822.000000,1730.000000,1695.000000,0.000000,0.000000,0.000000,0.000000,0.000000,0.000000,0.000000,0.000000,0.000000,3.490000,10.050000,1.570000,0.020000,0.720000,0.050000,43.250000,-20.750000,-8.060000
4.950000,153080.000000,746.000000,2324.000000,2930.000000,919.000000,1749.000000,1815.000000,0.000000,0.000000,0.000000,0.000000,0.000000,0.000000,0.000000,0.000000,0.000000,2.920000,10.080000,1.860000,0.110000,0.670000,0.030000,43.250000,-20.750000,-8.060000
4.952000,153081.000000,32.000000,2434.000000,2845.000000,942.000000,1778.000000,1901.000000,0.000000,0.000000,0.000000,0.000000,0.000000,0.000000,0.000000,0.000000,0.000000,2.920000,10.080000,1.860000,0.110000,0.670000,0.030000,43.250000,-20.750000,-8.060000
4.954000,153082.000000,48.000000,2511.000000,2835.000000,1136.000000,1822.000000,2269.000000,0.000000,0.000000,0.000000,0.000000,0.000000,0.000000,0.000000,0.000000,0.000000,2.920000,10.080000,1.860000,0.110000,0.670000,0.030000,43.250000,-20.750000,-8.060000
4.956000,153083.000000,66.000000,2629.000000,2802.000000,1335.000000,1853.000000,2457.000000,0.000000,0.000000,0.000000,0.000000,0.000000,0.000000,0.000000,0.000000,0.000000,2.920000,10.080000,1.860000,0.110000,0.670000,0.030000,43.250000,-20.750000,-8.060000
4.958000,153084.000000,53.000000,2731.000000,2781.000000,1264.000000,1884.000000,2252.000000,0.000000,0.000000,0.000000,0.000000,0.000000,0.000000,0.000000,0.000000,0.000000,2.920000,10.080000,1.860000,0.110000,0.670000,0.030000,43.250000,-20.750000,-8.060000
4.960000,153085.000000,912.000000,2800.000000,2756.000000,1093.000000,1930.000000,1863.000000,0.000000,0.000000,0.000000,0.000000,0.000000,0.000000,0.000000,0.000000,0.000000,1.960000,10.900000,1.000000,0.180000,0.620000,0.010000,43.250000,-20.750000,-8.060000
4.962000,153086.000000,41.000000,2858.000000,2707.000000,837.000000,1906.000000,1569.000000,0.000000,0.000000,0.000000,0.000000,0.000000,0.000000,0.000000,0.000000,0.000000,1.960000,10.900000,1.000000,0.180000,0.620000,0.010000,43.250000,-20.750000,-8.060000
4.964000,153087.000000,10.000000,2896.000000,2661.000000,721.000000,1926.000000,1535.000000,0.000000,0.000000,0.000000,0.000000,0.000000,0.000000,0.000000,0.000000,0.000000,1.960000,10.900000,1.000000,0.180000,0.620000,0.010000,43.250000,-20.750000,-8.060000
4.966000,153088.000000,6.000000,2908.000000,2634.000000,778.000000,1938.000000,1730.000000,0.000000,0.000000,0.000000,0.000000,0.000000,0.000000,0.000000,0.000000,0.000000,1.960000,10.900000,1.000000,0.180000,0.620000,0.010000,43.250000,-20.750000,-8.060000
4.968000,153089.000000,30.000000,2957.000000,2618.000000,853.000000,1930.000000,1779.000000,0.000000,0.000000,0.000000,0.000000,0.000000,0.000000,0.000000,0.000000,0.000000,1.960000,10.900000,1.000000,0.180000,0.620000,0.010000,43.250000,-20.750000,-8.060000
4.970000,153090.000000,951.000000,2957.000000,2559.000000,912.000000,1947.000000,1879.000000,0.000000,0.000000,0.000000,0.000000,0.000000,0.000000,0.000000,0.000000,0.000000,1.710000,11.780000,0.490000,0.230000,0.580000,0.020000,43.250000,-20.750000,-8.060000
4.972000,153091.000000,62.000000,2960.000000,2605.000000,979.000000,2000.000000,1952.000000,0.000000,0.000000,0.000000,0.000000,0.000000,0.000000,0.000000,0.000000,0.000000,1.710000,11.780000,0.490000,0.230000,0.580000,0.020000,43.250000,-20.750000,-8.060000
4.974000,153092.000000,64.000000,2992.000000,2605.000000,1189.000000,2030.000000,2354.000000,0.000000,0.000000,0.000000,0.000000,0.000000,0.000000,0.000000,0.000000,0.000000,1.710000,11.780000,0.490000,0.230000,0.580000,0.020000,43.250000,-20.750000,-8.060000
4.976000,153093.000000,96.000000,3067.000000,2611.000000,1402.000000,2086.000000,2498.000000,0.000000,0.000000,0.000000,0.000000,0.000000,0.000000,0.000000,0.000000,0.000000,1.710000,11.780000,0.490000,0.230000,0.580000,0.020000,43.250000,-20.750000,-8.060000
4.978000,153094.000000,81.000000,3121.000000,2619.000000,1359.000000,2181.000000,2253.000000,0.000000,0.000000,0.000000,0.000000,0.000000,0.000000,0.000000,0.000000,0.000000,1.710000,11.780000,0.490000,0.230000,0.580000,0.020000,43.250000,-20.750000,-8.060000
4.980000,153095.000000,113.000000,3194.000000,2626.000000,1181.000000,2246.000000,1708.000000,0.000000,0.000000,0.000000,0.000000,0.000000,0.000000,0.000000,0.000000,0.000000,1.650000,12.140000,0.370000,0.290000,0.590000,0.040000,43.250000,-20.750000,-8.060000
4.982000,153096.000000,47.000000,3259.000000,2627.000000,945.000000,2294.000000,1595.000000,0.000000,0.000000,0.000000,0.000000,0.000000,0.000000,0.000000,0.000000,0.000000,1.650000,12.140000,0.370000,0.290000,0.590000,0.040000,43.250000,-20.750000,-8.060000
4.984000,153097.000000,30.000000,3323.000000,2640.000000,832.000000,2321.000000,1621.000000,0.000000,0.000000,0.000000,0.000000,0.000000,0.000000,0.000000,0.000000,0.000000,1.650000,12.140000,0.370000,0.290000,0.590000,0.040000,43.250000,-20.750000,-8.060000
4.986000,153098.000000,33.000000,3408.000000,2608.000000,944.000000,2365.000000,1770.000000,0.000000,0.000000,0.000000,0.000000,0.000000,0.000000,0.000000,0.000000,0.000000,1.650000,12.140000,0.370000,0.290000,0.590000,0.040000,43.250000,-20.750000,-8.060000
4.988000,153099.000000,49.000000,3514.000000,2582.000000,1021.000000,2423.000000,1873.000000,0.000000,0.000000,0.000000,0.000000,0.000000,0.000000,0.000000,0.000000,0.000000,1.650000,12.140000,0.370000,0.290000,0.590000,0.040000,43.250000,-20.750000,-8.060000
4.990000,153100.000000,95.000000,3600.000000,2615.000000,1089.000000,2477.000000,1962.000000,0.000000,0.000000,0.000000,0.000000,0.000000,0.000000,0.000000,0.000000,0.000000,1.420000,12.950000,0.110000,0.340000,0.680000,0.080000,43.000000,-20.690000,-7.380000
4.992000,153101.000000,73.000000,3795.000000,2602.000000,1122.000000,2547.000000,1963.000000,0.000000,0.000000,0.000000,0.000000,0.000000,0.000000,0.000000,0.000000,0.000000,1.420000,12.950000,0.110000,0.340000,0.680000,0.080000,43.000000,-20.690000,-7.380000
4.994000,153102.000000,105.000000,3863.000000,2634.000000,1301.000000,2608.000000,2417.000000,0.000000,0.000000,0.000000,0.000000,0.000000,0.000000,0.000000,0.000000,0.000000,1.420000,12.950000,0.110000,0.340000,0.680000,0.080000,43.000000,-20.690000,-7.380000
4.996000,153103.000000,130.000000,4095.000000,2673.000000,1503.000000,2687.000000,2544.000000,0.000000,0.000000,0.000000,0.000000,0.000000,0.000000,0.000000,0.000000,0.000000,1.420000,12.950000,0.110000,0.340000,0.680000,0.080000,43.000000,-20.690000,-7.380000
4.998000,153104.000000,144.000000,4095.000000,2751.000000,1446.000000,2787.000000,2345.000000,0.000000,0.000000,0.000000,0.000000,0.000000,0.000000,0.000000,0.000000,0.000000,1.420000,12.950000,0.110000,0.340000,0.680000,0.080000,43.000000,-20.690000,-7.380000
5.000000,153105.000000,1377.000000,4095.000000,2800.000000,1261.000000,2851.000000,2037.000000,0.000000,0.000000,0.000000,0.000000,0.000000,0.000000,0.000000,0.000000,0.000000,0.950000,12.830000,0.350000,0.410000,0.800000,0.120000,43.000000,-20.690000,-7.380000
5.002000,153106.000000,196.000000,4095.000000,2839.000000,1049.000000,2922.000000,1691.000000,0.000000,0.000000,0.000000,0.000000,0.000000,0.000000,0.000000,0.000000,0.000000,0.950000,12.830000,0.350000,0.410000,0.800000,0.120000,43.000000,-20.690000,-7.380000
5.004000,153107.000000,134.000000,4095.000000,2864.000000,881.000000,2988.000000,1628.000000,0.000000,0.000000,0.000000,0.000000,0.000000,0.000000,0.000000,0.000000,0.000000,0.950000,12.830000,0.350000,0.410000,0.800000,0.120000,43.000000,-20.690000,-7.380000
5.006000,153108.000000,141.000000,4095.000000,2925.000000,917.000000,3056.000000,1859.000000,0.000000,0.000000,0.000000,0.000000,0.000000,0.000000,0.000000,0.000000,0.000000,0.950000,12.830000,0.350000,0.410000,0.800000,0.120000,43.000000,-20.690000,-7.380000
5.008000,153109.000000,138.000000,4095.000000,2927.000000,974.000000,3165.000000,1993.000000,0.000000,0.000000,0.000000,0.000000,0.000000,0.000000,0.000000,0.000000,0.000000,0.950000,12.830000,0.350000,0.410000,0.800000,0.120000,43.000000,-20.690000,-7.380000
5.010000,153110.000000,1421.000000,4095.000000,2997.000000,1011.000000,3280.000000,2061.000000,0.000000,0.000000,0.000000,0.000000,0.000000,0.000000,0.000000,0.000000,0.000000,0.920000,13.150000,0.160000,0.520000,0.860000,0.130000,43.000000,-20.690000,-7.380000
5.012000,153111.000000,218.000000,4095.000000,2997.000000,1066.000000,3440.000000,2159.000000,0.000000,0.000000,0.000000,0.000000,0.000000,0.000000,0.000000,0.000000,0.000000,0.920000,13.150000,0.160000,0.520000,0.860000,0.130000,43.000000,-20.690000,-7.380000
5.014000,153112.000000,209.000000,4095.000000,3043.000000,1271.000000,3654.000000,2682.000000,0.000000,0.000000,0.000000,0.000000,0.000000,0.000000,0.000000,0.000000,0.000000,0.920000,13.150000,0.160000,0.520000,0.860000,0.130000,43.000000,-20.690000,-7.380000
5.016000,153113.000000,209.000000,4095.000000,3118.000000,1457.000000,3915.000000,2679.000000,0.000000,0.000000,0.000000,0.000000,0.000000,0.000000,0.000000,0.000000,0.000000,0.920000,13.150000,0.160000,0.520000,0.860000,0.130000,43.000000,-20.690000,-7.380000
5.018000,153114.000000,192.000000,4095.000000,3139.000000,1395.000000,4095.000000,2385.000000,0.000000,0.000000,0.000000,0.000000,0.000000,0.000000,0.000000,0.000000,0.000000,0.920000,13.150000,0.160000,0.520000,0.860000,0.130000,43.000000,-20.690000,-7.380000
5.020000,153115.000000,1324.000000,4095.000000,3194.000000,1185.000000,4095.000000,1919.000000,0.000000,0.000000,0.000000,0.000000,0.000000,0.000000,0.000000,0.000000,0.000000,0.680000,13.440000,0.030000,0.610000,0.820000,0.100000,43.000000,-20.690000,-7.380000
5.022000,153116.000000,177.000000,4095.000000,3217.000000,944.000000,4095.000000,1727.000000,0.000000,0.000000,0.000000,0.000000,0.000000,0.000000,0.000000,0.000000,0.000000,0.680000,13.440000,0.030000,0.610000,0.820000,0.100000,43.000000,-20.690000,-7.380000
5.024000,153117.000000,128.000000,4095.000000,3186.000000,823.000000,4095.000000,1745.000000,0.000000,0.000000,0.000000,0.000000,0.000000,0.000000,0.000000,0.000000,0.000000,0.680000,13.440000,0.030000,0.610000,0.820000,0.100000,43.000000,-20.690000,-7.380000
5.026000,153118.000000,144.000000,4095.000000,3152.000000,879.000000,4095.000000,1934.000000,0.000000,0.000000,0.000000,0.000000,0.000000,0.000000,0.000000,0.000000,0.000000,0.680000,13.440000,0.030000,0.610000,0.820000,0.100000,43.000000,-20.690000,-7.380000
5.028000,153119.000000,157.000000,4095.000000,3088.000000,907.000000,4095.000000,2042.000000,0.000000,0.000000,0.000000,0.000000,0.000000,0.000000,0.000000,0.000000,0.000000,0.680000,13.440000,0.030000,0.610000,0.820000,0.100000,43.000000,-20.690000,-7.380000
5.030000,153120.000000,211.000000,4095.000000,3055.000000,978.000000,4095.000000,2327.000000,0.000000,0.000000,0.000000,0.000000,0.000000,0.000000,0.000000,0.000000,0.000000,0.370000,13.450000,0.110000,0.700000,0.650000,0.030000,43.000000,-20.690000,-7.380000
5.032000,153121.000000,272.000000,4095.000000,3029.000000,1040.000000,4095.000000,2454.000000,0.000000,0.000000,0.000000,0.000000,0.000000,0.000000,0.000000,0.000000,0.000000,0.370000,13.450000,0.110000,0.700000,0.650000,0.030000,43.000000,-20.690000,-7.380000
5.034000,153122.000000,167.000000,4095.000000,3011.000000,1232.000000,4095.000000,2112.000000,0.000000,0.000000,0.000000,0.000000,0.000000,0.000000,0.000000,0.000000,0.000000,0.370000,13.450000,0.110000,0.700000,0.650000,0.030000,43.000000,-20.690000,-7.380000
5.036000,153123.000000,157.000000,4095.000000,2972.000000,1433.000000,4095.000000,2159.000000,0.000000,0.000000,0.000000,0.000000,0.000000,0.000000,0.000000,0.000000,0.000000,0.370000,13.450000,0.110000,0.700000,0.650000,0.030000,43.000000,-20.690000,-7.380000
5.038000,153124.000000,171.000000,4095.000000,2913.000000,1354.000000,4095.000000,2322.000000,0.000000,0.000000,0.000000,0.000000,0.000000,0.000000,0.000000,0.000000,0.000000,0.370000,13.450000,0.110000,0.700000,0.650000,0.030000,43.000000,-20.690000,-7.380000
5.040000,153125.000000,261.000000,4095.000000,2861.000000,1165.000000,4095.000000,2187.000000,0.000000,0.000000,0.000000,0.000000,0.000000,0.000000,0.000000,0.000000,0.000000,0.210000,13.020000,0.250000,0.780000,0.360000,-0.050000,43.380000,-21.000000,-5.000000
5.042000,153126.000000,177.000000,4095.000000,2777.000000,931.000000,4095.000000,2007.000000,0.000000,0.000000,0.000000,0.000000,0.000000,0.000000,0.000000,0.000000,0.000000,0.210000,13.020000,0.250000,0.780000,0.360000,-0.050000,43.380000,-21.000000,-5.000000
5.044000,153127.000000,159.000000,4095.000000,2692.000000,816.000000,4095.000000,1919.000000,0.000000,0.000000,0.000000,0.000000,0.000000,0.000000,0.000000,0.000000,0.000000,0.210000,13.020000,0.250000,0.780000,0.360000,-0.050000,43.380000,-21.000000,-5.000000
5.046000,153128.000000,144.000000,4095.000000,2597.000000,843.000000,4095.000000,2034.000000,0.000000,0.000000,0.000000,0.000000,0.000000,0.000000,0.000000,0.000000,0.000000,0.210000,13.020000,0.250000,0.780000,0.360000,-0.050000,43.380000,-21.000000,-5.000000
5.048000,153129.000000,156.000000,4095.000000,2559.000000,897.000000,4095.000000,2187.000000,0.000000,0.000000,0.000000,0.000000,0.000000,0.000000,0.000000,0.000000,0.000000,0.210000,13.020000,0.250000,0.780000,0.360000,-0.050000,43.380000,-21.000000,-5.000000
5.050000,153130.000000,1426.000000,4095.000000,2473.000000,981.000000,4095.000000,2246.000000,0.000000,0.000000,0.000000,0.000000,0.000000,0.000000,0.000000,0.000000,0.000000,-0.350000,12.480000,0.360000,0.900000,0.060000,-0.120000,43.380000,-21.000000,-5.000000
5.052000,153131.000000,236.000000,4095.000000,2384.000000,1015.000000,4095.000000,2336.000000,0.000000,0.000000,0.000000,0.000000,0.000000,0.000000,0.000000,0.000000,0.000000,-0.350000,12.480000,0.360000,0.900000,0.060000,-0.120000,43.380000,-21.000000,-5.000000
5.054000,153132.000000,211.000000,4095.000000,2372.000000,1190.000000,4095.000000,2559.000000,0.000000,0.000000,0.000000,0.000000,0.000000,0.000000,0.000000,0.000000,0.000000,-0.350000,12.480000,0.360000,0.900000,0.060000,-0.120000,43.380000,-21.000000,-5.000000
5.056000,153133.000000,219.000000,4095.000000,2377.000000,1375.000000,4095.000000,2825.000000,0.000000,0.000000,0.000000,0.000000,0.000000,0.000000,0.000000,0.000000,0.000000,-0.350000,12.480000,0.360000,0.900000,0.060000,-0.120000,43.380000,-21.000000,-5.000000
5.058000,153134.000000,208.000000,4095.000000,2347.000000,1329.000000,4095.000000,2726.000000,0.000000,0.000000,0.000000,0.000000,0.000000,0.000000,0.000000,0.000000,0.000000,-0.350000,12.480000,0.360000,0.900000,0.060000,-0.120000,43.380000,-21.000000,-5.000000
5.060000,153135.000000,1458.000000,4095.000000,2366.000000,1161.000000,4095.000000,2451.000000,0.000000,0.000000,0.000000,0.000000,0.000000,0.000000,0.000000,0.000000,0.000000,-1.340000,11.910000,0.020000,1.000000,-0.140000,-0.190000,43.380000,-21.000000,-5.000000
5.062000,153136.000000,221.000000,4095.000000,2411.000000,878.000000,4095.000000,2094.000000,0.000000,0.000000,0.000000,0.000000,0.000000,0.000000,0.000000,0.000000,0.000000,-1.340000,11.910000,0.020000,1.000000,-0.140000,-0.190000,43.380000,-21.000000,-5.000000
5.064000,153137.000000,171.000000,4095.000000,2393.000000,784.000000,4095.000000,2001.000000,0.000000,0.000000,0.000000,0.000000,0.000000,0.000000,0.000000,0.000000,0.000000,-1.340000,11.910000,0.020000,1.000000,-0.140000,-0.190000,43.380000,-21.000000,-5.000000
5.066000,153138.000000,147.000000,4095.000000,2496.000000,847.000000,4095.000000,2001.000000,0.000000,0.000000,0.000000,0.000000,0.000000,0.000000,0.000000,0.000000,0.000000,-1.340000,11.910000,0.020000,1.000000,-0.140000,-0.190000,43.380000,-21.000000,-5.000000
5.068000,153139.000000,154.000000,4095.000000,2512.000000,944.000000,4095.000000,2234.000000,0.000000,0.000000,0.000000,0.000000,0.000000,0.000000,0.000000,0.000000,0.000000,-1.340000,11.910000,0.020000,1.000000,-0.140000,-0.190000,43.380000,-21.000000,-5.000000
5.070000,153140.000000,1463.000000,4095.000000,2687.000000,1011.000000,4095.000000,2407.000000,0.000000,0.000000,0.000000,0.000000,0.000000,0.000000,0.000000,0.000000,0.000000,-3.350000,11.270000,-1.730000,1.050000,-0.330000,-0.290000,43.380000,-21.000000,-5.000000
5.072000,153141.000000,240.000000,4095.000000,2761.000000,1085.000000,4095.000000,2477.000000,0.000000,0.000000,0.000000,0.000000,0.000000,0.000000,0.000000,0.000000,0.000000,-3.350000,11.270000,-1.730000,1.050000,-0.330000,-0.290000,43.380000,-21.000000,-5.000000
5.074000,153142.000000,187.000000,4095.000000,2897.000000,1258.000000,4095.000000,2708.000000,0.000000,0.000000,0.000000,0.000000,0.000000,0.000000,0.000000,0.000000,0.000000,-3.350000,11.270000,-1.730000,1.050000,-0.330000,-0.290000,43.380000,-21.000000,-5.000000
5.076000,153143.000000,174.000000,4095.000000,3088.000000,1444.000000,4095.000000,2835.000000,0.000000,0.000000,0.000000,0.000000,0.000000,0.000000,0.000000,0.000000,0.000000,-3.350000,11.270000,-1.730000,1.050000,-0.330000,-0.290000,43.380000,-21.000000,-5.000000
5.078000,153144.000000,131.000000,3993.000000,3263.000000,1385.000000,4095.000000,2479.000000,0.000000,0.000000,0.000000,0.000000,0.000000,0.000000,0.000000,0.000000,0.000000,-3.350000,11.270000,-1.730000,1.050000,-0.330000,-0.290000,43.380000,-21.000000,-5.000000
5.080000,153145.000000,62.000000,3886.000000,3472.000000,1181.000000,4095.000000,1916.000000,0.000000,0.000000,0.000000,0.000000,0.000000,0.000000,0.000000,0.000000,0.000000,-4.290000,11.600000,-3.450000,1.110000,-0.610000,-0.470000,43.380000,-21.000000,-5.000000
5.082000,153146.000000,171.000000,3696.000000,3631.000000,992.000000,4095.000000,1862.000000,0.000000,0.000000,0.000000,0.000000,0.000000,0.000000,0.000000,0.000000,0.000000,-4.290000,11.600000,-3.450000,1.110000,-0.610000,-0.470000,43.380000,-21.000000,-5.000000
5.084000,153147.000000,37.000000,3515.000000,3867.000000,915.000000,4095.000000,1792.000000,0.000000,0.000000,0.000000,0.000000,0.000000,0.000000,0.000000,0.000000,0.000000,-4.290000,11.600000,-3.450000,1.110000,-0.610000,-0.470000,43.380000,-21.000000,-5.000000
5.086000,153148.000000,53.000000,3341.000000,4069.000000,957.000000,4095.000000,1984.000000,0.000000,0.000000,0.000000,0.000000,0.000000,0.000000,0.000000,0.000000,0.000000,-4.290000,11.600000,-3.450000,1.110000,-0.610000,-0.470000,43.380000,-21.000000,-5.000000
5.088000,153149.000000,54.000000,3188.000000,4095.000000,1008.000000,4095.000000,2079.000000,0.000000,0.000000,0.000000,0.000000,0.000000,0.000000,0.000000,0.000000,0.000000,-4.290000,11.600000,-3.450000,1.110000,-0.610000,-0.470000,43.380000,-21.000000,-5.000000
5.090000,153150.000000,82.000000,3055.000000,4095.000000,1085.000000,4095.000000,2160.000000,0.000000,0.000000,0.000000,0.000000,0.000000,0.000000,0.000000,0.000000,0.000000,-3.880000,12.150000,-5.080000,1.300000,-1.160000,-0.720000,43.880000,-21.000000,-4.560000
5.092000,153151.000000,62.000000,2945.000000,4095.000000,1127.000000,4095.000000,2186.000000,0.000000,0.000000,0.000000,0.000000,0.000000,0.000000,0.000000,0.000000,0.000000,-3.880000,12.150000,-5.080000,1.300000,-1.160000,-0.720000,43.880000,-21.000000,-4.560000
5.094000,153152.000000,79.000000,2784.000000,4095.000000,1283.000000,4095.000000,2653.000000,0.000000,0.000000,0.000000,0.000000,0.000000,0.000000,0.000000,0.000000,0.000000,-3.880000,12.150000,-5.080000,1.300000,-1.160000,-0.720000,43.880000,-21.000000,-4.560000
5.096000,153153.000000,90.000000,2715.000000,4095.000000,1961.000000,4095.000000,2665.000000,0.000000,0.000000,0.000000,0.000000,0.000000,0.000000,0.000000,0.000000,0.000000,-3.880000,12.150000,-5.080000,1.300000,-1.160000,-0.720000,43.880000,-21.000000,-4.560000
5.098000,153154.000000,63.000000,2612.000000,4095.000000,3287.000000,4095.000000,2455.000000,0.000000,0.000000,0.000000,0.000000,0.000000,0.000000,0.000000,0.000000,0.000000,-3.880000,12.150000,-5.080000,1.300000,-1.160000,-0.720000,43.880000,-21.000000,-4.560000
5.100000,153155.000000,844.000000,2497.000000,4095.000000,3565.000000,4095.000000,2064.000000,0.000000,0.000000,0.000000,0.000000,0.000000,0.000000,0.000000,0.000000,0.000000,-3.180000,12.490000,-4.750000,1.800000,-1.710000,-0.980000,43.880000,-21.000000,-4.560000
5.102000,153156.000000,36.000000,2366.000000,4095.000000,3328.000000,4095.000000,1835.000000,0.000000,0.000000,0.000000,0.000000,0.000000,0.000000,0.000000,0.000000,0.000000,-3.180000,12.490000,-4.750000,1.800000,-1.710000,-0.980000,43.880000,-21.000000,-4.560000
5.104000,153157.000000,5.000000,2251.000000,4095.000000,3171.000000,4095.000000,1858.000000,0.000000,0.000000,0.000000,0.000000,0.000000,0.000000,0.000000,0.000000,0.000000,-3.180000,12.490000,-4.750000,1.800000,-1.710000,-0.980000,43.880000,-21.000000,-4.560000
5.106000,153158.000000,22.000000,2157.000000,4095.000000,2864.000000,4095.000000,2070.000000,0.000000,0.000000,0.000000,0.000000,0.000000,0.000000,0.000000,0.000000,0.000000,-3.180000,12.490000,-4.750000,1.800000,-1.710000,-0.980000,43.880000,-21.000000,-4.560000
5.108000,153159.000000,22.000000,2078.000000,4095.000000,2689.000000,4095.000000,2117.000000,0.000000,0.000000,0.000000,0.000000,0.000000,0.000000,0.000000,0.000000,0.000000,-3.180000,12.490000,-4.750000,1.800000,-1.710000,-0.980000,43.880000,-21.000000,-4.560000
5.110000,153160.000000,670.000000,2017.000000,4095.000000,2559.000000,4095.000000,2173.000000,0.000000,0.000000,0.000000,0.000000,0.000000,0.000000,0.000000,0.000000,0.000000,-0.920000,12.730000,-1.930000,2.390000,-1.750000,-1.130000,43.880000,-21.000000,-4.560000
5.112000,153161.000000,53.000000,1936.000000,4095.000000,2496.000000,4095.000000,2197.000000,0.000000,0.000000,0.000000,0.000000,0.000000,0.000000,0.000000,0.000000,0.000000,-0.920000,12.730000,-1.930000,2.390000,-1.750000,-1.130000,43.880000,-21.000000,-4.560000
5.114000,153162.000000,64.000000,1889.000000,4095.000000,2496.000000,4095.000000,2679.000000,0.000000,0.000000,0.000000,0.000000,0.000000,0.000000,0.000000,0.000000,0.000000,-0.920000,12.730000,-1.930000,2.390000,-1.750000,-1.130000,43.880000,-21.000000,-4.560000
5.116000,153163.000000,106.000000,1862.000000,4095.000000,2454.000000,4095.000000,3273.000000,0.000000,0.000000,0.000000,0.000000,0.000000,0.000000,0.000000,0.000000,0.000000,-0.920000,12.730000,-1.930000,2.390000,-1.750000,-1.130000,43.880000,-21.000000,-4.560000
5.118000,153164.000000,107.000000,1864.000000,4095.000000,2374.000000,4095.000000,3094.000000,0.000000,0.000000,0.000000,0.000000,0.000000,0.000000,0.000000,0.000000,0.000000,-0.920000,12.730000,-1.930000,2.390000,-1.750000,-1.130000,43.880000,-21.000000,-4.560000
5.120000,153165.000000,70.000000,1815.000000,4095.000000,2388.000000,4095.000000,2473.000000,0.000000,0.000000,0.000000,0.000000,0.000000,0.000000,0.000000,0.000000,0.000000,-0.130000,12.830000,-0.300000,2.850000,-1.230000,-1.110000,43.880000,-21.000000,-4.560000
5.122000,153166.000000,0.000000,1818.000000,4095.000000,2289.000000,4095.000000,1931.000000,0.000000,0.000000,0.000000,0.000000,0.000000,0.000000,0.000000,0.000000,0.000000,-0.130000,12.830000,-0.300000,2.850000,-1.230000,-1.110000,43.880000,-21.000000,-4.560000
5.124000,153167.000000,0.000000,1783.000000,4095.000000,2222.000000,4095.000000,1841.000000,0.000000,0.000000,0.000000,0.000000,0.000000,0.000000,0.000000,0.000000,0.000000,-0.130000,12.830000,-0.300000,2.850000,-1.230000,-1.110000,43.880000,-21.000000,-4.560000
5.126000,153168.000000,10.000000,1771.000000,4095.000000,2206.000000,4095.000000,2000.000000,0.000000,0.000000,0.000000,0.000000,0.000000,0.000000,0.000000,0.000000,0.000000,-0.130000,12.830000,-0.300000,2.850000,-1.230000,-1.110000,43.880000,-21.000000,-4.560000
5.128000,153169.000000,16.000000,1776.000000,4095.000000,2237.000000,4095.000000,2083.000000,0.000000,0.000000,0.000000,0.000000,0.000000,0.000000,0.000000,0.000000,0.000000,-0.130000,12.830000,-0.300000,2.850000,-1.230000,-1.110000,43.880000,-21.000000,-4.560000
5.130000,153170.000000,36.000000,1747.000000,4095.000000,2175.000000,4095.000000,2115.000000,0.000000,0.000000,0.000000,0.000000,0.000000,0.000000,0.000000,0.000000,0.000000,1.050000,12.950000,1.070000,3.110000,-0.500000,-0.930000,43.880000,-21.000000,-4.560000
5.132000,153171.000000,27.000000,1797.000000,4095.000000,2058.000000,4095.000000,2183.000000,0.000000,0.000000,0.000000,0.000000,0.000000,0.000000,0.000000,0.000000,0.000000,1.050000,12.950000,1.070000,3.110000,-0.500000,-0.930000,43.880000,-21.000000,-4.560000
5.134000,153172.000000,60.000000,1827.000000,4095.000000,2145.000000,4095.000000,2643.000000,0.000000,0.000000,0.000000,0.000000,0.000000,0.000000,0.000000,0.000000,0.000000,1.050000,12.950000,1.070000,3.110000,-0.500000,-0.930000,43.880000,-21.000000,-4.560000
5.136000,153173.000000,64.000000,1920.000000,4095.000000,2149.000000,4095.000000,2641.000000,0.000000,0.000000,0.000000,0.000000,0.000000,0.000000,0.000000,0.000000,0.000000,1.050000,12.950000,1.070000,3.110000,-0.500000,-0.930000,43.880000,-21.000000,-4.560000
5.138000,153174.000000,39.000000,2029.000000,4095.000000,2075.000000,4095.000000,2325.000000,0.000000,0.000000,0.000000,0.000000,0.000000,0.000000,0.000000,0.000000,0.000000,1.050000,12.950000,1.070000,3.110000,-0.500000,-0.930000,43.880000,-21.000000,-4.560000
5.140000,153175.000000,64.000000,2091.000000,4095.000000,2031.000000,4095.000000,1922.000000,0.000000,0.000000,0.000000,0.000000,0.000000,0.000000,0.000000,0.000000,0.000000,0.850000,12.910000,2.660000,3.250000,0.440000,-0.650000,44.560000,-19.880000,-5.060000
5.142000,153176.000000,0.000000,2183.000000,4095.000000,2010.000000,4095.000000,1781.000000,0.000000,0.000000,0.000000,0.000000,0.000000,0.000000,0.000000,0.000000,0.000000,0.850000,12.910000,2.660000,3.250000,0.440000,-0.650000,44.560000,-19.880000,-5.060000
5.144000,153177.000000,3.000000,2230.000000,4095.000000,1925.000000,4095.000000,1811.000000,0.000000,0.000000,0.000000,0.000000,0.000000,0.000000,0.000000,0.000000,0.000000,0.850000,12.910000,2.660000,3.250000,0.440000,-0.650000,44.560000,-19.880000,-5.060000
5.146000,153178.000000,41.000000,2305.000000,4095.000000,1830.000000,4095.000000,2225.000000,0.000000,0.000000,0.000000,0.000000,0.000000,0.000000,0.000000,0.000000,0.000000,0.850000,12.910000,2.660000,3.250000,0.440000,-0.650000,44.560000,-19.880000,-5.060000
5.148000,153179.000000,49.000000,2403.000000,3840.000000,1779.000000,4095.000000,2384.000000,0.000000,0.000000,0.000000,0.000000,0.000000,0.000000,0.000000,0.000000,0.000000,0.850000,12.910000,2.660000,3.250000,0.440000,-0.650000,44.560000,-19.880000,-5.060000
5.150000,153180.000000,834.000000,2477.000000,3613.000000,1744.000000,4095.000000,2339.000000,0.000000,0.000000,0.000000,0.000000,0.000000,0.000000,0.000000,0.000000,0.000000,0.840000,12.270000,5.930000,3.220000,1.300000,-0.350000,44.560000,-19.880000,-5.060000
5.152000,153181.000000,71.000000,2587.000000,3331.000000,1677.000000,4095.000000,2223.000000,0.000000,0.000000,0.000000,0.000000,0.000000,0.000000,0.000000,0.000000,0.000000,0.840000,12.270000,5.930000,3.220000,1.300000,-0.350000,44.560000,-19.880000,-5.060000
5.154000,153182.000000,79.000000,2655.000000,3143.000000,1727.000000,4095.000000,2605.000000,0.000000,0.000000,0.000000,0.000000,0.000000,0.000000,0.000000,0.000000,0.000000,0.840000,12.270000,5.930000,3.220000,1.300000,-0.350000,44.560000,-19.880000,-5.060000
5.156000,153183.000000,80.000000,2789.000000,3255.000000,1714.000000,4095.000000,2599.000000,0.000000,0.000000,0.000000,0.000000,0.000000,0.000000,0.000000,0.000000,0.000000,0.840000,12.270000,5.930000,3.220000,1.300000,-0.350000,44.560000,-19.880000,-5.060000
5.158000,153184.000000,61.000000,2917.000000,3442.000000,1622.000000,4095.000000,2310.000000,0.000000,0.000000,0.000000,0.000000,0.000000,0.000000,0.000000,0.000000,0.000000,0.840000,12.270000,5.930000,3.220000,1.300000,-0.350000,44.560000,-19.880000,-5.060000
5.160000,153185.000000,991.000000,3009.000000,3383.000000,1557.000000,4095.000000,1931.000000,0.000000,0.000000,0.000000,0.000000,0.000000,0.000000,0.000000,0.000000,0.000000,1.000000,12.130000,6.260000,2.880000,1.750000,-0.080000,44.560000,-19.880000,-5.060000
5.162000,153186.000000,42.000000,3117.000000,3259.000000,1213.000000,4095.000000,1711.000000,0.000000,0.000000,0.000000,0.000000,0.000000,0.000000,0.000000,0.000000,0.000000,1.000000,12.130000,6.260000,2.880000,1.750000,-0.080000,44.560000,-19.880000,-5.060000
5.164000,153187.000000,36.000000,3194.000000,3120.000000,973.000000,4061.000000,1753.000000,0.000000,0.000000,0.000000,0.000000,0.000000,0.000000,0.000000,0.000000,0.000000,1.000000,12.130000,6.260000,2.880000,1.750000,-0.080000,44.560000,-19.880000,-5.060000
5.166000,153188.000000,61.000000,3251.000000,3039.000000,883.000000,3875.000000,1927.000000,0.000000,0.000000,0.000000,0.000000,0.000000,0.000000,0.000000,0.000000,0.000000,1.000000,12.130000,6.260000,2.880000,1.750000,-0.080000,44.560000,-19.880000,-5.060000
5.168000,153189.000000,48.000000,3312.000000,2928.000000,895.000000,3760.000000,1986.000000,0.000000,0.000000,0.000000,0.000000,0.000000,0.000000,0.000000,0.000000,0.000000,1.000000,12.130000,6.260000,2.880000,1.750000,-0.080000,44.560000,-19.880000,-5.060000
5.170000,153190.000000,63.000000,3363.000000,2831.000000,925.000000,3691.000000,2047.000000,0.000000,0.000000,0.000000,0.000000,0.000000,0.000000,0.000000,0.000000,0.000000,1.160000,12.190000,6.300000,2.540000,1.770000,0.170000,44.560000,-19.880000,-5.060000
5.172000,153191.000000,53.000000,3386.000000,2725.000000,951.000000,3569.000000,2087.000000,0.000000,0.000000,0.000000,0.000000,0.000000,0.000000,0.000000,0.000000,0.000000,1.160000,12.190000,6.300000,2.540000,1.770000,0.170000,44.560000,-19.880000,-5.060000
5.174000,153192.000000,90.000000,3430.000000,2677.000000,1088.000000,3475.000000,2528.000000,0.000000,0.000000,0.000000,0.000000,0.000000,0.000000,0.000000,0.000000,0.000000,1.160000,12.190000,6.300000,2.540000,1.770000,0.170000,44.560000,-19.880000,-5.060000
5.176000,153193.000000,103.000000,3443.000000,2629.000000,1259.000000,3399.000000,2495.000000,0.000000,0.000000,0.000000,0.000000,0.000000,0.000000,0.000000,0.000000,0.000000,1.160000,12.190000,6.300000,2.540000,1.770000,0.170000,44.560000,-19.880000,-5.060000
5.178000,153194.000000,65.000000,3530.000000,2516.000000,1222.000000,3322.000000,2261.000000,0.000000,0.000000,0.000000,0.000000,0.000000,0.000000,0.000000,0.000000,0.000000,1.160000,12.190000,6.300000,2.540000,1.770000,0.170000,44.560000,-19.880000,-5.060000
5.180000,153195.000000,112.000000,3493.000000,2455.000000,1105.000000,3291.000000,1808.000000,0.000000,0.000000,0.000000,0.000000,0.000000,0.000000,0.000000,0.000000,0.000000,0.420000,11.930000,4.370000,2.260000,1.520000,0.400000,44.560000,-19.880000,-5.060000
5.182000,153196.000000,26.000000,3472.000000,2320.000000,887.000000,3173.000000,1681.000000,0.000000,0.000000,0.000000,0.000000,0.000000,0.000000,0.000000,0.000000,0.000000,0.420000,11.930000,4.370000,2.260000,1.520000,0.400000,44.560000,-19.880000,-5.060000
5.184000,153197.000000,15.000000,3361.000000,2215.000000,764.000000,3082.000000,1659.000000,0.000000,0.000000,0.000000,0.000000,0.000000,0.000000,0.000000,0.000000,0.000000,0.420000,11.930000,4.370000,2.260000,1.520000,0.400000,44.560000,-19.880000,-5.060000
5.186000,153198.000000,33.000000,3280.000000,2161.000000,819.000000,2990.000000,1857.000000,0.000000,0.000000,0.000000,0.000000,0.000000,0.000000,0.000000,0.000000,0.000000,0.420000,11.930000,4.370000,2.260000,1.520000,0.400000,44.560000,-19.880000,-5.060000
5.188000,153199.000000,37.000000,3218.000000,2104.000000,879.000000,2933.000000,1904.000000,0.000000,0.000000,0.000000,0.000000,0.000000,0.000000,0.000000,0.000000,0.000000,0.420000,11.930000,4.370000,2.260000,1.520000,0.400000,44.560000,-19.880000,-5.060000
5.190000,153200.000000,102.000000,3111.000000,2043.000000,938.000000,2896.000000,1979.000000,0.000000,0.000000,0.000000,0.000000,0.000000,0.000000,0.000000,0.000000,0.000000,0.090000,11.570000,4.210000,2.170000,1.050000,0.540000,44.250000,-19.190000,-2.560000
5.192000,153201.000000,50.000000,3071.000000,1966.000000,966.000000,2847.000000,1993.000000,0.000000,0.000000,0.000000,0.000000,0.000000,0.000000,0.000000,0.000000,0.000000,0.090000,11.570000,4.210000,2.170000,1.050000,0.540000,44.250000,-19.190000,-2.560000
5.194000,153202.000000,101.000000,3002.000000,1909.000000,1088.000000,2831.000000,2407.000000,0.000000,0.000000,0.000000,0.000000,0.000000,0.000000,0.000000,0.000000,0.000000,0.090000,11.570000,4.210000,2.170000,1.050000,0.540000,44.250000,-19.190000,-2.560000
5.196000,153203.000000,68.000000,2976.000000,1904.000000,1255.000000,2818.000000,2415.000000,0.000000,0.000000,0.000000,0.000000,0.000000,0.000000,0.000000,0.000000,0.000000,0.090000,11.570000,4.210000,2.170000,1.050000,0.540000,44.250000,-19.190000,-2.560000
5.198000,153204.000000,46.000000,2943.000000,1808.000000,1232.000000,2825.000000,2160.000000,0.000000,0.000000,0.000000,0.000000,0.000000,0.000000,0.000000,0.000000,0.000000,0.090000,11.570000,4.210000,2.170000,1.050000,0.540000,44.250000,-19.190000,-2.560000
5.200000,153205.000000,926.000000,2864.000000,1739.000000,1101.000000,2813.000000,1776.000000,0.000000,0.000000,0.000000,0.000000,0.000000,0.000000,0.000000,0.000000,0.000000,0.010000,11.000000,4.040000,2.180000,0.430000,0.530000,44.250000,-19.190000,-2.560000
5.202000,153206.000000,19.000000,2768.000000,1670.000000,863.000000,2738.000000,1555.000000,0.000000,0.000000,0.000000,0.000000,0.000000,0.000000,0.000000,0.000000,0.000000,0.010000,11.000000,4.040000,2.180000,0.430000,0.530000,44.250000,-19.190000,-2.560000
5.204000,153207.000000,1.000000,2683.000000,1512.000000,736.000000,2675.000000,1572.000000,0.000000,0.000000,0.000000,0.000000,0.000000,0.000000,0.000000,0.000000,0.000000,0.010000,11.000000,4.040000,2.180000,0.430000,0.530000,44.250000,-19.190000,-2.560000
5.206000,153208.000000,7.000000,2621.000000,1399.000000,766.000000,2627.000000,1758.000000,0.000000,0.000000,0.000000,0.000000,0.000000,0.000000,0.000000,0.000000,0.000000,0.010000,11.000000,4.040000,2.180000,0.430000,0.530000,44.250000,-19.190000,-2.560000
5.208000,153209.000000,8.000000,2544.000000,1310.000000,816.000000,2582.000000,1811.000000,0.000000,0.000000,0.000000,0.000000,0.000000,0.000000,0.000000,0.000000,0.000000,0.010000,11.000000,4.040000,2.180000,0.430000,0.530000,44.250000,-19.190000,-2.560000
5.210000,153210.000000,0.000000,2462.000000,1223.000000,853.000000,2494.000000,1850.000000,0.000000,0.000000,0.000000,0.000000,0.000000,0.000000,0.000000,0.000000,0.000000,0.190000,10.640000,3.640000,2.180000,-0.250000,0.450000,44.250000,-19.190000,-2.560000
5.212000,153211.000000,13.000000,2401.000000,1136.000000,870.000000,2450.000000,1885.000000,0.000000,0.000000,0.000000,0.000000,0.000000,0.000000,0.000000,0.000000,0.000000,0.190000,10.640000,3.640000,2.180000,-0.250000,0.450000,44.250000,-19.190000,-2.560000
5.214000,153212.000000,50.000000,2373.000000,1053.000000,975.000000,2395.000000,2322.000000,0.000000,0.000000,0.000000,0.000000,0.000000,0.000000,0.000000,0.000000,0.000000,0.190000,10.640000,3.640000,2.180000,-0.250000,0.450000,44.250000,-19.190000,-2.560000
5.216000,153213.000000,51.000000,2352.000000,1078.000000,1104.000000,2352.000000,2293.000000,0.000000,0.000000,0.000000,0.000000,0.000000,0.000000,0.000000,0.000000,0.000000,0.190000,10.640000,3.640000,2.180000,-0.250000,0.450000,44.250000,-19.190000,-2.560000
5.218000,153214.000000,37.000000,2343.000000,1083.000000,1081.000000,2320.000000,2047.000000,0.000000,0.000000,0.000000,0.000000,0.000000,0.000000,0.000000,0.000000,0.000000,0.190000,10.640000,3.640000,2.180000,-0.250000,0.450000,44.250000,-19.190000,-2.560000
5.220000,153215.000000,748.000000,2323.000000,1066.000000,963.000000,2288.000000,1637.000000,0.000000,0.000000,0.000000,0.000000,0.000000,0.000000,0.000000,0.000000,0.000000,0.650000,10.560000,2.980000,2.150000,-0.820000,0.350000,44.250000,-19.190000,-2.560000
5.222000,153216.000000,0.000000,2283.000000,704.000000,717.000000,2235.000000,1442.000000,0.000000,0.000000,0.000000,0.000000,0.000000,0.000000,0.000000,0.000000,0.000000,0.650000,10.560000,2.980000,2.150000,-0.820000,0.350000,44.250000,-19.190000,-2.560000
5.224000,153217.000000,0.000000,2249.000000,626.000000,619.000000,2182.000000,1469.000000,0.000000,0.000000,0.000000,0.000000,0.000000,0.000000,0.000000,0.000000,0.000000,0.650000,10.560000,2.980000,2.150000,-0.820000,0.350000,44.250000,-19.190000,-2.560000
5.226000,153218.000000,0.000000,2195.000000,525.000000,640.000000,2142.000000,1630.000000,0.000000,0.000000,0.000000,0.000000,0.000000,0.000000,0.000000,0.000000,0.000000,0.650000,10.560000,2.980000,2.150000,-0.820000,0.350000,44.250000,-19.190000,-2.560000
5.228000,153219.000000,0.000000,2165.000000,470.000000,657.000000,2119.000000,1709.000000,0.000000,0.000000,0.000000,0.000000,0.000000,0.000000,0.000000,0.000000,0.000000,0.650000,10.560000,2.980000,2.150000,-0.820000,0.350000,44.250000,-19.190000,-2.560000
5.230000,153220.000000,28.000000,2131.000000,400.000000,717.000000,2129.000000,1802.000000,0.000000,0.000000,0.000000,0.000000,0.000000,0.000000,0.000000,0.000000,0.000000,0.820000,10.670000,2.580000,2.090000,-1.180000,0.260000,44.250000,-19.190000,-2.560000
5.232000,153221.000000,0.000000,2117.000000,389.000000,741.000000,2155.000000,1825.000000,0.000000,0.000000,0.000000,0.000000,0.000000,0.000000,0.000000,0.000000,0.000000,0.820000,10.670000,2.580000,2.090000,-1.180000,0.260000,44.250000,-19.190000,-2.560000
5.234000,153222.000000,29.000000,2100.000000,369.000000,837.000000,2192.000000,2212.000000,0.000000,0.000000,0.000000,0.000000,0.000000,0.000000,0.000000,0.000000,0.000000,0.820000,10.670000,2.580000,2.090000,-1.180000,0.260000,44.250000,-19.190000,-2.560000
5.236000,153223.000000,41.000000,2077.000000,379.000000,981.000000,2271.000000,2209.000000,0.000000,0.000000,0.000000,0.000000,0.000000,0.000000,0.000000,0.000000,0.000000,0.820000,10.670000,2.580000,2.090000,-1.180000,0.260000,44.250000,-19.190000,-2.560000
5.238000,153224.000000,18.000000,2087.000000,413.000000,942.000000,2353.000000,1951.000000,0.000000,0.000000,0.000000,0.000000,0.000000,0.000000,0.000000,0.000000,0.000000,0.820000,10.670000,2.580000,2.090000,-1.180000,0.260000,44.250000,-19.190000,-2.560000
5.240000,153225.000000,80.000000,2033.000000,423.000000,811.000000,2386.000000,1567.000000,0.000000,0.000000,0.000000,0.000000,0.000000,0.000000,0.000000,0.000000,0.000000,0.960000,10.820000,2.010000,2.010000,-1.290000,0.200000,45.250000,-19.190000,0.250000
5.242000,153226.000000,0.000000,1990.000000,449.000000,597.000000,2427.000000,1393.000000,0.000000,0.000000,0.000000,0.000000,0.000000,0.000000,0.000000,0.000000,0.000000,0.960000,10.820000,2.010000,2.010000,-1.290000,0.200000,45.250000,-19.190000,0.250000
5.244000,153227.000000,0.000000,1920.000000,458.000000,497.000000,2406.000000,1424.000000,0.000000,0.000000,0.000000,0.000000,0.000000,0.000000,0.000000,0.000000,0.000000,0.960000,10.820000,2.010000,2.010000,-1.290000,0.200000,45.250000,-19.190000,0.250000
5.246000,153228.000000,0.000000,1843.000000,496.000000,511.000000,2437.000000,1625.000000,0.000000,0.000000,0.000000,0.000000,0.000000,0.000000,0.000000,0.000000,0.000000,0.960000,10.820000,2.010000,2.010000,-1.290000,0.200000,45.250000,-19.190000,0.250000
5.248000,153229.000000,0.000000,1757.000000,528.000000,568.000000,2416.000000,1729.000000,0.000000,0.000000,0.000000,0.000000,0.000000,0.000000,0.000000,0.000000,0.000000,0.960000,10.820000,2.010000,2.010000,-1.290000,0.200000,45.250000,-19.190000,0.250000
5.250000,153230.000000,539.000000,1698.000000,576.000000,607.000000,2469.000000,1727.000000,0.000000,0.000000,0.000000,0.000000,0.000000,0.000000,0.000000,0.000000,0.000000,0.950000,10.820000,1.240000,1.960000,-1.220000,0.160000,45.250000,-19.190000,0.250000
5.252000,153231.000000,9.000000,1655.000000,626.000000,635.000000,2474.000000,1808.000000,0.000000,0.000000,0.000000,0.000000,0.000000,0.000000,0.000000,0.000000,0.000000,0.950000,10.820000,1.240000,1.960000,-1.220000,0.160000,45.250000,-19.190000,0.250000
5.254000,153232.000000,22.000000,1591.000000,695.000000,780.000000,2503.000000,2223.000000,0.000000,0.000000,0.000000,0.000000,0.000000,0.000000,0.000000,0.000000,0.000000,0.950000,10.820000,1.240000,1.960000,-1.220000,0.160000,45.250000,-19.190000,0.250000
5.256000,153233.000000,39.000000,1554.000000,743.000000,942.000000,2546.000000,2224.000000,0.000000,0.000000,0.000000,0.000000,0.000000,0.000000,0.000000,0.000000,0.000000,0.950000,10.820000,1.240000,1.960000,-1.220000,0.160000,45.250000,-19.190000,0.250000
5.258000,153234.000000,10.000000,1535.000000,843.000000,929.000000,2601.000000,1971.000000,0.000000,0.000000,0.000000,0.000000,0.000000,0.000000,0.000000,0.000000,0.000000,0.950000,10.820000,1.240000,1.960000,-1.220000,0.160000,45.250000,-19.190000,0.250000
5.260000,153235.000000,0.000000,1495.000000,913.000000,806.000000,2640.000000,1591.000000,0.000000,0.000000,0.000000,0.000000,0.000000,0.000000,0.000000,0.000000,0.000000,0.760000,10.380000,0.290000,1.960000,-1.090000,0.140000,45.250000,-19.190000,0.250000
5.262000,153236.000000,0.000000,1427.000000,954.000000,603.000000,2647.000000,1390.000000,0.000000,0.000000,0.000000,0.000000,0.000000,0.000000,0.000000,0.000000,0.000000,0.760000,10.380000,0.290000,1.960000,-1.090000,0.140000,45.250000,-19.190000,0.250000
5.264000,153237.000000,0.000000,1389.000000,1013.000000,511.000000,2669.000000,1422.000000,0.000000,0.000000,0.000000,0.000000,0.000000,0.000000,0.000000,0.000000,0.000000,0.760000,10.380000,0.290000,1.960000,-1.090000,0.140000,45.250000,-19.190000,0.250000
5.266000,153238.000000,0.000000,1317.000000,1040.000000,577.000000,2673.000000,1648.000000,0.000000,0.000000,0.000000,0.000000,0.000000,0.000000,0.000000,0.000000,0.000000,0.760000,10.380000,0.290000,1.960000,-1.090000,0.140000,45.250000,-19.190000,0.250000
5.268000,153239.000000,0.000000,1309.000000,1098.000000,624.000000,2705.000000,1745.000000,0.000000,0.000000,0.000000,0.000000,0.000000,0.000000,0.000000,0.000000,0.000000,0.760000,10.380000,0.290000,1.960000,-1.090000,0.140000,45.250000,-19.190000,0.250000
5.270000,153240.000000,277.000000,1307.000000,1115.000000,704.000000,2736.000000,1791.000000,0.000000,0.000000,0.000000,0.000000,0.000000,0.000000,0.000000,0.000000,0.000000,0.270000,10.010000,0.700000,1.970000,-0.910000,0.150000,45.250000,-19.190000,0.250000
5.272000,153241.000000,3.000000,1307.000000,1185.000000,742.000000,2783.000000,1839.000000,0.000000,0.000000,0.000000,0.000000,0.000000,0.000000,0.000000,0.000000,0.000000,0.270000,10.010000,0.700000,1.970000,-0.910000,0.150000,45.250000,-19.190000,0.250000
5.274000,153242.000000,34.000000,1301.000000,1217.000000,864.000000,2790.000000,2250.000000,0.000000,0.000000,0.000000,0.000000,0.000000,0.000000,0.000000,0.000000,0.000000,0.270000,10.010000,0.700000,1.970000,-0.910000,0.150000,45.250000,-19.190000,0.250000
5.276000,153243.000000,34.000000,1351.000000,1317.000000,1035.000000,2842.000000,2277.000000,0.000000,0.000000,0.000000,0.000000,0.000000,0.000000,0.000000,0.000000,0.000000,0.270000,10.010000,0.700000,1.970000,-0.910000,0.150000,45.250000,-19.190000,0.250000
5.278000,153244.000000,16.000000,1424.000000,1379.000000,983.000000,2861.000000,1999.000000,0.000000,0.000000,0.000000,0.000000,0.000000,0.000000,0.000000,0.000000,0.000000,0.270000,10.010000,0.700000,1.970000,-0.910000,0.150000,45.250000,-19.190000,0.250000
5.280000,153245.000000,17.000000,1454.000000,1406.000000,869.000000,2899.000000,1599.000000,0.000000,0.000000,0.000000,0.000000,0.000000,0.000000,0.000000,0.000000,0.000000,-0.160000,9.640000,1.290000,1.880000,-0.670000,0.180000,45.250000,-19.190000,0.250000
5.282000,153246.000000,0.000000,1486.000000,1447.000000,689.000000,2875.000000,1446.000000,0.000000,0.000000,0.000000,0.000000,0.000000,0.000000,0.000000,0.000000,0.000000,-0.160000,9.640000,1.290000,1.880000,-0.670000,0.180000,45.250000,-19.190000,0.250000
5.284000,153247.000000,0.000000,1521.000000,1425.000000,596.000000,2861.000000,1460.000000,0.000000,0.000000,0.000000,0.000000,0.000000,0.000000,0.000000,0.000000,0.000000,-0.160000,9.640000,1.290000,1.880000,-0.670000,0.180000,45.250000,-19.190000,0.250000
5.286000,153248.000000,0.000000,1533.000000,1422.000000,656.000000,2848.000000,1645.000000,0.000000,0.000000,0.000000,0.000000,0.000000,0.000000,0.000000,0.000000,0.000000,-0.160000,9.640000,1.290000,1.880000,-0.670000,0.180000,45.250000,-19.190000,0.250000
5.288000,153249.000000,0.000000,1584.000000,1454.000000,689.000000,2793.000000,1785.000000,0.000000,0.000000,0.000000,0.000000,0.000000,0.000000,0.000000,0.000000,0.000000,-0.160000,9.640000,1.290000,1.880000,-0.670000,0.180000,45.250000,-19.190000,0.250000
5.290000,153250.000000,16.000000,1616.000000,1472.000000,746.000000,2773.000000,1843.000000,0.000000,0.000000,0.000000,0.000000,0.000000,0.000000,0.000000,0.000000,0.000000,-0.630000,9.360000,1.900000,1.700000,-0.480000,0.220000,42.690000,-19.060000,0.250000
5.292000,153251.000000,3.000000,1678.000000,1491.000000,784.000000,2733.000000,1874.000000,0.000000,0.000000,0.000000,0.000000,0.000000,0.000000,0.000000,0.000000,0.000000,-0.630000,9.360000,1.900000,1.700000,-0.480000,0.220000,42.690000,-19.060000,0.250000
5.294000,153252.000000,33.000000,1745.000000,1469.000000,903.000000,2687.000000,2267.000000,0.000000,0.000000,0.000000,0.000000,0.000000,0.000000,0.000000,0.000000,0.000000,-0.630000,9.360000,1.900000,1.700000,-0.480000,0.220000,42.690000,-19.060000,0.250000
5.296000,153253.000000,43.000000,1799.000000,1523.000000,1023.000000,2652.000000,2302.000000,0.000000,0.000000,0.000000,0.000000,0.000000,0.000000,0.000000,0.000000,0.000000,-0.630000,9.360000,1.900000,1.700000,-0.480000,0.220000,42.690000,-19.060000,0.250000
5.298000,153254.000000,21.000000,1914.000000,1535.000000,990.000000,2633.000000,2029.000000,0.000000,0.000000,0.000000,0.000000,0.000000,0.000000,0.000000,0.000000,0.000000,-0.630000,9.360000,1.900000,1.700000,-0.480000,0.220000,42.690000,-19.060000,0.250000
5.300000,153255.000000,618.000000,1945.000000,1553.000000,894.000000,2594.000000,1660.000000,0.000000,0.000000,0.000000,0.000000,0.000000,0.000000,0.000000,0.000000,0.000000,-1.730000,8.910000,2.330000,1.510000,-0.450000,0.240000,42.690000,-19.060000,0.250000
5.302000,153256.000000,0.000000,2000.000000,1584.000000,682.000000,2521.000000,1471.000000,0.000000,0.000000,0.000000,0.000000,0.000000,0.000000,0.000000,0.000000,0.000000,-1.730000,8.910000,2.330000,1.510000,-0.450000,0.240000,42.690000,-19.060000,0.250000
5.304000,153257.000000,0.000000,2005.000000,1567.000000,586.000000,2423.000000,1519.000000,0.000000,0.000000,0.000000,0.000000,0.000000,0.000000,0.000000,0.000000,0.000000,-1.730000,8.910000,2.330000,1.510000,-0.450000,0.240000,42.690000,-19.060000,0.250000
5.306000,153258.000000,0.000000,2017.000000,1535.000000,646.000000,2346.000000,1669.000000,0.000000,0.000000,0.000000,0.000000,0.000000,0.000000,0.000000,0.000000,0.000000,-1.730000,8.910000,2.330000,1.510000,-0.450000,0.240000,42.690000,-19.060000,0.250000
5.308000,153259.000000,0.000000,2079.000000,1488.000000,702.000000,2267.000000,1804.000000,0.000000,0.000000,0.000000,0.000000,0.000000,0.000000,0.000000,0.000000,0.000000,-1.730000,8.910000,2.330000,1.510000,-0.450000,0.240000,42.690000,-19.060000,0.250000
5.310000,153260.000000,240.000000,2089.000000,1507.000000,729.000000,2240.000000,1818.000000,0.000000,0.000000,0.000000,0.000000,0.000000,0.000000,0.000000,0.000000,0.000000,-2.110000,8.700000,1.980000,1.340000,-0.520000,0.230000,42.690000,-19.060000,0.250000
5.312000,153261.000000,16.000000,2097.000000,1534.000000,783.000000,2161.000000,1882.000000,0.000000,0.000000,0.000000,0.000000,0.000000,0.000000,0.000000,0.000000,0.000000,-2.110000,8.700000,1.980000,1.340000,-0.520000,0.230000,42.690000,-19.060000,0.250000
5.314000,153262.000000,40.000000,2119.000000,1520.000000,911.000000,2135.000000,2267.000000,0.000000,0.000000,0.000000,0.000000,0.000000,0.000000,0.000000,0.000000,0.000000,-2.110000,8.700000,1.980000,1.340000,-0.520000,0.230000,42.690000,-19.060000,0.250000
5.316000,153263.000000,45.000000,2127.000000,1491.000000,1017.000000,2099.000000,2289.000000,0.000000,0.000000,0.000000,0.000000,0.000000,0.000000,0.000000,0.000000,0.000000,-2.110000,8.700000,1.980000,1.340000,-0.520000,0.230000,42.690000,-19.060000,0.250000
5.318000,153264.000000,16.000000,2192.000000,1526.000000,1040.000000,2064.000000,2041.000000,0.000000,0.000000,0.000000,0.000000,0.000000,0.000000,0.000000,0.000000,0.000000,-2.110000,8.700000,1.980000,1.340000,-0.520000,0.230000,42.690000,-19.060000,0.250000
5.320000,153265.000000,702.000000,2172.000000,1521.000000,890.000000,2043.000000,1647.000000,0.000000,0.000000,0.000000,0.000000,0.000000,0.000000,0.000000,0.000000,0.000000,-2.390000,8.530000,1.630000,1.190000,-0.650000,0.200000,42.690000,-19.060000,0.250000
5.322000,153266.000000,0.000000,2207.000000,1509.000000,706.000000,1985.000000,1467.000000,0.000000,0.000000,0.000000,0.000000,0.000000,0.000000,0.000000,0.000000,0.000000,-2.390000,8.530000,1.630000,1.190000,-0.650000,0.200000,42.690000,-19.060000,0.250000
5.324000,153267.000000,0.000000,2171.000000,1487.000000,621.000000,1902.000000,1488.000000,0.000000,0.000000,0.000000,0.000000,0.000000,0.000000,0.000000,0.000000,0.000000,-2.390000,8.530000,1.630000,1.190000,-0.650000,0.200000,42.690000,-19.060000,0.250000
5.326000,153268.000000,0.000000,2129.000000,1455.000000,661.000000,1840.000000,1684.000000,0.000000,0.000000,0.000000,0.000000,0.000000,0.000000,0.000000,0.000000,0.000000,-2.390000,8.530000,1.630000,1.190000,-0.650000,0.200000,42.690000,-19.060000,0.250000
5.328000,153269.000000,1.000000,2147.000000,1392.000000,705.000000,1774.000000,1755.000000,0.000000,0.000000,0.000000,0.000000,0.000000,0.000000,0.000000,0.000000,0.000000,-2.390000,8.530000,1.630000,1.190000,-0.650000,0.200000,42.690000,-19.060000,0.250000
5.330000,153270.000000,44.000000,2125.000000,1354.000000,754.000000,1728.000000,1787.000000,0.000000,0.000000,0.000000,0.000000,0.000000,0.000000,0.000000,0.000000,0.000000,-2.790000,8.100000,1.150000,1.100000,-0.790000,0.160000,42.690000,-19.060000,0.250000
5.332000,153271.000000,3.000000,2096.000000,1361.000000,799.000000,1685.000000,1856.000000,0.000000,0.000000,0.000000,0.000000,0.000000,0.000000,0.000000,0.000000,0.000000,-2.790000,8.100000,1.150000,1.100000,-0.790000,0.160000,42.690000,-19.060000,0.250000
5.334000,153272.000000,33.000000,2107.000000,1322.000000,899.000000,1655.000000,2249.000000,0.000000,0.000000,0.000000,0.000000,0.000000,0.000000,0.000000,0.000000,0.000000,-2.790000,8.100000,1.150000,1.100000,-0.790000,0.160000,42.690000,-19.060000,0.250000
5.336000,153273.000000,47.000000,2110.000000,1297.000000,1041.000000,1625.000000,2234.000000,0.000000,0.000000,0.000000,0.000000,0.000000,0.000000,0.000000,0.000000,0.000000,-2.790000,8.100000,1.150000,1.100000,-0.790000,0.160000,42.690000,-19.060000,0.250000
5.338000,153274.000000,16.000000,2154.000000,1314.000000,991.000000,1662.000000,1985.000000,0.000000,0.000000,0.000000,0.000000,0.000000,0.000000,0.000000,0.000000,0.000000,-2.790000,8.100000,1.150000,1.100000,-0.790000,0.160000,42.690000,-19.060000,0.250000
5.340000,153275.000000,80.000000,2146.000000,1289.000000,862.000000,1633.000000,1606.000000,0.000000,0.000000,0.000000,0.000000,0.000000,0.000000,0.000000,0.000000,0.000000,-2.840000,7.820000,1.040000,1.020000,-0.900000,0.130000,42.380000,-20.190000,-0.380000
5.342000,153276.000000,0.000000,2131.000000,1243.000000,657.000000,1635.000000,1413.000000,0.000000,0.000000,0.000000,0.000000,0.000000,0.000000,0.000000,0.000000,0.000000,-2.840000,7.820000,1.040000,1.020000,-0.900000,0.130000,42.380000,-20.190000,-0.380000
5.344000,153277.000000,0.000000,2118.000000,1222.000000,554.000000,1579.000000,1423.000000,0.000000,0.000000,0.000000,0.000000,0.000000,0.000000,0.000000,0.000000,0.000000,-2.840000,7.820000,1.040000,1.020000,-0.900000,0.130000,42.380000,-20.190000,-0.380000
5.346000,153278.000000,0.000000,2087.000000,1199.000000,592.000000,1535.000000,1649.000000,0.000000,0.000000,0.000000,0.000000,0.000000,0.000000,0.000000,0.000000,0.000000,-2.840000,7.820000,1.040000,1.020000,-0.900000,0.130000,42.380000,-20.190000,-0.380000
5.348000,153279.000000,0.000000,2043.000000,1136.000000,651.000000,1531.000000,1723.000000,0.000000,0.000000,0.000000,0.000000,0.000000,0.000000,0.000000,0.000000,0.000000,-2.840000,7.820000,1.040000,1.020000,-0.900000,0.130000,42.380000,-20.190000,-0.380000
5.350000,153280.000000,119.000000,2011.000000,1084.000000,676.000000,1520.000000,1743.000000,0.000000,0.000000,0.000000,0.000000,0.000000,0.000000,0.000000,0.000000,0.000000,-2.800000,7.640000,1.010000,0.970000,-0.890000,0.110000,42.380000,-20.190000,-0.380000
5.352000,153281.000000,0.000000,2029.000000,1080.000000,714.000000,1479.000000,1817.000000,0.000000,0.000000,0.000000,0.000000,0.000000,0.000000,0.000000,0.000000,0.000000,-2.800000,7.640000,1.010000,0.970000,-0.890000,0.110000,42.380000,-20.190000,-0.380000
5.354000,153282.000000,34.000000,2039.000000,1073.000000,828.000000,1463.000000,2197.000000,0.000000,0.000000,0.000000,0.000000,0.000000,0.000000,0.000000,0.000000,0.000000,-2.800000,7.640000,1.010000,0.970000,-0.890000,0.110000,42.380000,-20.190000,-0.380000
5.356000,153283.000000,41.000000,2019.000000,1051.000000,979.000000,1443.000000,2219.000000,0.000000,0.000000,0.000000,0.000000,0.000000,0.000000,0.000000,0.000000,0.000000,-2.800000,7.640000,1.010000,0.970000,-0.890000,0.110000,42.380000,-20.190000,-0.380000
5.358000,153284.000000,16.000000,2086.000000,1048.000000,952.000000,1461.000000,1959.000000,0.000000,0.000000,0.000000,0.000000,0.000000,0.000000,0.000000,0.000000,0.000000,-2.800000,7.640000,1.010000,0.970000,-0.890000,0.110000,42.380000,-20.190000,-0.380000
5.360000,153285.000000,650.000000,2087.000000,1069.000000,823.000000,1450.000000,1594.000000,0.000000,0.000000,0.000000,0.000000,0.000000,0.000000,0.000000,0.000000,0.000000,-2.650000,7.490000,0.950000,0.910000,-0.750000,0.110000,42.380000,-20.190000,-0.380000
5.362000,153286.000000,0.000000,2074.000000,1023.000000,586.000000,1409.000000,1358.000000,0.000000,0.000000,0.000000,0.000000,0.000000,0.000000,0.000000,0.000000,0.000000,-2.650000,7.490000,0.950000,0.910000,-0.750000,0.110000,42.380000,-20.190000,-0.380000
5.364000,153287.000000,0.000000,2037.000000,1023.000000,506.000000,1371.000000,1392.000000,0.000000,0.000000,0.000000,0.000000,0.000000,0.000000,0.000000,0.000000,0.000000,-2.650000,7.490000,0.950000,0.910000,-0.750000,0.110000,42.380000,-20.190000,-0.380000
5.366000,153288.000000,0.000000,2028.000000,1001.000000,560.000000,1309.000000,1603.000000,0.000000,0.000000,0.000000,0.000000,0.000000,0.000000,0.000000,0.000000,0.000000,-2.650000,7.490000,0.950000,0.910000,-0.750000,0.110000,42.380000,-20.190000,-0.380000
5.368000,153289.000000,0.000000,2034.000000,977.000000,625.000000,1293.000000,1687.000000,0.000000,0.000000,0.000000,0.000000,0.000000,0.000000,0.000000,0.000000,0.000000,-2.650000,7.490000,0.950000,0.910000,-0.750000,0.110000,42.380000,-20.190000,-0.380000
5.370000,153290.000000,138.000000,2019.000000,965.000000,642.000000,1277.000000,1734.000000,0.000000,0.000000,0.000000,0.000000,0.000000,0.000000,0.000000,0.000000,0.000000,-2.040000,7.220000,0.860000,0.860000,-0.490000,0.130000,42.380000,-20.190000,-0.380000
5.372000,153291.000000,4.000000,2021.000000,976.000000,706.000000,1268.000000,1767.000000,0.000000,0.000000,0.000000,0.000000,0.000000,0.000000,0.000000,0.000000,0.000000,-2.040000,7.220000,0.860000,0.860000,-0.490000,0.130000,42.380000,-20.190000,-0.380000
5.374000,153292.000000,31.000000,2029.000000,1005.000000,820.000000,1280.000000,2215.000000,0.000000,0.000000,0.000000,0.000000,0.000000,0.000000,0.000000,0.000000,0.000000,-2.040000,7.220000,0.860000,0.860000,-0.490000,0.130000,42.380000,-20.190000,-0.380000
5.376000,153293.000000,38.000000,2064.000000,1006.000000,981.000000,1294.000000,2195.000000,0.000000,0.000000,0.000000,0.000000,0.000000,0.000000,0.000000,0.000000,0.000000,-2.040000,7.220000,0.860000,0.860000,-0.490000,0.130000,42.380000,-20.190000,-0.380000
5.378000,153294.000000,23.000000,2105.000000,1036.000000,936.000000,1297.000000,1945.000000,0.000000,0.000000,0.000000,0.000000,0.000000,0.000000,0.000000,0.000000,0.000000,-2.040000,7.220000,0.860000,0.860000,-0.490000,0.130000,42.380000,-20.190000,-0.380000
5.380000,153295.000000,22.000000,2155.000000,1085.000000,821.000000,1311.000000,1535.000000,0.000000,0.000000,0.000000,0.000000,0.000000,0.000000,0.000000,0.000000,0.000000,-1.670000,7.140000,0.880000,0.810000,-0.130000,0.150000,42.380000,-20.190000,-0.380000
5.382000,153296.000000,0.000000,2134.000000,1089.000000,638.000000,1306.000000,1372.000000,0.000000,0.000000,0.000000,0.000000,0.000000,0.000000,0.000000,0.000000,0.000000,-1.670000,7.140000,0.880000,0.810000,-0.130000,0.150000,42.380000,-20.190000,-0.380000
5.384000,153297.000000,0.000000,2131.000000,1102.000000,530.000000,1302.000000,1394.000000,0.000000,0.000000,0.000000,0.000000,0.000000,0.000000,0.000000,0.000000,0.000000,-1.670000,7.140000,0.880000,0.810000,-0.130000,0.150000,42.380000,-20.190000,-0.380000
5.386000,153298.000000,0.000000,2128.000000,1091.000000,584.000000,1310.000000,1611.000000,0.000000,0.000000,0.000000,0.000000,0.000000,0.000000,0.000000,0.000000,0.000000,-1.670000,7.140000,0.880000,0.810000,-0.130000,0.150000,42.380000,-20.190000,-0.380000
5.388000,153299.000000,0.000000,2141.000000,1138.000000,640.000000,1302.000000,1703.000000,0.000000,0.000000,0.000000,0.000000,0.000000,0.000000,0.000000,0.000000,0.000000,-1.670000,7.140000,0.880000,0.810000,-0.130000,0.150000,42.380000,-20.190000,-0.380000
5.390000,153300.000000,85.000000,2158.000000,1194.000000,701.000000,1329.000000,1792.000000,0.000000,0.000000,0.000000,0.000000,0.000000,0.000000,0.000000,0.000000,0.000000,-1.260000,7.030000,0.820000,0.760000,0.220000,0.190000,41.190000,-20.500000,-1.690000
5.392000,153301.000000,16.000000,2162.000000,1215.000000,751.000000,1347.000000,1796.000000,0.000000,0.000000,0.000000,0.000000,0.000000,0.000000,0.000000,0.000000,0.000000,-1.260000,7.030000,0.820000,0.760000,0.220000,0.190000,41.190000,-20.500000,-1.690000
5.394000,153302.000000,46.000000,2208.000000,1200.000000,848.000000,1380.000000,2223.000000,0.000000,0.000000,0.000000,0.000000,0.000000,0.000000,0.000000,0.000000,0.000000,-1.260000,7.030000,0.820000,0.760000,0.220000,0.190000,41.190000,-20.500000,-1.690000
5.396000,153303.000000,54.000000,2256.000000,1296.000000,1012.000000,1441.000000,2256.000000,0.000000,0.000000,0.000000,0.000000,0.000000,0.000000,0.000000,0.000000,0.000000,-1.260000,7.030000,0.820000,0.760000,0.220000,0.190000,41.190000,-20.500000,-1.690000
5.398000,153304.000000,31.000000,2291.000000,1317.000000,983.000000,1494.000000,1977.000000,0.000000,0.000000,0.000000,0.000000,0.000000,0.000000,0.000000,0.000000,0.000000,-1.260000,7.030000,0.820000,0.760000,0.220000,0.190000,41.190000,-20.500000,-1.690000
5.400000,153305.000000,743.000000,2355.000000,1368.000000,894.000000,1535.000000,1621.000000,0.000000,0.000000,0.000000,0.000000,0.000000,0.000000,0.000000,0.000000,0.000000,-0.890000,6.860000,0.770000,0.690000,0.510000,0.220000,41.190000,-20.500000,-1.690000
5.402000,153306.000000,2.000000,2357.000000,1411.000000,670.000000,1600.000000,1854.000000,0.000000,0.000000,0.000000,0.000000,0.000000,0.000000,0.000000,0.000000,0.000000,-0.890000,6.860000,0.770000,0.690000,0.510000,0.220000,41.190000,-20.500000,-1.690000
5.404000,153307.000000,0.000000,2371.000000,1447.000000,591.000000,1635.000000,1466.000000,0.000000,0.000000,0.000000,0.000000,0.000000,0.000000,0.000000,0.000000,0.000000,-0.890000,6.860000,0.770000,0.690000,0.510000,0.220000,41.190000,-20.500000,-1.690000
5.406000,153308.000000,0.000000,2370.000000,1442.000000,633.000000,1679.000000,1664.000000,0.000000,0.000000,0.000000,0.000000,0.000000,0.000000,0.000000,0.000000,0.000000,-0.890000,6.860000,0.770000,0.690000,0.510000,0.220000,41.190000,-20.500000,-1.690000
5.408000,153309.000000,16.000000,2381.000000,1445.000000,710.000000,1734.000000,1775.000000,0.000000,0.000000,0.000000,0.000000,0.000000,0.000000,0.000000,0.000000,0.000000,-0.890000,6.860000,0.770000,0.690000,0.510000,0.220000,41.190000,-20.500000,-1.690000
5.410000,153310.000000,369.000000,2419.000000,1469.000000,761.000000,1785.000000,1797.000000,0.000000,0.000000,0.000000,0.000000,0.000000,0.000000,0.000000,0.000000,0.000000,-0.120000,6.460000,0.670000,0.590000,0.670000,0.250000,41.190000,-20.500000,-1.690000
5.412000,153311.000000,32.000000,2430.000000,1498.000000,799.000000,1845.000000,1852.000000,0.000000,0.000000,0.000000,0.000000,0.000000,0.000000,0.000000,0.000000,0.000000,-0.120000,6.460000,0.670000,0.590000,0.670000,0.250000,41.190000,-20.500000,-1.690000
5.414000,153312.000000,61.000000,2481.000000,1535.000000,907.000000,1872.000000,2285.000000,0.000000,0.000000,0.000000,0.000000,0.000000,0.000000,0.000000,0.000000,0.000000,-0.120000,6.460000,0.670000,0.590000,0.670000,0.250000,41.190000,-20.500000,-1.690000
5.416000,153313.000000,64.000000,2512.000000,1593.000000,1088.000000,1951.000000,2323.000000,0.000000,0.000000,0.000000,0.000000,0.000000,0.000000,0.000000,0.000000,0.000000,-0.120000,6.460000,0.670000,0.590000,0.670000,0.250000,41.190000,-20.500000,-1.690000
5.418000,153314.000000,45.000000,2559.000000,1599.000000,1067.000000,2016.000000,2071.000000,0.000000,0.000000,0.000000,0.000000,0.000000,0.000000,0.000000,0.000000,0.000000,-0.120000,6.460000,0.670000,0.590000,0.670000,0.250000,41.190000,-20.500000,-1.690000
5.420000,153315.000000,827.000000,2559.000000,1665.000000,925.000000,2064.000000,1673.000000,0.000000,0.000000,0.000000,0.000000,0.000000,0.000000,0.000000,0.000000,0.000000,0.100000,6.200000,0.760000,0.490000,0.710000,0.270000,41.190000,-20.500000,-1.690000
5.422000,153316.000000,1.000000,2346.000000,1680.000000,720.000000,2085.000000,1457.000000,0.000000,0.000000,0.000000,0.000000,0.000000,0.000000,0.000000,0.000000,0.000000,0.100000,6.200000,0.760000,0.490000,0.710000,0.270000,41.190000,-20.500000,-1.690000
5.424000,153317.000000,0.000000,2122.000000,1713.000000,647.000000,2098.000000,1466.000000,0.000000,0.000000,0.000000,0.000000,0.000000,0.000000,0.000000,0.000000,0.000000,0.100000,6.200000,0.760000,0.490000,0.710000,0.270000,41.190000,-20.500000,-1.690000
5.426000,153318.000000,0.000000,1991.000000,1687.000000,702.000000,2097.000000,1691.000000,0.000000,0.000000,0.000000,0.000000,0.000000,0.000000,0.000000,0.000000,0.000000,0.100000,6.200000,0.760000,0.490000,0.710000,0.270000,41.190000,-20.500000,-1.690000
5.428000,153319.000000,0.000000,1968.000000,1742.000000,779.000000,2106.000000,1761.000000,0.000000,0.000000,0.000000,0.000000,0.000000,0.000000,0.000000,0.000000,0.000000,0.100000,6.200000,0.760000,0.490000,0.710000,0.270000,41.190000,-20.500000,-1.690000
5.430000,153320.000000,18.000000,1984.000000,1745.000000,850.000000,2098.000000,1844.000000,0.000000,0.000000,0.000000,0.000000,0.000000,0.000000,0.000000,0.000000,0.000000,0.230000,5.990000,0.830000,0.360000,0.660000,0.290000,41.190000,-20.500000,-1.690000
5.432000,153321.000000,30.000000,2535.000000,1733.000000,896.000000,2087.000000,1920.000000,0.000000,0.000000,0.000000,0.000000,0.000000,0.000000,0.000000,0.000000,0.000000,0.230000,5.990000,0.830000,0.360000,0.660000,0.290000,41.190000,-20.500000,-1.690000
5.434000,153322.000000,52.000000,2800.000000,1758.000000,1059.000000,2100.000000,2317.000000,0.000000,0.000000,0.000000,0.000000,0.000000,0.000000,0.000000,0.000000,0.000000,0.230000,5.990000,0.830000,0.360000,0.660000,0.290000,41.190000,-20.500000,-1.690000
5.436000,153323.000000,64.000000,2893.000000,1795.000000,1232.000000,2093.000000,2352.000000,0.000000,0.000000,0.000000,0.000000,0.000000,0.000000,0.000000,0.000000,0.000000,0.230000,5.990000,0.830000,0.360000,0.660000,0.290000,41.190000,-20.500000,-1.690000
5.438000,153324.000000,53.000000,2928.000000,1821.000000,1199.000000,2155.000000,2115.000000,0.000000,0.000000,0.000000,0.000000,0.000000,0.000000,0.000000,0.000000,0.000000,0.230000,5.990000,0.830000,0.360000,0.660000,0.290000,41.190000,-20.500000,-1.690000
5.440000,153325.000000,16.000000,2951.000000,1874.000000,1038.000000,2179.000000,1653.000000,0.000000,0.000000,0.000000,0.000000,0.000000,0.000000,0.000000,0.000000,0.000000,0.290000,5.730000,0.850000,0.190000,0.570000,0.300000,41.250000,-20.250000,-0.880000
5.442000,153326.000000,91.000000,2800.000000,1869.000000,837.000000,2174.000000,1483.000000,0.000000,0.000000,0.000000,0.000000,0.000000,0.000000,0.000000,0.000000,0.000000,0.290000,5.730000,0.850000,0.190000,0.570000,0.300000,41.250000,-20.250000,-0.880000
5.444000,153327.000000,0.000000,2487.000000,1899.000000,727.000000,2179.000000,1513.000000,0.000000,0.000000,0.000000,0.000000,0.000000,0.000000,0.000000,0.000000,0.000000,0.290000,5.730000,0.850000,0.190000,0.570000,0.300000,41.250000,-20.250000,-0.880000
5.446000,153328.000000,0.000000,2342.000000,1874.000000,743.000000,2192.000000,1742.000000,0.000000,0.000000,0.000000,0.000000,0.000000,0.000000,0.000000,0.000000,0.000000,0.290000,5.730000,0.850000,0.190000,0.570000,0.300000,41.250000,-20.250000,-0.880000
5.448000,153329.000000,23.000000,2605.000000,1889.000000,787.000000,2179.000000,1847.000000,0.000000,0.000000,0.000000,0.000000,0.000000,0.000000,0.000000,0.000000,0.000000,0.290000,5.730000,0.850000,0.190000,0.570000,0.300000,41.250000,-20.250000,-0.880000
5.450000,153330.000000,903.000000,2771.000000,1914.000000,819.000000,2198.000000,1883.000000,0.000000,0.000000,0.000000,0.000000,0.000000,0.000000,0.000000,0.000000,0.000000,0.150000,5.320000,0.830000,0.000000,0.460000,0.300000,41.250000,-20.250000,-0.880000
5.452000,153331.000000,69.000000,2838.000000,1897.000000,855.000000,2213.000000,1941.000000,0.000000,0.000000,0.000000,0.000000,0.000000,0.000000,0.000000,0.000000,0.000000,0.150000,5.320000,0.830000,0.000000,0.460000,0.300000,41.250000,-20.250000,-0.880000
5.454000,153332.000000,65.000000,2835.000000,1911.000000,976.000000,2196.000000,2352.000000,0.000000,0.000000,0.000000,0.000000,0.000000,0.000000,0.000000,0.000000,0.000000,0.150000,5.320000,0.830000,0.000000,0.460000,0.300000,41.250000,-20.250000,-0.880000
5.456000,153333.000000,64.000000,2864.000000,1917.000000,1165.000000,2259.000000,2415.000000,0.000000,0.000000,0.000000,0.000000,0.000000,0.000000,0.000000,0.000000,0.000000,0.150000,5.320000,0.830000,0.000000,0.460000,0.300000,41.250000,-20.250000,-0.880000
5.458000,153334.000000,58.000000,2896.000000,1936.000000,1092.000000,2288.000000,2151.000000,0.000000,0.000000,0.000000,0.000000,0.000000,0.000000,0.000000,0.000000,0.000000,0.150000,5.320000,0.830000,0.000000,0.460000,0.300000,41.250000,-20.250000,-0.880000
5.460000,153335.000000,922.000000,2881.000000,1936.000000,976.000000,2337.000000,1742.000000,0.000000,0.000000,0.000000,0.000000,0.000000,0.000000,0.000000,0.000000,0.000000,0.090000,5.200000,0.840000,-0.190000,0.350000,0.290000,41.250000,-20.250000,-0.880000
5.462000,153336.000000,21.000000,2867.000000,1931.000000,704.000000,2336.000000,1498.000000,0.000000,0.000000,0.000000,0.000000,0.000000,0.000000,0.000000,0.000000,0.000000,0.090000,5.200000,0.840000,-0.190000,0.350000,0.290000,41.250000,-20.250000,-0.880000
5.464000,153337.000000,2.000000,2822.000000,1925.000000,598.000000,2301.000000,1522.000000,0.000000,0.000000,0.000000,0.000000,0.000000,0.000000,0.000000,0.000000,0.000000,0.090000,5.200000,0.840000,-0.190000,0.350000,0.290000,41.250000,-20.250000,-0.880000
5.466000,153338.000000,0.000000,2768.000000,1882.000000,630.000000,2311.000000,1755.000000,0.000000,0.000000,0.000000,0.000000,0.000000,0.000000,0.000000,0.000000,0.000000,0.090000,5.200000,0.840000,-0.190000,0.350000,0.290000,41.250000,-20.250000,-0.880000
5.468000,153339.000000,23.000000,2706.000000,1908.000000,689.000000,2314.000000,1833.000000,0.000000,0.000000,0.000000,0.000000,0.000000,0.000000,0.000000,0.000000,0.000000,0.090000,5.200000,0.840000,-0.190000,0.350000,0.290000,41.250000,-20.250000,-0.880000
5.470000,153340.000000,871.000000,2669.000000,1856.000000,734.000000,2269.000000,1865.000000,0.000000,0.000000,0.000000,0.000000,0.000000,0.000000,0.000000,0.000000,0.000000,-0.240000,5.060000,0.820000,-0.390000,0.240000,0.260000,41.250000,-20.250000,-0.880000
5.472000,153341.000000,48.000000,2638.000000,1878.000000,789.000000,2278.000000,1921.000000,0.000000,0.000000,0.000000,0.000000,0.000000,0.000000,0.000000,0.000000,0.000000,-0.240000,5.060000,0.820000,-0.390000,0.240000,0.260000,41.250000,-20.250000,-0.880000
5.474000,153342.000000,61.000000,2623.000000,1899.000000,910.000000,2241.000000,2368.000000,0.000000,0.000000,0.000000,0.000000,0.000000,0.000000,0.000000,0.000000,0.000000,-0.240000,5.060000,0.820000,-0.390000,0.240000,0.260000,41.250000,-20.250000,-0.880000
5.476000,153343.000000,65.000000,2596.000000,1916.000000,1101.000000,2256.000000,2398.000000,0.000000,0.000000,0.000000,0.000000,0.000000,0.000000,0.000000,0.000000,0.000000,-0.240000,5.060000,0.820000,-0.390000,0.240000,0.260000,41.250000,-20.250000,-0.880000
5.478000,153344.000000,39.000000,2636.000000,1955.000000,1104.000000,2245.000000,2128.000000,0.000000,0.000000,0.000000,0.000000,0.000000,0.000000,0.000000,0.000000,0.000000,-0.240000,5.060000,0.820000,-0.390000,0.240000,0.260000,41.250000,-20.250000,-0.880000
5.480000,153345.000000,96.000000,2624.000000,1968.000000,959.000000,2238.000000,1710.000000,0.000000,0.000000,0.000000,0.000000,0.000000,0.000000,0.000000,0.000000,0.000000,-0.230000,4.990000,0.870000,-0.590000,0.160000,0.210000,41.250000,-20.250000,-0.880000
5.482000,153346.000000,0.000000,2582.000000,1999.000000,747.000000,2185.000000,1499.000000,0.000000,0.000000,0.000000,0.000000,0.000000,0.000000,0.000000,0.000000,0.000000,-0.230000,4.990000,0.870000,-0.590000,0.160000,0.210000,41.250000,-20.250000,-0.880000
5.484000,153347.000000,0.000000,2539.000000,2000.000000,688.000000,2162.000000,1488.000000,0.000000,0.000000,0.000000,0.000000,0.000000,0.000000,0.000000,0.000000,0.000000,-0.230000,4.990000,0.870000,-0.590000,0.160000,0.210000,41.250000,-20.250000,-0.880000
5.486000,153348.000000,0.000000,2496.000000,1979.000000,739.000000,2118.000000,1715.000000,0.000000,0.000000,0.000000,0.000000,0.000000,0.000000,0.000000,0.000000,0.000000,-0.230000,4.990000,0.870000,-0.590000,0.160000,0.210000,41.250000,-20.250000,-0.880000
5.488000,153349.000000,8.000000,2455.000000,2015.000000,811.000000,2057.000000,1811.000000,0.000000,0.000000,0.000000,0.000000,0.000000,0.000000,0.000000,0.000000,0.000000,-0.230000,4.990000,0.870000,-0.590000,0.160000,0.210000,41.250000,-20.250000,-0.880000
5.490000,153350.000000,25.000000,2416.000000,2000.000000,858.000000,2017.000000,1855.000000,0.000000,0.000000,0.000000,0.000000,0.000000,0.000000,0.000000,0.000000,0.000000,-0.460000,5.080000,0.750000,-0.780000,0.070000,0.140000,41.250000,-21.250000,0.000000
5.492000,153351.000000,9.000000,2404.000000,2064.000000,884.000000,1990.000000,1915.000000,0.000000,0.000000,0.000000,0.000000,0.000000,0.000000,0.000000,0.000000,0.000000,-0.460000,5.080000,0.750000,-0.780000,0.070000,0.140000,41.250000,-21.250000,0.000000
5.494000,153352.000000,48.000000,2361.000000,2037.000000,975.000000,1937.000000,2323.000000,0.000000,0.000000,0.000000,0.000000,0.000000,0.000000,0.000000,0.000000,0.000000,-0.460000,5.080000,0.750000,-0.780000,0.070000,0.140000,41.250000,-21.250000,0.000000
5.496000,153353.000000,53.000000,2381.000000,2089.000000,1138.000000,1918.000000,2393.000000,0.000000,0.000000,0.000000,0.000000,0.000000,0.000000,0.000000,0.000000,0.000000,-0.460000,5.080000,0.750000,-0.780000,0.070000,0.140000,41.250000,-21.250000,0.000000
5.498000,153354.000000,32.000000,2385.000000,2095.000000,1108.000000,1934.000000,2095.000000,0.000000,0.000000,0.000000,0.000000,0.000000,0.000000,0.000000,0.000000,0.000000,-0.460000,5.080000,0.750000,-0.780000,0.070000,0.140000,41.250000,-21.250000,0.000000
5.500000,153355.000000,763.000000,2379.000000,2112.000000,981.000000,1909.000000,1724.000000,0.000000,0.000000,0.000000,0.000000,0.000000,0.000000,0.000000,0.000000,0.000000,-0.270000,5.310000,0.630000,-0.960000,-0.040000,0.060000,41.250000,-21.250000,0.000000
5.502000,153356.000000,0.000000,2320.000000,2087.000000,688.000000,1866.000000,1453.000000,0.000000,0.000000,0.000000,0.000000,0.000000,0.000000,0.000000,0.000000,0.000000,-0.270000,5.310000,0.630000,-0.960000,-0.040000,0.060000,41.250000,-21.250000,0.000000
5.504000,153357.000000,0.000000,2256.000000,2042.000000,623.000000,1827.000000,1455.000000,0.000000,0.000000,0.000000,0.000000,0.000000,0.000000,0.000000,0.000000,0.000000,-0.270000,5.310000,0.630000,-0.960000,-0.040000,0.060000,41.250000,-21.250000,0.000000
5.506000,153358.000000,0.000000,2207.000000,2025.000000,679.000000,1766.000000,1679.000000,0.000000,0.000000,0.000000,0.000000,0.000000,0.000000,0.000000,0.000000,0.000000,-0.270000,5.310000,0.630000,-0.960000,-0.040000,0.060000,41.250000,-21.250000,0.000000
5.508000,153359.000000,0.000000,2171.000000,1968.000000,784.000000,1711.000000,1789.000000,0.000000,0.000000,0.000000,0.000000,0.000000,0.000000,0.000000,0.000000,0.000000,-0.270000,5.310000,0.630000,-0.960000,-0.040000,0.060000,41.250000,-21.250000,0.000000
5.510000,153360.000000,677.000000,2145.000000,1968.000000,864.000000,1661.000000,1819.000000,0.000000,0.000000,0.000000,0.000000,0.000000,0.000000,0.000000,0.000000,0.000000,-0.020000,5.730000,0.340000,-1.110000,-0.200000,-0.030000,41.250000,-21.250000,0.000000
5.512000,153361.000000,27.000000,2119.000000,1917.000000,926.000000,1591.000000,1872.000000,0.000000,0.000000,0.000000,0.000000,0.000000,0.000000,0.000000,0.000000,0.000000,-0.020000,5.730000,0.340000,-1.110000,-0.200000,-0.030000,41.250000,-21.250000,0.000000
5.514000,153362.000000,39.000000,2110.000000,1866.000000,1041.000000,1514.000000,2298.000000,0.000000,0.000000,0.000000,0.000000,0.000000,0.000000,0.000000,0.000000,0.000000,-0.020000,5.730000,0.340000,-1.110000,-0.200000,-0.030000,41.250000,-21.250000,0.000000
5.516000,153363.000000,48.000000,2128.000000,1818.000000,1248.000000,1454.000000,2327.000000,0.000000,0.000000,0.000000,0.000000,0.000000,0.000000,0.000000,0.000000,0.000000,-0.020000,5.730000,0.340000,-1.110000,-0.200000,-0.030000,41.250000,-21.250000,0.000000
5.518000,153364.000000,23.000000,2149.000000,1781.000000,1195.000000,1387.000000,2066.000000,0.000000,0.000000,0.000000,0.000000,0.000000,0.000000,0.000000,0.000000,0.000000,-0.020000,5.730000,0.340000,-1.110000,-0.200000,-0.030000,41.250000,-21.250000,0.000000
5.520000,153365.000000,682.000000,2160.000000,1744.000000,1009.000000,1289.000000,1651.000000,0.000000,0.000000,0.000000,0.000000,0.000000,0.000000,0.000000,0.000000,0.000000,0.900000,6.860000,-0.110000,-1.270000,-0.430000,-0.110000,41.250000,-21.250000,0.000000
5.522000,153366.000000,0.000000,2142.000000,1646.000000,732.000000,1195.000000,1360.000000,0.000000,0.000000,0.000000,0.000000,0.000000,0.000000,0.000000,0.000000,0.000000,0.900000,6.860000,-0.110000,-1.270000,-0.430000,-0.110000,41.250000,-21.250000,0.000000
5.524000,153367.000000,0.000000,2138.000000,1530.000000,592.000000,1105.000000,1376.000000,0.000000,0.000000,0.000000,0.000000,0.000000,0.000000,0.000000,0.000000,0.000000,0.900000,6.860000,-0.110000,-1.270000,-0.430000,-0.110000,41.250000,-21.250000,0.000000
5.526000,153368.000000,0.000000,2100.000000,1411.000000,610.000000,1013.000000,1586.000000,0.000000,0.000000,0.000000,0.000000,0.000000,0.000000,0.000000,0.000000,0.000000,0.900000,6.860000,-0.110000,-1.270000,-0.430000,-0.110000,41.250000,-21.250000,0.000000
5.528000,153369.000000,0.000000,2056.000000,1295.000000,624.000000,893.000000,1659.000000,0.000000,0.000000,0.000000,0.000000,0.000000,0.000000,0.000000,0.000000,0.000000,0.900000,6.860000,-0.110000,-1.270000,-0.430000,-0.110000,41.250000,-21.250000,0.000000
5.530000,153370.000000,0.000000,2062.000000,1205.000000,676.000000,801.000000,1712.000000,0.000000,0.000000,0.000000,0.000000,0.000000,0.000000,0.000000,0.000000,0.000000,1.210000,7.650000,-0.330000,-1.410000,-0.680000,-0.170000,41.250000,-21.250000,0.000000
5.532000,153371.000000,16.000000,2061.000000,1104.000000,709.000000,721.000000,776.000000,0.000000,0.000000,0.000000,0.000000,0.000000,0.000000,0.000000,0.000000,0.000000,1.210000,7.650000,-0.330000,-1.410000,-0.680000,-0.170000,41.250000,-21.250000,0.000000
5.534000,153372.000000,5.000000,2055.000000,941.000000,788.000000,594.000000,1888.000000,0.000000,0.000000,0.000000,0.000000,0.000000,0.000000,0.000000,0.000000,0.000000,1.210000,7.650000,-0.330000,-1.410000,-0.680000,-0.170000,41.250000,-21.250000,0.000000
5.536000,153373.000000,30.000000,2067.000000,800.000000,963.000000,511.000000,2130.000000,0.000000,0.000000,0.000000,0.000000,0.000000,0.000000,0.000000,0.000000,0.000000,1.210000,7.650000,-0.330000,-1.410000,-0.680000,-0.170000,41.250000,-21.250000,0.000000
5.538000,153374.000000,16.000000,2091.000000,674.000000,947.000000,398.000000,1856.000000,0.000000,0.000000,0.000000,0.000000,0.000000,0.000000,0.000000,0.000000,0.000000,1.210000,7.650000,-0.330000,-1.410000,-0.680000,-0.170000,41.250000,-21.250000,0.000000
5.540000,153375.000000,30.000000,2112.000000,581.000000,799.000000,350.000000,1472.000000,0.000000,0.000000,0.000000,0.000000,0.000000,0.000000,0.000000,0.000000,0.000000,1.290000,8.400000,-0.520000,-1.530000,-0.930000,-0.180000,41.250000,-22.000000,0.000000
5.542000,153376.000000,0.000000,2106.000000,384.000000,539.000000,275.000000,1230.000000,0.000000,0.000000,0.000000,0.000000,0.000000,0.000000,0.000000,0.000000,0.000000,1.290000,8.400000,-0.520000,-1.530000,-0.930000,-0.180000,41.250000,-22.000000,0.000000
5.544000,153377.000000,0.000000,2054.000000,208.000000,442.000000,239.000000,1232.000000,0.000000,0.000000,0.000000,0.000000,0.000000,0.000000,0.000000,0.000000,0.000000,1.290000,8.400000,-0.520000,-1.530000,-0.930000,-0.180000,41.250000,-22.000000,0.000000
5.546000,153378.000000,0.000000,1997.000000,0.000000,505.000000,205.000000,1446.000000,0.000000,0.000000,0.000000,0.000000,0.000000,0.000000,0.000000,0.000000,0.000000,1.290000,8.400000,-0.520000,-1.530000,-0.930000,-0.180000,41.250000,-22.000000,0.000000
5.548000,153379.000000,0.000000,1937.000000,0.000000,613.000000,202.000000,1523.000000,0.000000,0.000000,0.000000,0.000000,0.000000,0.000000,0.000000,0.000000,0.000000,1.290000,8.400000,-0.520000,-1.530000,-0.930000,-0.180000,41.250000,-22.000000,0.000000
5.550000,153380.000000,574.000000,1906.000000,0.000000,683.000000,229.000000,1465.000000,0.000000,0.000000,0.000000,0.000000,0.000000,0.000000,0.000000,0.000000,0.000000,1.310000,9.410000,-0.900000,-1.620000,-1.140000,-0.160000,41.250000,-22.000000,0.000000
5.552000,153381.000000,0.000000,1872.000000,0.000000,740.000000,230.000000,1091.000000,0.000000,0.000000,0.000000,0.000000,0.000000,0.000000,0.000000,0.000000,0.000000,1.310000,9.410000,-0.900000,-1.620000,-1.140000,-0.160000,41.250000,-22.000000,0.000000
5.554000,153382.000000,0.000000,1818.000000,0.000000,931.000000,255.000000,1457.000000,0.000000,0.000000,0.000000,0.000000,0.000000,0.000000,0.000000,0.000000,0.000000,1.310000,9.410000,-0.900000,-1.620000,-1.140000,-0.160000,41.250000,-22.000000,0.000000
5.556000,153383.000000,0.000000,1796.000000,0.000000,1131.000000,258.000000,1824.000000,0.000000,0.000000,0.000000,0.000000,0.000000,0.000000,0.000000,0.000000,0.000000,1.310000,9.410000,-0.900000,-1.620000,-1.140000,-0.160000,41.250000,-22.000000,0.000000
5.558000,153384.000000,0.000000,1776.000000,0.000000,1138.000000,249.000000,1770.000000,0.000000,0.000000,0.000000,0.000000,0.000000,0.000000,0.000000,0.000000,0.000000,1.310000,9.410000,-0.900000,-1.620000,-1.140000,-0.160000,41.250000,-22.000000,0.000000
5.560000,153385.000000,511.000000,1757.000000,0.000000,1023.000000,225.000000,1450.000000,0.000000,0.000000,0.000000,0.000000,0.000000,0.000000,0.000000,0.000000,0.000000,0.150000,11.840000,-4.120000,-1.720000,-1.270000,-0.090000,41.250000,-22.000000,0.000000
5.562000,153386.000000,0.000000,1707.000000,0.000000,823.000000,199.000000,1272.000000,0.000000,0.000000,0.000000,0.000000,0.000000,0.000000,0.000000,0.000000,0.000000,0.150000,11.840000,-4.120000,-1.720000,-1.270000,-0.090000,41.250000,-22.000000,0.000000
5.564000,153387.000000,0.000000,1663.000000,0.000000,752.000000,150.000000,1232.000000,0.000000,0.000000,0.000000,0.000000,0.000000,0.000000,0.000000,0.000000,0.000000,0.150000,11.840000,-4.120000,-1.720000,-1.270000,-0.090000,41.250000,-22.000000,0.000000
5.566000,153388.000000,0.000000,1633.000000,0.000000,786.000000,140.000000,1403.000000,0.000000,0.000000,0.000000,0.000000,0.000000,0.000000,0.000000,0.000000,0.000000,0.150000,11.840000,-4.120000,-1.720000,-1.270000,-0.090000,41.250000,-22.000000,0.000000
5.568000,153389.000000,0.000000,1595.000000,0.000000,843.000000,100.000000,1578.000000,0.000000,0.000000,0.000000,0.000000,0.000000,0.000000,0.000000,0.000000,0.000000,0.150000,11.840000,-4.120000,-1.720000,-1.270000,-0.090000,41.250000,-22.000000,0.000000
5.570000,153390.000000,485.000000,1607.000000,0.000000,862.000000,91.000000,1584.000000,0.000000,0.000000,0.000000,0.000000,0.000000,0.000000,0.000000,0.000000,0.000000,-0.280000,13.270000,-6.700000,-1.710000,-1.230000,0.000000,41.250000,-22.000000,0.000000
5.572000,153391.000000,0.000000,1619.000000,0.000000,900.000000,125.000000,1648.000000,0.000000,0.000000,0.000000,0.000000,0.000000,0.000000,0.000000,0.000000,0.000000,-0.280000,13.270000,-6.700000,-1.710000,-1.230000,0.000000,41.250000,-22.000000,0.000000
5.574000,153392.000000,14.000000,1647.000000,0.000000,1006.000000,145.000000,2080.000000,0.000000,0.000000,0.000000,0.000000,0.000000,0.000000,0.000000,0.000000,0.000000,-0.280000,13.270000,-6.700000,-1.710000,-1.230000,0.000000,41.250000,-22.000000,0.000000
5.576000,153393.000000,22.000000,1712.000000,0.000000,1125.000000,243.000000,2141.000000,0.000000,0.000000,0.000000,0.000000,0.000000,0.000000,0.000000,0.000000,0.000000,-0.280000,13.270000,-6.700000,-1.710000,-1.230000,0.000000,41.250000,-22.000000,0.000000
5.578000,153394.000000,7.000000,1762.000000,0.000000,1102.000000,351.000000,1851.000000,0.000000,0.000000,0.000000,0.000000,0.000000,0.000000,0.000000,0.000000,0.000000,-0.280000,13.270000,-6.700000,-1.710000,-1.230000,0.000000,41.250000,-22.000000,0.000000
5.580000,153395.000000,0.000000,1793.000000,52.000000,864.000000,461.000000,1443.000000,0.000000,0.000000,0.000000,0.000000,0.000000,0.000000,0.000000,0.000000,0.000000,-0.650000,14.940000,-9.200000,-1.460000,-1.040000,0.080000,41.250000,-22.000000,0.000000
5.582000,153396.000000,0.000000,1781.000000,221.000000,653.000000,511.000000,1253.000000,0.000000,0.000000,0.000000,0.000000,0.000000,0.000000,0.000000,0.000000,0.000000,-0.650000,14.940000,-9.200000,-1.460000,-1.040000,0.080000,41.250000,-22.000000,0.000000
5.584000,153397.000000,0.000000,1734.000000,405.000000,505.000000,628.000000,1216.000000,0.000000,0.000000,0.000000,0.000000,0.000000,0.000000,0.000000,0.000000,0.000000,-0.650000,14.940000,-9.200000,-1.460000,-1.040000,0.080000,41.250000,-22.000000,0.000000
5.586000,153398.000000,0.000000,1664.000000,544.000000,511.000000,733.000000,1456.000000,0.000000,0.000000,0.000000,0.000000,0.000000,0.000000,0.000000,0.000000,0.000000,-0.650000,14.940000,-9.200000,-1.460000,-1.040000,0.080000,41.250000,-22.000000,0.000000
5.588000,153399.000000,0.000000,1615.000000,685.000000,590.000000,878.000000,1594.000000,0.000000,0.000000,0.000000,0.000000,0.000000,0.000000,0.000000,0.000000,0.000000,-0.650000,14.940000,-9.200000,-1.460000,-1.040000,0.080000,41.250000,-22.000000,0.000000
5.590000,153400.000000,0.000000,1530.000000,835.000000,656.000000,1023.000000,1696.000000,0.000000,0.000000,0.000000,0.000000,0.000000,0.000000,0.000000,0.000000,0.000000,-0.740000,15.950000,-11.230000,-1.100000,-0.810000,0.130000,41.690000,-22.190000,-2.060000
5.592000,153401.000000,0.000000,1469.000000,991.000000,720.000000,1168.000000,1751.000000,0.000000,0.000000,0.000000,0.000000,0.000000,0.000000,0.000000,0.000000,0.000000,-0.740000,15.950000,-11.230000,-1.100000,-0.810000,0.130000,41.690000,-22.190000,-2.060000
5.594000,153402.000000,29.000000,1398.000000,1173.000000,859.000000,1324.000000,2200.000000,0.000000,0.000000,0.000000,0.000000,0.000000,0.000000,0.000000,0.000000,0.000000,-0.740000,15.950000,-11.230000,-1.100000,-0.810000,0.130000,41.690000,-22.190000,-2.060000
5.596000,153403.000000,39.000000,1371.000000,1277.000000,1065.000000,1496.000000,2286.000000,0.000000,0.000000,0.000000,0.000000,0.000000,0.000000,0.000000,0.000000,0.000000,-0.740000,15.950000,-11.230000,-1.100000,-0.810000,0.130000,41.690000,-22.190000,-2.060000
5.598000,153404.000000,16.000000,1350.000000,1421.000000,1047.000000,1679.000000,1994.000000,0.000000,0.000000,0.000000,0.000000,0.000000,0.000000,0.000000,0.000000,0.000000,-0.740000,15.950000,-11.230000,-1.100000,-0.810000,0.130000,41.690000,-22.190000,-2.060000
5.600000,153405.000000,384.000000,1321.000000,1556.000000,951.000000,1790.000000,1648.000000,0.000000,0.000000,0.000000,0.000000,0.000000,0.000000,0.000000,0.000000,0.000000,-0.340000,14.880000,-12.170000,-0.720000,-0.480000,0.110000,41.690000,-22.190000,-2.060000
5.602000,153406.000000,0.000000,1226.000000,1655.000000,682.000000,1871.000000,1353.000000,0.000000,0.000000,0.000000,0.000000,0.000000,0.000000,0.000000,0.000000,0.000000,-0.340000,14.880000,-12.170000,-0.720000,-0.480000,0.110000,41.690000,-22.190000,-2.060000
5.604000,153407.000000,0.000000,1165.000000,1733.000000,573.000000,1932.000000,1337.000000,0.000000,0.000000,0.000000,0.000000,0.000000,0.000000,0.000000,0.000000,0.000000,-0.340000,14.880000,-12.170000,-0.720000,-0.480000,0.110000,41.690000,-22.190000,-2.060000
5.606000,153408.000000,0.000000,1081.000000,1826.000000,639.000000,1987.000000,1616.000000,0.000000,0.000000,0.000000,0.000000,0.000000,0.000000,0.000000,0.000000,0.000000,-0.340000,14.880000,-12.170000,-0.720000,-0.480000,0.110000,41.690000,-22.190000,-2.060000
5.608000,153409.000000,0.000000,991.000000,1875.000000,702.000000,2021.000000,1685.000000,0.000000,0.000000,0.000000,0.000000,0.000000,0.000000,0.000000,0.000000,0.000000,-0.340000,14.880000,-12.170000,-0.720000,-0.480000,0.110000,41.690000,-22.190000,-2.060000
5.610000,153410.000000,256.000000,926.000000,1940.000000,735.000000,2043.000000,1743.000000,0.000000,0.000000,0.000000,0.000000,0.000000,0.000000,0.000000,0.000000,0.000000,-0.700000,13.410000,-9.890000,-0.420000,-0.200000,0.030000,41.690000,-22.190000,-2.060000
5.612000,153411.000000,1.000000,873.000000,2035.000000,799.000000,1915.000000,1817.000000,0.000000,0.000000,0.000000,0.000000,0.000000,0.000000,0.000000,0.000000,0.000000,-0.700000,13.410000,-9.890000,-0.420000,-0.200000,0.030000,41.690000,-22.190000,-2.060000
5.614000,153412.000000,17.000000,831.000000,2098.000000,929.000000,1712.000000,2226.000000,0.000000,0.000000,0.000000,0.000000,0.000000,0.000000,0.000000,0.000000,0.000000,-0.700000,13.410000,-9.890000,-0.420000,-0.200000,0.030000,41.690000,-22.190000,-2.060000
5.616000,153413.000000,41.000000,816.000000,2179.000000,1125.000000,1396.000000,2288.000000,0.000000,0.000000,0.000000,0.000000,0.000000,0.000000,0.000000,0.000000,0.000000,-0.700000,13.410000,-9.890000,-0.420000,-0.200000,0.030000,41.690000,-22.190000,-2.060000
5.618000,153414.000000,10.000000,809.000000,2287.000000,1089.000000,1037.000000,1997.000000,0.000000,0.000000,0.000000,0.000000,0.000000,0.000000,0.000000,0.000000,0.000000,-0.700000,13.410000,-9.890000,-0.420000,-0.200000,0.030000,41.690000,-22.190000,-2.060000
5.620000,153415.000000,0.000000,793.000000,2352.000000,912.000000,595.000000,1552.000000,0.000000,0.000000,0.000000,0.000000,0.000000,0.000000,0.000000,0.000000,0.000000,-1.100000,12.140000,-6.910000,-0.360000,-0.210000,-0.030000,41.690000,-22.190000,-2.060000
5.622000,153416.000000,0.000000,752.000000,2354.000000,656.000000,154.000000,1326.000000,0.000000,0.000000,0.000000,0.000000,0.000000,0.000000,0.000000,0.000000,0.000000,-1.100000,12.140000,-6.910000,-0.360000,-0.210000,-0.030000,41.690000,-22.190000,-2.060000
5.624000,153417.000000,0.000000,721.000000,2401.000000,557.000000,0.000000,1281.000000,0.000000,0.000000,0.000000,0.000000,0.000000,0.000000,0.000000,0.000000,0.000000,-1.100000,12.140000,-6.910000,-0.360000,-0.210000,-0.030000,41.690000,-22.190000,-2.060000
5.626000,153418.000000,0.000000,678.000000,2384.000000,560.000000,0.000000,1446.000000,0.000000,0.000000,0.000000,0.000000,0.000000,0.000000,0.000000,0.000000,0.000000,-1.100000,12.140000,-6.910000,-0.360000,-0.210000,-0.030000,41.690000,-22.190000,-2.060000
5.628000,153419.000000,0.000000,645.000000,2379.000000,602.000000,0.000000,1589.000000,0.000000,0.000000,0.000000,0.000000,0.000000,0.000000,0.000000,0.000000,0.000000,-1.100000,12.140000,-6.910000,-0.360000,-0.210000,-0.030000,41.690000,-22.190000,-2.060000
5.630000,153420.000000,0.000000,630.000000,2394.000000,624.000000,212.000000,1677.000000,0.000000,0.000000,0.000000,0.000000,0.000000,0.000000,0.000000,0.000000,0.000000,-1.890000,11.330000,-3.830000,-0.430000,-0.380000,0.000000,41.690000,-22.190000,-2.060000
5.632000,153421.000000,0.000000,602.000000,2358.000000,635.000000,534.000000,1741.000000,0.000000,0.000000,0.000000,0.000000,0.000000,0.000000,0.000000,0.000000,0.000000,-1.890000,11.330000,-3.830000,-0.430000,-0.380000,0.000000,41.690000,-22.190000,-2.060000
5.634000,153422.000000,18.000000,611.000000,2317.000000,710.000000,865.000000,2217.000000,0.000000,0.000000,0.000000,0.000000,0.000000,0.000000,0.000000,0.000000,0.000000,-1.890000,11.330000,-3.830000,-0.430000,-0.380000,0.000000,41.690000,-22.190000,-2.060000
5.636000,153423.000000,37.000000,576.000000,2224.000000,880.000000,1232.000000,2297.000000,0.000000,0.000000,0.000000,0.000000,0.000000,0.000000,0.000000,0.000000,0.000000,-1.890000,11.330000,-3.830000,-0.430000,-0.380000,0.000000,41.690000,-22.190000,-2.060000
5.638000,153424.000000,19.000000,570.000000,2201.000000,832.000000,1625.000000,2133.000000,0.000000,0.000000,0.000000,0.000000,0.000000,0.000000,0.000000,0.000000,0.000000,-1.890000,11.330000,-3.830000,-0.430000,-0.380000,0.000000,41.690000,-22.190000,-2.060000
5.640000,153425.000000,2.000000,511.000000,2113.000000,657.000000,1960.000000,1745.000000,0.000000,0.000000,0.000000,0.000000,0.000000,0.000000,0.000000,0.000000,0.000000,-3.710000,11.200000,0.850000,-0.640000,-0.510000,0.090000,41.250000,-22.560000,-6.190000
5.642000,153426.000000,0.000000,451.000000,2047.000000,432.000000,2330.000000,1363.000000,0.000000,0.000000,0.000000,0.000000,0.000000,0.000000,0.000000,0.000000,0.000000,-3.710000,11.200000,0.850000,-0.640000,-0.510000,0.090000,41.250000,-22.560000,-6.190000
5.644000,153427.000000,0.000000,352.000000,2019.000000,323.000000,2640.000000,1356.000000,0.000000,0.000000,0.000000,0.000000,0.000000,0.000000,0.000000,0.000000,0.000000,-3.710000,11.200000,0.850000,-0.640000,-0.510000,0.090000,41.250000,-22.560000,-6.190000
5.646000,153428.000000,0.000000,208.000000,1950.000000,413.000000,2917.000000,1613.000000,0.000000,0.000000,0.000000,0.000000,0.000000,0.000000,0.000000,0.000000,0.000000,-3.710000,11.200000,0.850000,-0.640000,-0.510000,0.090000,41.250000,-22.560000,-6.190000
5.648000,153429.000000,0.000000,119.000000,1941.000000,547.000000,3211.000000,1727.000000,0.000000,0.000000,0.000000,0.000000,0.000000,0.000000,0.000000,0.000000,0.000000,-3.710000,11.200000,0.850000,-0.640000,-0.510000,0.090000,41.250000,-22.560000,-6.190000
5.650000,153430.000000,240.000000,35.000000,1936.000000,651.000000,3408.000000,1770.000000,0.000000,0.000000,0.000000,0.000000,0.000000,0.000000,0.000000,0.000000,0.000000,-3.420000,12.170000,1.120000,-0.890000,-0.580000,0.170000,41.250000,-22.560000,-6.190000
5.652000,153431.000000,6.000000,0.000000,1969.000000,784.000000,3648.000000,1856.000000,0.000000,0.000000,0.000000,0.000000,0.000000,0.000000,0.000000,0.000000,0.000000,-3.420000,12.170000,1.120000,-0.890000,-0.580000,0.170000,41.250000,-22.560000,-6.190000
5.654000,153432.000000,21.000000,0.000000,1967.000000,944.000000,3731.000000,2288.000000,0.000000,0.000000,0.000000,0.000000,0.000000,0.000000,0.000000,0.000000,0.000000,-3.420000,12.170000,1.120000,-0.890000,-0.580000,0.170000,41.250000,-22.560000,-6.190000
5.656000,153433.000000,39.000000,2.000000,1930.000000,1200.000000,3778.000000,2365.000000,0.000000,0.000000,0.000000,0.000000,0.000000,0.000000,0.000000,0.000000,0.000000,-3.420000,12.170000,1.120000,-0.890000,-0.580000,0.170000,41.250000,-22.560000,-6.190000
5.658000,153434.000000,19.000000,115.000000,1917.000000,1213.000000,3798.000000,2074.000000,0.000000,0.000000,0.000000,0.000000,0.000000,0.000000,0.000000,0.000000,0.000000,-3.420000,12.170000,1.120000,-0.890000,-0.580000,0.170000,41.250000,-22.560000,-6.190000
5.660000,153435.000000,252.000000,221.000000,1846.000000,1086.000000,3754.000000,1678.000000,0.000000,0.000000,0.000000,0.000000,0.000000,0.000000,0.000000,0.000000,0.000000,-1.780000,13.630000,0.590000,-1.000000,-0.510000,0.230000,41.250000,-22.560000,-6.190000
5.662000,153436.000000,0.000000,322.000000,1729.000000,861.000000,3611.000000,1356.000000,0.000000,0.000000,0.000000,0.000000,0.000000,0.000000,0.000000,0.000000,0.000000,-1.780000,13.630000,0.590000,-1.000000,-0.510000,0.230000,41.250000,-22.560000,-6.190000
5.664000,153437.000000,0.000000,461.000000,1553.000000,749.000000,3472.000000,1392.000000,0.000000,0.000000,0.000000,0.000000,0.000000,0.000000,0.000000,0.000000,0.000000,-1.780000,13.630000,0.590000,-1.000000,-0.510000,0.230000,41.250000,-22.560000,-6.190000
5.666000,153438.000000,0.000000,616.000000,1357.000000,754.000000,3278.000000,1622.000000,0.000000,0.000000,0.000000,0.000000,0.000000,0.000000,0.000000,0.000000,0.000000,-1.780000,13.630000,0.590000,-1.000000,-0.510000,0.230000,41.250000,-22.560000,-6.190000
5.668000,153439.000000,0.000000,768.000000,1127.000000,816.000000,3168.000000,1707.000000,0.000000,0.000000,0.000000,0.000000,0.000000,0.000000,0.000000,0.000000,0.000000,-1.780000,13.630000,0.590000,-1.000000,-0.510000,0.230000,41.250000,-22.560000,-6.190000
5.670000,153440.000000,0.000000,943.000000,848.000000,829.000000,3069.000000,1767.000000,0.000000,0.000000,0.000000,0.000000,0.000000,0.000000,0.000000,0.000000,0.000000,0.450000,14.370000,0.100000,-1.040000,-0.280000,0.250000,41.250000,-22.560000,-6.190000
5.672000,153441.000000,0.000000,1149.000000,613.000000,886.000000,2995.000000,1842.000000,0.000000,0.000000,0.000000,0.000000,0.000000,0.000000,0.000000,0.000000,0.000000,0.450000,14.370000,0.100000,-1.040000,-0.280000,0.250000,41.250000,-22.560000,-6.190000
5.674000,153442.000000,25.000000,1328.000000,354.000000,950.000000,2957.000000,2278.000000,0.000000,0.000000,0.000000,0.000000,0.000000,0.000000,0.000000,0.000000,0.000000,0.450000,14.370000,0.100000,-1.040000,-0.280000,0.250000,41.250000,-22.560000,-6.190000
5.676000,153443.000000,40.000000,1523.000000,115.000000,1149.000000,2960.000000,2336.000000,0.000000,0.000000,0.000000,0.000000,0.000000,0.000000,0.000000,0.000000,0.000000,0.450000,14.370000,0.100000,-1.040000,-0.280000,0.250000,41.250000,-22.560000,-6.190000
5.678000,153444.000000,19.000000,1694.000000,0.000000,1136.000000,2982.000000,2007.000000,0.000000,0.000000,0.000000,0.000000,0.000000,0.000000,0.000000,0.000000,0.000000,0.450000,14.370000,0.100000,-1.040000,-0.280000,0.250000,41.250000,-22.560000,-6.190000
5.680000,153445.000000,0.000000,1840.000000,0.000000,997.000000,2994.000000,1587.000000,0.000000,0.000000,0.000000,0.000000,0.000000,0.000000,0.000000,0.000000,0.000000,1.060000,16.410000,-1.060000,-1.010000,0.060000,0.360000,41.250000,-22.560000,-6.190000
5.682000,153446.000000,0.000000,1903.000000,0.000000,755.000000,3047.000000,1327.000000,0.000000,0.000000,0.000000,0.000000,0.000000,0.000000,0.000000,0.000000,0.000000,1.060000,16.410000,-1.060000,-1.010000,0.060000,0.360000,41.250000,-22.560000,-6.190000
5.684000,153447.000000,0.000000,1939.000000,0.000000,560.000000,3044.000000,1325.000000,0.000000,0.000000,0.000000,0.000000,0.000000,0.000000,0.000000,0.000000,0.000000,1.060000,16.410000,-1.060000,-1.010000,0.060000,0.360000,41.250000,-22.560000,-6.190000
5.686000,153448.000000,0.000000,1940.000000,0.000000,574.000000,3056.000000,1573.000000,0.000000,0.000000,0.000000,0.000000,0.000000,0.000000,0.000000,0.000000,0.000000,1.060000,16.410000,-1.060000,-1.010000,0.060000,0.360000,41.250000,-22.560000,-6.190000
5.688000,153449.000000,0.000000,1919.000000,0.000000,629.000000,3071.000000,1693.000000,0.000000,0.000000,0.000000,0.000000,0.000000,0.000000,0.000000,0.000000,0.000000,1.060000,16.410000,-1.060000,-1.010000,0.060000,0.360000,41.250000,-22.560000,-6.190000
5.690000,153450.000000,48.000000,1872.000000,0.000000,676.000000,3059.000000,1744.000000,0.000000,0.000000,0.000000,0.000000,0.000000,0.000000,0.000000,0.000000,0.000000,-0.940000,16.040000,-1.800000,-0.870000,0.510000,0.430000,41.060000,-22.190000,-7.000000
5.692000,153451.000000,0.000000,1823.000000,0.000000,725.000000,3071.000000,1807.000000,0.000000,0.000000,0.000000,0.000000,0.000000,0.000000,0.000000,0.000000,0.000000,-0.940000,16.040000,-1.800000,-0.870000,0.510000,0.430000,41.060000,-22.190000,-7.000000
5.694000,153452.000000,44.000000,1683.000000,0.000000,823.000000,3038.000000,2245.000000,0.000000,0.000000,0.000000,0.000000,0.000000,0.000000,0.000000,0.000000,0.000000,-0.940000,16.040000,-1.800000,-0.870000,0.510000,0.430000,41.060000,-22.190000,-7.000000
5.696000,153453.000000,46.000000,1611.000000,0.000000,1056.000000,2999.000000,2340.000000,0.000000,0.000000,0.000000,0.000000,0.000000,0.000000,0.000000,0.000000,0.000000,-0.940000,16.040000,-1.800000,-0.870000,0.510000,0.430000,41.060000,-22.190000,-7.000000
5.698000,153454.000000,15.000000,1488.000000,0.000000,1088.000000,2937.000000,1999.000000,0.000000,0.000000,0.000000,0.000000,0.000000,0.000000,0.000000,0.000000,0.000000,-0.940000,16.040000,-1.800000,-0.870000,0.510000,0.430000,41.060000,-22.190000,-7.000000
5.700000,153455.000000,400.000000,1360.000000,0.000000,995.000000,2833.000000,1591.000000,0.000000,0.000000,0.000000,0.000000,0.000000,0.000000,0.000000,0.000000,0.000000,-3.470000,14.450000,-3.560000,-0.610000,0.690000,0.290000,41.060000,-22.190000,-7.000000
5.702000,153456.000000,0.000000,1168.000000,0.000000,735.000000,2654.000000,1250.000000,0.000000,0.000000,0.000000,0.000000,0.000000,0.000000,0.000000,0.000000,0.000000,-3.470000,14.450000,-3.560000,-0.610000,0.690000,0.290000,41.060000,-22.190000,-7.000000
5.704000,153457.000000,0.000000,922.000000,0.000000,614.000000,2479.000000,1216.000000,0.000000,0.000000,0.000000,0.000000,0.000000,0.000000,0.000000,0.000000,0.000000,-3.470000,14.450000,-3.560000,-0.610000,0.690000,0.290000,41.060000,-22.190000,-7.000000
5.706000,153458.000000,0.000000,722.000000,0.000000,620.000000,2261.000000,1438.000000,0.000000,0.000000,0.000000,0.000000,0.000000,0.000000,0.000000,0.000000,0.000000,-3.470000,14.450000,-3.560000,-0.610000,0.690000,0.290000,41.060000,-22.190000,-7.000000
5.708000,153459.000000,0.000000,535.000000,0.000000,662.000000,2067.000000,1558.000000,0.000000,0.000000,0.000000,0.000000,0.000000,0.000000,0.000000,0.000000,0.000000,-3.470000,14.450000,-3.560000,-0.610000,0.690000,0.290000,41.060000,-22.190000,-7.000000
5.710000,153460.000000,0.000000,367.000000,0.000000,692.000000,1862.000000,1577.000000,0.000000,0.000000,0.000000,0.000000,0.000000,0.000000,0.000000,0.000000,0.000000,-3.300000,11.780000,-3.930000,-0.170000,0.270000,0.030000,41.060000,-22.190000,-7.000000
5.712000,153461.000000,0.000000,192.000000,0.000000,721.000000,1654.000000,1648.000000,0.000000,0.000000,0.000000,0.000000,0.000000,0.000000,0.000000,0.000000,0.000000,-3.300000,11.780000,-3.930000,-0.170000,0.270000,0.030000,41.060000,-22.190000,-7.000000
5.714000,153462.000000,2.000000,46.000000,0.000000,820.000000,1465.000000,2091.000000,0.000000,0.000000,0.000000,0.000000,0.000000,0.000000,0.000000,0.000000,0.000000,-3.300000,11.780000,-3.930000,-0.170000,0.270000,0.030000,41.060000,-22.190000,-7.000000
5.716000,153463.000000,21.000000,0.000000,0.000000,961.000000,1264.000000,2150.000000,0.000000,0.000000,0.000000,0.000000,0.000000,0.000000,0.000000,0.000000,0.000000,-3.300000,11.780000,-3.930000,-0.170000,0.270000,0.030000,41.060000,-22.190000,-7.000000
5.718000,153464.000000,0.000000,0.000000,0.000000,959.000000,1097.000000,1808.000000,0.000000,0.000000,0.000000,0.000000,0.000000,0.000000,0.000000,0.000000,0.000000,-3.300000,11.780000,-3.930000,-0.170000,0.270000,0.030000,41.060000,-22.190000,-7.000000
5.720000,153465.000000,0.000000,0.000000,0.000000,823.000000,942.000000,1379.000000,0.000000,0.000000,0.000000,0.000000,0.000000,0.000000,0.000000,0.000000,0.000000,-1.100000,10.540000,-2.580000,0.150000,-0.690000,-0.180000,41.060000,-22.190000,-7.000000
5.722000,153466.000000,0.000000,0.000000,0.000000,511.000000,721.000000,1031.000000,0.000000,0.000000,0.000000,0.000000,0.000000,0.000000,0.000000,0.000000,0.000000,-1.100000,10.540000,-2.580000,0.150000,-0.690000,-0.180000,41.060000,-22.190000,-7.000000
5.724000,153467.000000,0.000000,0.000000,0.000000,347.000000,468.000000,1023.000000,0.000000,0.000000,0.000000,0.000000,0.000000,0.000000,0.000000,0.000000,0.000000,-1.100000,10.540000,-2.580000,0.150000,-0.690000,-0.180000,41.060000,-22.190000,-7.000000
5.726000,153468.000000,0.000000,0.000000,0.000000,319.000000,317.000000,1314.000000,0.000000,0.000000,0.000000,0.000000,0.000000,0.000000,0.000000,0.000000,0.000000,-1.100000,10.540000,-2.580000,0.150000,-0.690000,-0.180000,41.060000,-22.190000,-7.000000
5.728000,153469.000000,0.000000,0.000000,18.000000,349.000000,144.000000,1391.000000,0.000000,0.000000,0.000000,0.000000,0.000000,0.000000,0.000000,0.000000,0.000000,-1.100000,10.540000,-2.580000,0.150000,-0.690000,-0.180000,41.060000,-22.190000,-7.000000
5.730000,153470.000000,0.000000,0.000000,131.000000,387.000000,0.000000,1477.000000,0.000000,0.000000,0.000000,0.000000,0.000000,0.000000,0.000000,0.000000,0.000000,1.210000,8.990000,-0.800000,0.140000,-1.470000,-0.210000,41.060000,-22.190000,-7.000000
5.732000,153471.000000,0.000000,0.000000,244.000000,435.000000,0.000000,1520.000000,0.000000,0.000000,0.000000,0.000000,0.000000,0.000000,0.000000,0.000000,0.000000,1.210000,8.990000,-0.800000,0.140000,-1.470000,-0.210000,41.060000,-22.190000,-7.000000
5.734000,153472.000000,0.000000,0.000000,342.000000,560.000000,0.000000,1963.000000,0.000000,0.000000,0.000000,0.000000,0.000000,0.000000,0.000000,0.000000,0.000000,1.210000,8.990000,-0.800000,0.140000,-1.470000,-0.210000,41.060000,-22.190000,-7.000000
5.736000,153473.000000,17.000000,0.000000,425.000000,773.000000,0.000000,2090.000000,0.000000,0.000000,0.000000,0.000000,0.000000,0.000000,0.000000,0.000000,0.000000,1.210000,8.990000,-0.800000,0.140000,-1.470000,-0.210000,41.060000,-22.190000,-7.000000
5.738000,153474.000000,0.000000,0.000000,528.000000,811.000000,0.000000,1789.000000,0.000000,0.000000,0.000000,0.000000,0.000000,0.000000,0.000000,0.000000,0.000000,1.210000,8.990000,-0.800000,0.140000,-1.470000,-0.210000,41.060000,-22.190000,-7.000000
5.740000,153475.000000,0.000000,0.000000,617.000000,720.000000,0.000000,1343.000000,0.000000,0.000000,0.000000,0.000000,0.000000,0.000000,0.000000,0.000000,0.000000,2.880000,7.370000,1.150000,-0.100000,-1.500000,-0.060000,41.380000,-21.500000,-7.380000
5.742000,153476.000000,0.000000,0.000000,646.000000,482.000000,0.000000,1079.000000,0.000000,0.000000,0.000000,0.000000,0.000000,0.000000,0.000000,0.000000,0.000000,2.880000,7.370000,1.150000,-0.100000,-1.500000,-0.060000,41.380000,-21.500000,-7.380000
5.744000,153477.000000,0.000000,0.000000,695.000000,369.000000,0.000000,1048.000000,0.000000,0.000000,0.000000,0.000000,0.000000,0.000000,0.000000,0.000000,0.000000,2.880000,7.370000,1.150000,-0.100000,-1.500000,-0.060000,41.380000,-21.500000,-7.380000
5.746000,153478.000000,0.000000,86.000000,726.000000,389.000000,0.000000,1319.000000,0.000000,0.000000,0.000000,0.000000,0.000000,0.000000,0.000000,0.000000,0.000000,2.880000,7.370000,1.150000,-0.100000,-1.500000,-0.060000,41.380000,-21.500000,-7.380000
5.748000,153479.000000,0.000000,239.000000,752.000000,481.000000,0.000000,1445.000000,0.000000,0.000000,0.000000,0.000000,0.000000,0.000000,0.000000,0.000000,0.000000,2.880000,7.370000,1.150000,-0.100000,-1.500000,-0.060000,41.380000,-21.500000,-7.380000
5.750000,153480.000000,208.000000,353.000000,796.000000,557.000000,0.000000,1514.000000,0.000000,0.000000,0.000000,0.000000,0.000000,0.000000,0.000000,0.000000,0.000000,4.040000,5.610000,3.750000,-0.430000,-1.000000,0.200000,41.380000,-21.500000,-7.380000
5.752000,153481.000000,0.000000,526.000000,873.000000,636.000000,0.000000,1617.000000,0.000000,0.000000,0.000000,0.000000,0.000000,0.000000,0.000000,0.000000,0.000000,4.040000,5.610000,3.750000,-0.430000,-1.000000,0.200000,41.380000,-21.500000,-7.380000
5.754000,153482.000000,7.000000,679.000000,957.000000,781.000000,0.000000,2075.000000,0.000000,0.000000,0.000000,0.000000,0.000000,0.000000,0.000000,0.000000,0.000000,4.040000,5.610000,3.750000,-0.430000,-1.000000,0.200000,41.380000,-21.500000,-7.380000
5.756000,153483.000000,31.000000,844.000000,1037.000000,944.000000,0.000000,2192.000000,0.000000,0.000000,0.000000,0.000000,0.000000,0.000000,0.000000,0.000000,0.000000,4.040000,5.610000,3.750000,-0.430000,-1.000000,0.200000,41.380000,-21.500000,-7.380000
5.758000,153484.000000,4.000000,1038.000000,1113.000000,945.000000,0.000000,1894.000000,0.000000,0.000000,0.000000,0.000000,0.000000,0.000000,0.000000,0.000000,0.000000,4.040000,5.610000,3.750000,-0.430000,-1.000000,0.200000,41.380000,-21.500000,-7.380000
5.760000,153485.000000,0.000000,1190.000000,1195.000000,826.000000,0.000000,1472.000000,0.000000,0.000000,0.000000,0.000000,0.000000,0.000000,0.000000,0.000000,0.000000,4.000000,5.720000,4.790000,-0.710000,-0.340000,0.510000,41.380000,-21.500000,-7.380000
5.762000,153486.000000,0.000000,1289.000000,1247.000000,615.000000,0.000000,1170.000000,0.000000,0.000000,0.000000,0.000000,0.000000,0.000000,0.000000,0.000000,0.000000,4.000000,5.720000,4.790000,-0.710000,-0.340000,0.510000,41.380000,-21.500000,-7.380000
5.764000,153487.000000,0.000000,1392.000000,1299.000000,483.000000,0.000000,1173.000000,0.000000,0.000000,0.000000,0.000000,0.000000,0.000000,0.000000,0.000000,0.000000,4.000000,5.720000,4.790000,-0.710000,-0.340000,0.510000,41.380000,-21.500000,-7.380000
5.766000,153488.000000,0.000000,1431.000000,1311.000000,503.000000,0.000000,1439.000000,0.000000,0.000000,0.000000,0.000000,0.000000,0.000000,0.000000,0.000000,0.000000,4.000000,5.720000,4.790000,-0.710000,-0.340000,0.510000,41.380000,-21.500000,-7.380000
5.768000,153489.000000,0.000000,1488.000000,1345.000000,575.000000,0.000000,1561.000000,0.000000,0.000000,0.000000,0.000000,0.000000,0.000000,0.000000,0.000000,0.000000,4.000000,5.720000,4.790000,-0.710000,-0.340000,0.510000,41.380000,-21.500000,-7.380000
5.770000,153490.000000,463.000000,1535.000000,1354.000000,655.000000,0.000000,1630.000000,0.000000,0.000000,0.000000,0.000000,0.000000,0.000000,0.000000,0.000000,0.000000,3.630000,6.330000,4.690000,-0.840000,0.360000,0.790000,41.380000,-21.500000,-7.380000
5.772000,153491.000000,0.000000,1584.000000,1360.000000,708.000000,0.000000,1687.000000,0.000000,0.000000,0.000000,0.000000,0.000000,0.000000,0.000000,0.000000,0.000000,3.630000,6.330000,4.690000,-0.840000,0.360000,0.790000,41.380000,-21.500000,-7.380000
5.774000,153492.000000,16.000000,1613.000000,1390.000000,832.000000,0.000000,2123.000000,0.000000,0.000000,0.000000,0.000000,0.000000,0.000000,0.000000,0.000000,0.000000,3.630000,6.330000,4.690000,-0.840000,0.360000,0.790000,41.380000,-21.500000,-7.380000
5.776000,153493.000000,37.000000,1648.000000,1392.000000,1023.000000,0.000000,2205.000000,0.000000,0.000000,0.000000,0.000000,0.000000,0.000000,0.000000,0.000000,0.000000,3.630000,6.330000,4.690000,-0.840000,0.360000,0.790000,41.380000,-21.500000,-7.380000
5.778000,153494.000000,11.000000,1679.000000,1412.000000,1019.000000,0.000000,1922.000000,0.000000,0.000000,0.000000,0.000000,0.000000,0.000000,0.000000,0.000000,0.000000,3.630000,6.330000,4.690000,-0.840000,0.360000,0.790000,41.380000,-21.500000,-7.380000
5.780000,153495.000000,13.000000,1691.000000,1453.000000,911.000000,0.000000,1513.000000,0.000000,0.000000,0.000000,0.000000,0.000000,0.000000,0.000000,0.000000,0.000000,3.020000,7.240000,3.790000,-0.870000,0.930000,1.000000,41.380000,-21.500000,-7.380000
5.782000,153496.000000,0.000000,1673.000000,1472.000000,688.000000,0.000000,1251.000000,0.000000,0.000000,0.000000,0.000000,0.000000,0.000000,0.000000,0.000000,0.000000,3.020000,7.240000,3.790000,-0.870000,0.930000,1.000000,41.380000,-21.500000,-7.380000
5.784000,153497.000000,0.000000,1618.000000,1456.000000,570.000000,0.000000,1190.000000,0.000000,0.000000,0.000000,0.000000,0.000000,0.000000,0.000000,0.000000,0.000000,3.020000,7.240000,3.790000,-0.870000,0.930000,1.000000,41.380000,-21.500000,-7.380000
5.786000,153498.000000,0.000000,1571.000000,1456.000000,558.000000,0.000000,1454.000000,0.000000,0.000000,0.000000,0.000000,0.000000,0.000000,0.000000,0.000000,0.000000,3.020000,7.240000,3.790000,-0.870000,0.930000,1.000000,41.380000,-21.500000,-7.380000
5.788000,153499.000000,0.000000,1516.000000,1488.000000,629.000000,0.000000,1535.000000,0.000000,0.000000,0.000000,0.000000,0.000000,0.000000,0.000000,0.000000,0.000000,3.020000,7.240000,3.790000,-0.870000,0.930000,1.000000,41.380000,-21.500000,-7.380000
5.790000,153500.000000,31.000000,1476.000000,1488.000000,682.000000,0.000000,1583.000000,0.000000,0.000000,0.000000,0.000000,0.000000,0.000000,0.000000,0.000000,0.000000,2.510000,8.220000,1.810000,-0.890000,1.070000,1.070000,41.380000,-22.190000,-9.060000
5.792000,153501.000000,0.000000,1441.000000,1535.000000,705.000000,0.000000,1643.000000,0.000000,0.000000,0.000000,0.000000,0.000000,0.000000,0.000000,0.000000,0.000000,2.510000,8.220000,1.810000,-0.890000,1.070000,1.070000,41.380000,-22.190000,-9.060000
5.794000,153502.000000,16.000000,1371.000000,1578.000000,719.000000,0.000000,1945.000000,0.000000,0.000000,0.000000,0.000000,0.000000,0.000000,0.000000,0.000000,0.000000,2.510000,8.220000,1.810000,-0.890000,1.070000,1.070000,41.380000,-22.190000,-9.060000
5.796000,153503.000000,22.000000,1344.000000,1584.000000,871.000000,0.000000,2105.000000,0.000000,0.000000,0.000000,0.000000,0.000000,0.000000,0.000000,0.000000,0.000000,2.510000,8.220000,1.810000,-0.890000,1.070000,1.070000,41.380000,-22.190000,-9.060000
5.798000,153504.000000,2.000000,1315.000000,1636.000000,671.000000,0.000000,1894.000000,0.000000,0.000000,0.000000,0.000000,0.000000,0.000000,0.000000,0.000000,0.000000,2.510000,8.220000,1.810000,-0.890000,1.070000,1.070000,41.380000,-22.190000,-9.060000
5.800000,153505.000000,363.000000,1294.000000,1673.000000,91.000000,0.000000,1488.000000,0.000000,0.000000,0.000000,0.000000,0.000000,0.000000,0.000000,0.000000,0.000000,2.790000,8.430000,1.340000,-0.890000,0.910000,0.980000,41.380000,-22.190000,-9.060000
5.802000,153506.000000,0.000000,1237.000000,1698.000000,0.000000,0.000000,1167.000000,0.000000,0.000000,0.000000,0.000000,0.000000,0.000000,0.000000,0.000000,0.000000,2.790000,8.430000,1.340000,-0.890000,0.910000,0.980000,41.380000,-22.190000,-9.060000
5.804000,153507.000000,0.000000,1137.000000,1686.000000,0.000000,0.000000,1154.000000,0.000000,0.000000,0.000000,0.000000,0.000000,0.000000,0.000000,0.000000,0.000000,2.790000,8.430000,1.340000,-0.890000,0.910000,0.980000,41.380000,-22.190000,-9.060000
5.806000,153508.000000,0.000000,1065.000000,1705.000000,0.000000,0.000000,1403.000000,0.000000,0.000000,0.000000,0.000000,0.000000,0.000000,0.000000,0.000000,0.000000,2.790000,8.430000,1.340000,-0.890000,0.910000,0.980000,41.380000,-22.190000,-9.060000
5.808000,153509.000000,0.000000,1017.000000,1714.000000,0.000000,0.000000,1507.000000,0.000000,0.000000,0.000000,0.000000,0.000000,0.000000,0.000000,0.000000,0.000000,2.790000,8.430000,1.340000,-0.890000,0.910000,0.980000,41.380000,-22.190000,-9.060000
5.810000,153510.000000,266.000000,994.000000,1745.000000,0.000000,0.000000,1558.000000,0.000000,0.000000,0.000000,0.000000,0.000000,0.000000,0.000000,0.000000,0.000000,2.610000,8.680000,0.930000,-0.840000,0.730000,0.810000,41.380000,-22.190000,-9.060000
5.812000,153511.000000,0.000000,965.000000,1776.000000,0.000000,0.000000,1621.000000,0.000000,0.000000,0.000000,0.000000,0.000000,0.000000,0.000000,0.000000,0.000000,2.610000,8.680000,0.930000,-0.840000,0.730000,0.810000,41.380000,-22.190000,-9.060000
5.814000,153512.000000,2.000000,961.000000,1768.000000,0.000000,0.000000,2057.000000,0.000000,0.000000,0.000000,0.000000,0.000000,0.000000,0.000000,0.000000,0.000000,2.610000,8.680000,0.930000,-0.840000,0.730000,0.810000,41.380000,-22.190000,-9.060000
5.816000,153513.000000,26.000000,998.000000,1809.000000,0.000000,0.000000,2176.000000,0.000000,0.000000,0.000000,0.000000,0.000000,0.000000,0.000000,0.000000,0.000000,2.610000,8.680000,0.930000,-0.840000,0.730000,0.810000,41.380000,-22.190000,-9.060000
5.818000,153514.000000,6.000000,1040.000000,1792.000000,0.000000,0.000000,1854.000000,0.000000,0.000000,0.000000,0.000000,0.000000,0.000000,0.000000,0.000000,0.000000,2.610000,8.680000,0.930000,-0.840000,0.730000,0.810000,41.380000,-22.190000,-9.060000
5.820000,153515.000000,276.000000,1040.000000,1824.000000,0.000000,0.000000,1454.000000,0.000000,0.000000,0.000000,0.000000,0.000000,0.000000,0.000000,0.000000,0.000000,2.270000,9.180000,0.790000,-0.770000,0.450000,0.610000,41.380000,-22.190000,-9.060000
5.822000,153516.000000,0.000000,1015.000000,1811.000000,0.000000,0.000000,1152.000000,0.000000,0.000000,0.000000,0.000000,0.000000,0.000000,0.000000,0.000000,0.000000,2.270000,9.180000,0.790000,-0.770000,0.450000,0.610000,41.380000,-22.190000,-9.060000
5.824000,153517.000000,0.000000,982.000000,1778.000000,0.000000,0.000000,1146.000000,0.000000,0.000000,0.000000,0.000000,0.000000,0.000000,0.000000,0.000000,0.000000,2.270000,9.180000,0.790000,-0.770000,0.450000,0.610000,41.380000,-22.190000,-9.060000
5.826000,153518.000000,0.000000,930.000000,1748.000000,176.000000,0.000000,1418.000000,0.000000,0.000000,0.000000,0.000000,0.000000,0.000000,0.000000,0.000000,0.000000,2.270000,9.180000,0.790000,-0.770000,0.450000,0.610000,41.380000,-22.190000,-9.060000
5.828000,153519.000000,0.000000,903.000000,1725.000000,379.000000,0.000000,1529.000000,0.000000,0.000000,0.000000,0.000000,0.000000,0.000000,0.000000,0.000000,0.000000,2.270000,9.180000,0.790000,-0.770000,0.450000,0.610000,41.380000,-22.190000,-9.060000
5.830000,153520.000000,0.000000,899.000000,1671.000000,506.000000,0.000000,1611.000000,0.000000,0.000000,0.000000,0.000000,0.000000,0.000000,0.000000,0.000000,0.000000,0.780000,10.010000,0.960000,-0.710000,-0.020000,0.390000,41.380000,-22.190000,-9.060000
5.832000,153521.000000,0.000000,901.000000,1668.000000,643.000000,0.000000,1694.000000,0.000000,0.000000,0.000000,0.000000,0.000000,0.000000,0.000000,0.000000,0.000000,0.780000,10.010000,0.960000,-0.710000,-0.020000,0.390000,41.380000,-22.190000,-9.060000
5.834000,153522.000000,11.000000,903.000000,1632.000000,778.000000,0.000000,2086.000000,0.000000,0.000000,0.000000,0.000000,0.000000,0.000000,0.000000,0.000000,0.000000,0.780000,10.010000,0.960000,-0.710000,-0.020000,0.390000,41.380000,-22.190000,-9.060000
5.836000,153523.000000,33.000000,937.000000,1618.000000,1019.000000,0.000000,2215.000000,0.000000,0.000000,0.000000,0.000000,0.000000,0.000000,0.000000,0.000000,0.000000,0.780000,10.010000,0.960000,-0.710000,-0.020000,0.390000,41.380000,-22.190000,-9.060000
5.838000,153524.000000,5.000000,999.000000,1603.000000,1059.000000,0.000000,1911.000000,0.000000,0.000000,0.000000,0.000000,0.000000,0.000000,0.000000,0.000000,0.000000,0.780000,10.010000,0.960000,-0.710000,-0.020000,0.390000,41.380000,-22.190000,-9.060000
5.840000,153525.000000,16.000000,1041.000000,1564.000000,934.000000,0.000000,1490.000000,0.000000,0.000000,0.000000,0.000000,0.000000,0.000000,0.000000,0.000000,0.000000,-0.380000,10.130000,1.410000,-0.630000,-0.530000,0.160000,41.060000,-21.880000,-11.060000
5.842000,153526.000000,0.000000,1072.000000,1519.000000,726.000000,0.000000,1213.000000,0.000000,0.000000,0.000000,0.000000,0.000000,0.000000,0.000000,0.000000,0.000000,-0.380000,10.130000,1.410000,-0.630000,-0.530000,0.160000,41.060000,-21.880000,-11.060000
5.844000,153527.000000,0.000000,1072.000000,1462.000000,638.000000,0.000000,1189.000000,0.000000,0.000000,0.000000,0.000000,0.000000,0.000000,0.000000,0.000000,0.000000,-0.380000,10.130000,1.410000,-0.630000,-0.530000,0.160000,41.060000,-21.880000,-11.060000
5.846000,153528.000000,0.000000,1078.000000,1431.000000,652.000000,0.000000,1434.000000,0.000000,0.000000,0.000000,0.000000,0.000000,0.000000,0.000000,0.000000,0.000000,-0.380000,10.130000,1.410000,-0.630000,-0.530000,0.160000,41.060000,-21.880000,-11.060000
5.848000,153529.000000,0.000000,1126.000000,1350.000000,698.000000,0.000000,1535.000000,0.000000,0.000000,0.000000,0.000000,0.000000,0.000000,0.000000,0.000000,0.000000,-0.380000,10.130000,1.410000,-0.630000,-0.530000,0.160000,41.060000,-21.880000,-11.060000
5.850000,153530.000000,34.000000,1168.000000,1323.000000,741.000000,0.000000,1585.000000,0.000000,0.000000,0.000000,0.000000,0.000000,0.000000,0.000000,0.000000,0.000000,-1.080000,9.970000,1.940000,-0.570000,-0.960000,-0.050000,41.060000,-21.880000,-11.060000
5.852000,153531.000000,0.000000,1211.000000,1287.000000,791.000000,0.000000,1657.000000,0.000000,0.000000,0.000000,0.000000,0.000000,0.000000,0.000000,0.000000,0.000000,-1.080000,9.970000,1.940000,-0.570000,-0.960000,-0.050000,41.060000,-21.880000,-11.060000
5.854000,153532.000000,16.000000,1214.000000,1248.000000,908.000000,0.000000,2092.000000,0.000000,0.000000,0.000000,0.000000,0.000000,0.000000,0.000000,0.000000,0.000000,-1.080000,9.970000,1.940000,-0.570000,-0.960000,-0.050000,41.060000,-21.880000,-11.060000
5.856000,153533.000000,34.000000,1296.000000,1218.000000,1112.000000,0.000000,2206.000000,0.000000,0.000000,0.000000,0.000000,0.000000,0.000000,0.000000,0.000000,0.000000,-1.080000,9.970000,1.940000,-0.570000,-0.960000,-0.050000,41.060000,-21.880000,-11.060000
5.858000,153534.000000,3.000000,1397.000000,1219.000000,162.000000,0.000000,1867.000000,0.000000,0.000000,0.000000,0.000000,0.000000,0.000000,0.000000,0.000000,0.000000,-1.080000,9.970000,1.940000,-0.570000,-0.960000,-0.050000,41.060000,-21.880000,-11.060000
5.860000,153535.000000,416.000000,1456.000000,1207.000000,0.000000,0.000000,1488.000000,0.000000,0.000000,0.000000,0.000000,0.000000,0.000000,0.000000,0.000000,0.000000,-1.190000,9.350000,3.030000,-0.580000,-1.320000,-0.230000,41.060000,-21.880000,-11.060000
5.862000,153536.000000,0.000000,1493.000000,1158.000000,0.000000,0.000000,1119.000000,0.000000,0.000000,0.000000,0.000000,0.000000,0.000000,0.000000,0.000000,0.000000,-1.190000,9.350000,3.030000,-0.580000,-1.320000,-0.230000,41.060000,-21.880000,-11.060000
5.864000,153537.000000,0.000000,1509.000000,1109.000000,0.000000,0.000000,1111.000000,0.000000,0.000000,0.000000,0.000000,0.000000,0.000000,0.000000,0.000000,0.000000,-1.190000,9.350000,3.030000,-0.580000,-1.320000,-0.230000,41.060000,-21.880000,-11.060000
5.866000,153538.000000,0.000000,1501.000000,1003.000000,2.000000,0.000000,1391.000000,0.000000,0.000000,0.000000,0.000000,0.000000,0.000000,0.000000,0.000000,0.000000,-1.190000,9.350000,3.030000,-0.580000,-1.320000,-0.230000,41.060000,-21.880000,-11.060000
5.868000,153539.000000,0.000000,1535.000000,946.000000,89.000000,0.000000,1535.000000,0.000000,0.000000,0.000000,0.000000,0.000000,0.000000,0.000000,0.000000,0.000000,-1.190000,9.350000,3.030000,-0.580000,-1.320000,-0.230000,41.060000,-21.880000,-11.060000
5.870000,153540.000000,447.000000,1557.000000,939.000000,207.000000,0.000000,1574.000000,0.000000,0.000000,0.000000,0.000000,0.000000,0.000000,0.000000,0.000000,0.000000,-0.970000,9.130000,3.370000,-0.650000,-1.550000,-0.360000,41.060000,-21.880000,-11.060000
5.872000,153541.000000,0.000000,1611.000000,905.000000,311.000000,0.000000,1641.000000,0.000000,0.000000,0.000000,0.000000,0.000000,0.000000,0.000000,0.000000,0.000000,-0.970000,9.130000,3.370000,-0.650000,-1.550000,-0.360000,41.060000,-21.880000,-11.060000
5.874000,153542.000000,9.000000,1658.000000,858.000000,425.000000,0.000000,2035.000000,0.000000,0.000000,0.000000,0.000000,0.000000,0.000000,0.000000,0.000000,0.000000,-0.970000,9.130000,3.370000,-0.650000,-1.550000,-0.360000,41.060000,-21.880000,-11.060000
5.876000,153543.000000,23.000000,1730.000000,847.000000,598.000000,0.000000,2159.000000,0.000000,0.000000,0.000000,0.000000,0.000000,0.000000,0.000000,0.000000,0.000000,-0.970000,9.130000,3.370000,-0.650000,-1.550000,-0.360000,41.060000,-21.880000,-11.060000
5.878000,153544.000000,11.000000,1808.000000,850.000000,581.000000,0.000000,1897.000000,0.000000,0.000000,0.000000,0.000000,0.000000,0.000000,0.000000,0.000000,0.000000,-0.970000,9.130000,3.370000,-0.650000,-1.550000,-0.360000,41.060000,-21.880000,-11.060000
5.880000,153545.000000,16.000000,1881.000000,848.000000,489.000000,0.000000,1469.000000,0.000000,0.000000,0.000000,0.000000,0.000000,0.000000,0.000000,0.000000,0.000000,-0.440000,8.870000,3.140000,-0.740000,-1.600000,-0.390000,41.060000,-21.880000,-11.060000
5.882000,153546.000000,0.000000,1921.000000,858.000000,354.000000,0.000000,1213.000000,0.000000,0.000000,0.000000,0.000000,0.000000,0.000000,0.000000,0.000000,0.000000,-0.440000,8.870000,3.140000,-0.740000,-1.600000,-0.390000,41.060000,-21.880000,-11.060000
5.884000,153547.000000,0.000000,1957.000000,848.000000,297.000000,0.000000,1167.000000,0.000000,0.000000,0.000000,0.000000,0.000000,0.000000,0.000000,0.000000,0.000000,-0.440000,8.870000,3.140000,-0.740000,-1.600000,-0.390000,41.060000,-21.880000,-11.060000
5.886000,153548.000000,0.000000,1956.000000,821.000000,398.000000,0.000000,1417.000000,0.000000,0.000000,0.000000,0.000000,0.000000,0.000000,0.000000,0.000000,0.000000,-0.440000,8.870000,3.140000,-0.740000,-1.600000,-0.390000,41.060000,-21.880000,-11.060000
5.888000,153549.000000,0.000000,1982.000000,804.000000,499.000000,0.000000,1565.000000,0.000000,0.000000,0.000000,0.000000,0.000000,0.000000,0.000000,0.000000,0.000000,-0.440000,8.870000,3.140000,-0.740000,-1.600000,-0.390000,41.060000,-21.880000,-11.060000
5.890000,153550.000000,66.000000,1975.000000,815.000000,578.000000,0.000000,1600.000000,0.000000,0.000000,0.000000,0.000000,0.000000,0.000000,0.000000,0.000000,0.000000,-0.130000,8.790000,2.930000,-0.800000,-1.480000,-0.360000,40.380000,-23.380000,-11.560000
5.892000,153551.000000,0.000000,2012.000000,816.000000,641.000000,0.000000,1701.000000,0.000000,0.000000,0.000000,0.000000,0.000000,0.000000,0.000000,0.000000,0.000000,-0.130000,8.790000,2.930000,-0.800000,-1.480000,-0.360000,40.380000,-23.380000,-11.560000
5.894000,153552.000000,70.000000,2031.000000,869.000000,752.000000,0.000000,2083.000000,0.000000,0.000000,0.000000,0.000000,0.000000,0.000000,0.000000,0.000000,0.000000,-0.130000,8.790000,2.930000,-0.800000,-1.480000,-0.360000,40.380000,-23.380000,-11.560000
5.896000,153553.000000,43.000000,2061.000000,921.000000,957.000000,0.000000,2229.000000,0.000000,0.000000,0.000000,0.000000,0.000000,0.000000,0.000000,0.000000,0.000000,-0.130000,8.790000,2.930000,-0.800000,-1.480000,-0.360000,40.380000,-23.380000,-11.560000
5.898000,153554.000000,16.000000,2070.000000,980.000000,1007.000000,0.000000,1936.000000,0.000000,0.000000,0.000000,0.000000,0.000000,0.000000,0.000000,0.000000,0.000000,-0.130000,8.790000,2.930000,-0.800000,-1.480000,-0.360000,40.380000,-23.380000,-11.560000
5.900000,153555.000000,671.000000,2114.000000,1005.000000,890.000000,0.000000,1605.000000,0.000000,0.000000,0.000000,0.000000,0.000000,0.000000,0.000000,0.000000,0.000000,0.000000,8.900000,2.150000,-0.820000,-1.240000,-0.270000,40.380000,-23.380000,-11.560000
5.902000,153556.000000,0.000000,2103.000000,1122.000000,656.000000,0.000000,1243.000000,0.000000,0.000000,0.000000,0.000000,0.000000,0.000000,0.000000,0.000000,0.000000,0.000000,8.900000,2.150000,-0.820000,-1.240000,-0.270000,40.380000,-23.380000,-11.560000
5.904000,153557.000000,0.000000,2068.000000,1151.000000,545.000000,0.000000,1235.000000,0.000000,0.000000,0.000000,0.000000,0.000000,0.000000,0.000000,0.000000,0.000000,0.000000,8.900000,2.150000,-0.820000,-1.240000,-0.270000,40.380000,-23.380000,-11.560000
5.906000,153558.000000,0.000000,2037.000000,1177.000000,549.000000,0.000000,1488.000000,0.000000,0.000000,0.000000,0.000000,0.000000,0.000000,0.000000,0.000000,0.000000,0.000000,8.900000,2.150000,-0.820000,-1.240000,-0.270000,40.380000,-23.380000,-11.560000
5.908000,153559.000000,0.000000,2011.000000,1229.000000,650.000000,0.000000,1598.000000,0.000000,0.000000,0.000000,0.000000,0.000000,0.000000,0.000000,0.000000,0.000000,0.000000,8.900000,2.150000,-0.820000,-1.240000,-0.270000,40.380000,-23.380000,-11.560000
5.910000,153560.000000,112.000000,2007.000000,1315.000000,678.000000,0.000000,1651.000000,0.000000,0.000000,0.000000,0.000000,0.000000,0.000000,0.000000,0.000000,0.000000,-0.110000,9.110000,1.640000,-0.830000,-0.910000,-0.160000,40.380000,-23.380000,-11.560000
5.912000,153561.000000,0.000000,1951.000000,1361.000000,769.000000,0.000000,1728.000000,0.000000,0.000000,0.000000,0.000000,0.000000,0.000000,0.000000,0.000000,0.000000,-0.110000,9.110000,1.640000,-0.830000,-0.910000,-0.160000,40.380000,-23.380000,-11.560000
5.914000,153562.000000,16.000000,1968.000000,1435.000000,878.000000,0.000000,2141.000000,0.000000,0.000000,0.000000,0.000000,0.000000,0.000000,0.000000,0.000000,0.000000,-0.110000,9.110000,1.640000,-0.830000,-0.910000,-0.160000,40.380000,-23.380000,-11.560000
5.916000,153563.000000,48.000000,1984.000000,1517.000000,1104.000000,0.000000,2256.000000,0.000000,0.000000,0.000000,0.000000,0.000000,0.000000,0.000000,0.000000,0.000000,-0.110000,9.110000,1.640000,-0.830000,-0.910000,-0.160000,40.380000,-23.380000,-11.560000
5.918000,153564.000000,16.000000,2023.000000,1616.000000,1115.000000,0.000000,1991.000000,0.000000,0.000000,0.000000,0.000000,0.000000,0.000000,0.000000,0.000000,0.000000,-0.110000,9.110000,1.640000,-0.830000,-0.910000,-0.160000,40.380000,-23.380000,-11.560000
5.920000,153565.000000,603.000000,2038.000000,1643.000000,1007.000000,0.000000,1623.000000,0.000000,0.000000,0.000000,0.000000,0.000000,0.000000,0.000000,0.000000,0.000000,-0.260000,9.210000,1.430000,-0.850000,-0.520000,-0.050000,40.380000,-23.380000,-11.560000
5.922000,153566.000000,0.000000,2029.000000,1723.000000,782.000000,0.000000,1306.000000,0.000000,0.000000,0.000000,0.000000,0.000000,0.000000,0.000000,0.000000,0.000000,-0.260000,9.210000,1.430000,-0.850000,-0.520000,-0.050000,40.380000,-23.380000,-11.560000
5.924000,153567.000000,0.000000,2017.000000,1739.000000,661.000000,0.000000,1282.000000,0.000000,0.000000,0.000000,0.000000,0.000000,0.000000,0.000000,0.000000,0.000000,-0.260000,9.210000,1.430000,-0.850000,-0.520000,-0.050000,40.380000,-23.380000,-11.560000
5.926000,153568.000000,0.000000,2004.000000,1797.000000,661.000000,0.000000,1517.000000,0.000000,0.000000,0.000000,0.000000,0.000000,0.000000,0.000000,0.000000,0.000000,-0.260000,9.210000,1.430000,-0.850000,-0.520000,-0.050000,40.380000,-23.380000,-11.560000
5.928000,153569.000000,0.000000,2004.000000,1821.000000,739.000000,0.000000,1642.000000,0.000000,0.000000,0.000000,0.000000,0.000000,0.000000,0.000000,0.000000,0.000000,-0.260000,9.210000,1.430000,-0.850000,-0.520000,-0.050000,40.380000,-23.380000,-11.560000
5.930000,153570.000000,37.000000,2016.000000,1872.000000,784.000000,0.000000,1677.000000,0.000000,0.000000,0.000000,0.000000,0.000000,0.000000,0.000000,0.000000,0.000000,-0.280000,9.260000,1.580000,-0.890000,-0.190000,0.030000,40.380000,-23.380000,-11.560000
5.932000,153571.000000,2.000000,2017.000000,1926.000000,842.000000,0.000000,1782.000000,0.000000,0.000000,0.000000,0.000000,0.000000,0.000000,0.000000,0.000000,0.000000,-0.280000,9.260000,1.580000,-0.890000,-0.190000,0.030000,40.380000,-23.380000,-11.560000
5.934000,153572.000000,23.000000,2034.000000,1979.000000,954.000000,0.000000,2174.000000,0.000000,0.000000,0.000000,0.000000,0.000000,0.000000,0.000000,0.000000,0.000000,-0.280000,9.260000,1.580000,-0.890000,-0.190000,0.030000,40.380000,-23.380000,-11.560000
5.936000,153573.000000,45.000000,2089.000000,2055.000000,1198.000000,0.000000,2313.000000,0.000000,0.000000,0.000000,0.000000,0.000000,0.000000,0.000000,0.000000,0.000000,-0.280000,9.260000,1.580000,-0.890000,-0.190000,0.030000,40.380000,-23.380000,-11.560000
5.938000,153574.000000,20.000000,2147.000000,2096.000000,1174.000000,0.000000,2021.000000,0.000000,0.000000,0.000000,0.000000,0.000000,0.000000,0.000000,0.000000,0.000000,-0.280000,9.260000,1.580000,-0.890000,-0.190000,0.030000,40.380000,-23.380000,-11.560000
5.940000,153575.000000,0.000000,2203.000000,2192.000000,1060.000000,0.000000,1574.000000,0.000000,0.000000,0.000000,0.000000,0.000000,0.000000,0.000000,0.000000,0.000000,0.230000,9.350000,2.350000,-0.930000,0.050000,0.050000,39.190000,-21.190000,-14.750000
5.942000,153576.000000,47.000000,2234.000000,2222.000000,848.000000,0.000000,1228.000000,0.000000,0.000000,0.000000,0.000000,0.000000,0.000000,0.000000,0.000000,0.000000,0.230000,9.350000,2.350000,-0.930000,0.050000,0.050000,39.190000,-21.190000,-14.750000
5.944000,153577.000000,0.000000,2239.000000,2272.000000,751.000000,0.000000,1062.000000,0.000000,0.000000,0.000000,0.000000,0.000000,0.000000,0.000000,0.000000,0.000000,0.230000,9.350000,2.350000,-0.930000,0.050000,0.050000,39.190000,-21.190000,-14.750000
5.946000,153578.000000,0.000000,2253.000000,2297.000000,694.000000,0.000000,1393.000000,0.000000,0.000000,0.000000,0.000000,0.000000,0.000000,0.000000,0.000000,0.000000,0.230000,9.350000,2.350000,-0.930000,0.050000,0.050000,39.190000,-21.190000,-14.750000
5.948000,153579.000000,0.000000,2283.000000,2335.000000,752.000000,0.000000,1630.000000,0.000000,0.000000,0.000000,0.000000,0.000000,0.000000,0.000000,0.000000,0.000000,0.230000,9.350000,2.350000,-0.930000,0.050000,0.050000,39.190000,-21.190000,-14.750000
5.950000,153580.000000,717.000000,2256.000000,2357.000000,811.000000,0.000000,1717.000000,0.000000,0.000000,0.000000,0.000000,0.000000,0.000000,0.000000,0.000000,0.000000,0.630000,9.300000,2.510000,-0.950000,0.210000,0.030000,39.190000,-21.190000,-14.750000
5.952000,153581.000000,20.000000,2307.000000,2402.000000,861.000000,0.000000,1808.000000,0.000000,0.000000,0.000000,0.000000,0.000000,0.000000,0.000000,0.000000,0.000000,0.630000,9.300000,2.510000,-0.950000,0.210000,0.030000,39.190000,-21.190000,-14.750000
5.954000,153582.000000,16.000000,2368.000000,2437.000000,973.000000,0.000000,1936.000000,0.000000,0.000000,0.000000,0.000000,0.000000,0.000000,0.000000,0.000000,0.000000,0.630000,9.300000,2.510000,-0.950000,0.210000,0.030000,39.190000,-21.190000,-14.750000
5.956000,153583.000000,42.000000,2416.000000,2471.000000,1186.000000,0.000000,2040.000000,0.000000,0.000000,0.000000,0.000000,0.000000,0.000000,0.000000,0.000000,0.000000,0.630000,9.300000,2.510000,-0.950000,0.210000,0.030000,39.190000,-21.190000,-14.750000
5.958000,153584.000000,21.000000,2475.000000,2551.000000,1199.000000,0.000000,1928.000000,0.000000,0.000000,0.000000,0.000000,0.000000,0.000000,0.000000,0.000000,0.000000,0.630000,9.300000,2.510000,-0.950000,0.210000,0.030000,39.190000,-21.190000,-14.750000
5.960000,153585.000000,784.000000,2518.000000,2587.000000,1102.000000,0.000000,1565.000000,0.000000,0.000000,0.000000,0.000000,0.000000,0.000000,0.000000,0.000000,0.000000,0.930000,9.180000,2.560000,-0.930000,0.280000,-0.040000,39.190000,-21.190000,-14.750000
5.962000,153586.000000,0.000000,2579.000000,2598.000000,843.000000,0.000000,1281.000000,0.000000,0.000000,0.000000,0.000000,0.000000,0.000000,0.000000,0.000000,0.000000,0.930000,9.180000,2.560000,-0.930000,0.280000,-0.040000,39.190000,-21.190000,-14.750000
5.964000,153587.000000,0.000000,2580.000000,2637.000000,709.000000,0.000000,1299.000000,0.000000,0.000000,0.000000,0.000000,0.000000,0.000000,0.000000,0.000000,0.000000,0.930000,9.180000,2.560000,-0.930000,0.280000,-0.040000,39.190000,-21.190000,-14.750000
5.966000,153588.000000,0.000000,2543.000000,2630.000000,656.000000,0.000000,1591.000000,0.000000,0.000000,0.000000,0.000000,0.000000,0.000000,0.000000,0.000000,0.000000,0.930000,9.180000,2.560000,-0.930000,0.280000,-0.040000,39.190000,-21.190000,-14.750000
5.968000,153589.000000,1.000000,2519.000000,2603.000000,711.000000,0.000000,1703.000000,0.000000,0.000000,0.000000,0.000000,0.000000,0.000000,0.000000,0.000000,0.000000,0.930000,9.180000,2.560000,-0.930000,0.280000,-0.040000,39.190000,-21.190000,-14.750000
5.970000,153590.000000,813.000000,2512.000000,2607.000000,734.000000,0.000000,1731.000000,0.000000,0.000000,0.000000,0.000000,0.000000,0.000000,0.000000,0.000000,0.000000,1.130000,9.030000,2.710000,-0.870000,0.280000,-0.130000,39.190000,-21.190000,-14.750000
5.972000,153591.000000,36.000000,2533.000000,2599.000000,793.000000,0.000000,1811.000000,0.000000,0.000000,0.000000,0.000000,0.000000,0.000000,0.000000,0.000000,0.000000,1.130000,9.030000,2.710000,-0.870000,0.280000,-0.130000,39.190000,-21.190000,-14.750000
5.974000,153592.000000,35.000000,2545.000000,2559.000000,901.000000,0.000000,2222.000000,0.000000,0.000000,0.000000,0.000000,0.000000,0.000000,0.000000,0.000000,0.000000,1.130000,9.030000,2.710000,-0.870000,0.280000,-0.130000,39.190000,-21.190000,-14.750000
5.976000,153593.000000,63.000000,2546.000000,2550.000000,1138.000000,0.000000,2389.000000,0.000000,0.000000,0.000000,0.000000,0.000000,0.000000,0.000000,0.000000,0.000000,1.130000,9.030000,2.710000,-0.870000,0.280000,-0.130000,39.190000,-21.190000,-14.750000
5.978000,153594.000000,37.000000,2607.000000,2547.000000,1140.000000,0.000000,2112.000000,0.000000,0.000000,0.000000,0.000000,0.000000,0.000000,0.000000,0.000000,0.000000,1.130000,9.030000,2.710000,-0.870000,0.280000,-0.130000,39.190000,-21.190000,-14.750000
5.980000,153595.000000,73.000000,2640.000000,2527.000000,997.000000,0.000000,1695.000000,0.000000,0.000000,0.000000,0.000000,0.000000,0.000000,0.000000,0.000000,0.000000,1.330000,8.990000,2.930000,-0.780000,0.240000,-0.230000,39.190000,-21.190000,-14.750000
5.982000,153596.000000,0.000000,2639.000000,2486.000000,758.000000,0.000000,1383.000000,0.000000,0.000000,0.000000,0.000000,0.000000,0.000000,0.000000,0.000000,0.000000,1.330000,8.990000,2.930000,-0.780000,0.240000,-0.230000,39.190000,-21.190000,-14.750000
5.984000,153597.000000,0.000000,2610.000000,2432.000000,617.000000,0.000000,1323.000000,0.000000,0.000000,0.000000,0.000000,0.000000,0.000000,0.000000,0.000000,0.000000,1.330000,8.990000,2.930000,-0.780000,0.240000,-0.230000,39.190000,-21.190000,-14.750000
5.986000,153598.000000,0.000000,2541.000000,2386.000000,623.000000,0.000000,1535.000000,0.000000,0.000000,0.000000,0.000000,0.000000,0.000000,0.000000,0.000000,0.000000,1.330000,8.990000,2.930000,-0.780000,0.240000,-0.230000,39.190000,-21.190000,-14.750000
5.988000,153599.000000,0.000000,2546.000000,2315.000000,681.000000,0.000000,1658.000000,0.000000,0.000000,0.000000,0.000000,0.000000,0.000000,0.000000,0.000000,0.000000,1.330000,8.990000,2.930000,-0.780000,0.240000,-0.230000,39.190000,-21.190000,-14.750000
5.990000,153600.000000,14.000000,2519.000000,2245.000000,715.000000,0.000000,1744.000000,0.000000,0.000000,0.000000,0.000000,0.000000,0.000000,0.000000,0.000000,0.000000,1.470000,9.060000,2.830000,-0.740000,0.190000,-0.320000,39.690000,-21.190000,-15.560000
5.992000,153601.000000,13.000000,2497.000000,2134.000000,799.000000,0.000000,1802.000000,0.000000,0.000000,0.000000,0.000000,0.000000,0.000000,0.000000,0.000000,0.000000,1.470000,9.060000,2.830000,-0.740000,0.190000,-0.320000,39.690000,-21.190000,-15.560000
5.994000,153602.000000,48.000000,2466.000000,2101.000000,848.000000,0.000000,2144.000000,0.000000,0.000000,0.000000,0.000000,0.000000,0.000000,0.000000,0.000000,0.000000,1.470000,9.060000,2.830000,-0.740000,0.190000,-0.320000,39.690000,-21.190000,-15.560000
5.996000,153603.000000,61.000000,2455.000000,2022.000000,1072.000000,0.000000,2352.000000,0.000000,0.000000,0.000000,0.000000,0.000000,0.000000,0.000000,0.000000,0.000000,1.470000,9.060000,2.830000,-0.740000,0.190000,-0.320000,39.690000,-21.190000,-15.560000
5.998000,153604.000000,33.000000,2480.000000,1952.000000,1090.000000,0.000000,2080.000000,0.000000,0.000000,0.000000,0.000000,0.000000,0.000000,0.000000,0.000000,0.000000,1.470000,9.060000,2.830000,-0.740000,0.190000,-0.320000,39.690000,-21.190000,-15.560000
6.000000,153605.000000,809.000000,2497.000000,1923.000000,971.000000,0.000000,1697.000000,0.000000,0.000000,0.000000,0.000000,0.000000,0.000000,0.000000,0.000000,0.000000,1.990000,9.180000,2.680000,-0.710000,0.160000,-0.360000,39.690000,-21.190000,-15.560000
6.002000,153606.000000,0.000000,2465.000000,1819.000000,661.000000,0.000000,1327.000000,0.000000,0.000000,0.000000,0.000000,0.000000,0.000000,0.000000,0.000000,0.000000,1.990000,9.180000,2.680000,-0.710000,0.160000,-0.360000,39.690000,-21.190000,-15.560000
6.004000,153607.000000,0.000000,2429.000000,1761.000000,554.000000,0.000000,1266.000000,0.000000,0.000000,0.000000,0.000000,0.000000,0.000000,0.000000,0.000000,0.000000,1.990000,9.180000,2.680000,-0.710000,0.160000,-0.360000,39.690000,-21.190000,-15.560000
6.006000,153608.000000,0.000000,2372.000000,1643.000000,546.000000,0.000000,1520.000000,0.000000,0.000000,0.000000,0.000000,0.000000,0.000000,0.000000,0.000000,0.000000,1.990000,9.180000,2.680000,-0.710000,0.160000,-0.360000,39.690000,-21.190000,-15.560000
6.008000,153609.000000,0.000000,2339.000000,1520.000000,619.000000,0.000000,1615.000000,0.000000,0.000000,0.000000,0.000000,0.000000,0.000000,0.000000,0.000000,0.000000,1.990000,9.180000,2.680000,-0.710000,0.160000,-0.360000,39.690000,-21.190000,-15.560000
6.010000,153610.000000,269.000000,2301.000000,1470.000000,682.000000,0.000000,1635.000000,0.000000,0.000000,0.000000,0.000000,0.000000,0.000000,0.000000,0.000000,0.000000,2.350000,9.490000,2.440000,-0.710000,0.150000,-0.360000,39.690000,-21.190000,-15.560000
6.012000,153611.000000,5.000000,2302.000000,1379.000000,720.000000,0.000000,1724.000000,0.000000,0.000000,0.000000,0.000000,0.000000,0.000000,0.000000,0.000000,0.000000,2.350000,9.490000,2.440000,-0.710000,0.150000,-0.360000,39.690000,-21.190000,-15.560000
6.014000,153612.000000,25.000000,2306.000000,1286.000000,863.000000,0.000000,2145.000000,0.000000,0.000000,0.000000,0.000000,0.000000,0.000000,0.000000,0.000000,0.000000,2.350000,9.490000,2.440000,-0.710000,0.150000,-0.360000,39.690000,-21.190000,-15.560000
6.016000,153613.000000,48.000000,2352.000000,1200.000000,1077.000000,0.000000,2304.000000,0.000000,0.000000,0.000000,0.000000,0.000000,0.000000,0.000000,0.000000,0.000000,2.350000,9.490000,2.440000,-0.710000,0.150000,-0.360000,39.690000,-21.190000,-15.560000
6.018000,153614.000000,22.000000,2368.000000,1170.000000,1088.000000,31.000000,2021.000000,0.000000,0.000000,0.000000,0.000000,0.000000,0.000000,0.000000,0.000000,0.000000,2.350000,9.490000,2.440000,-0.710000,0.150000,-0.360000,39.690000,-21.190000,-15.560000
6.020000,153615.000000,623.000000,2426.000000,1127.000000,960.000000,70.000000,1657.000000,0.000000,0.000000,0.000000,0.000000,0.000000,0.000000,0.000000,0.000000,0.000000,2.600000,10.460000,1.870000,-0.740000,0.110000,-0.290000,39.690000,-21.190000,-15.560000
6.022000,153616.000000,0.000000,2447.000000,1035.000000,711.000000,111.000000,1294.000000,0.000000,0.000000,0.000000,0.000000,0.000000,0.000000,0.000000,0.000000,0.000000,2.600000,10.460000,1.870000,-0.740000,0.110000,-0.290000,39.690000,-21.190000,-15.560000
6.024000,153617.000000,0.000000,2426.000000,957.000000,588.000000,130.000000,1234.000000,0.000000,0.000000,0.000000,0.000000,0.000000,0.000000,0.000000,0.000000,0.000000,2.600000,10.460000,1.870000,-0.740000,0.110000,-0.290000,39.690000,-21.190000,-15.560000
6.026000,153618.000000,0.000000,2420.000000,890.000000,594.000000,151.000000,1475.000000,0.000000,0.000000,0.000000,0.000000,0.000000,0.000000,0.000000,0.000000,0.000000,2.600000,10.460000,1.870000,-0.740000,0.110000,-0.290000,39.690000,-21.190000,-15.560000
6.028000,153619.000000,0.000000,2410.000000,823.000000,678.000000,181.000000,1590.000000,0.000000,0.000000,0.000000,0.000000,0.000000,0.000000,0.000000,0.000000,0.000000,2.600000,10.460000,1.870000,-0.740000,0.110000,-0.290000,39.690000,-21.190000,-15.560000
6.030000,153620.000000,1.000000,2432.000000,762.000000,730.000000,217.000000,1648.000000,0.000000,0.000000,0.000000,0.000000,0.000000,0.000000,0.000000,0.000000,0.000000,2.650000,10.990000,1.340000,-0.760000,0.030000,-0.190000,39.690000,-21.190000,-15.560000
6.032000,153621.000000,99.000000,2437.000000,711.000000,788.000000,272.000000,1737.000000,0.000000,0.000000,0.000000,0.000000,0.000000,0.000000,0.000000,0.000000,0.000000,2.650000,10.990000,1.340000,-0.760000,0.030000,-0.190000,39.690000,-21.190000,-15.560000
6.034000,153622.000000,29.000000,2430.000000,683.000000,912.000000,272.000000,2107.000000,0.000000,0.000000,0.000000,0.000000,0.000000,0.000000,0.000000,0.000000,0.000000,2.650000,10.990000,1.340000,-0.760000,0.030000,-0.190000,39.690000,-21.190000,-15.560000
6.036000,153623.000000,53.000000,2453.000000,691.000000,1129.000000,366.000000,2290.000000,0.000000,0.000000,0.000000,0.000000,0.000000,0.000000,0.000000,0.000000,0.000000,2.650000,10.990000,1.340000,-0.760000,0.030000,-0.190000,39.690000,-21.190000,-15.560000
6.038000,153624.000000,35.000000,2499.000000,683.000000,1150.000000,457.000000,2013.000000,0.000000,0.000000,0.000000,0.000000,0.000000,0.000000,0.000000,0.000000,0.000000,2.650000,10.990000,1.340000,-0.760000,0.030000,-0.190000,39.690000,-21.190000,-15.560000
6.040000,153625.000000,39.000000,2512.000000,713.000000,1040.000000,484.000000,1616.000000,0.000000,0.000000,0.000000,0.000000,0.000000,0.000000,0.000000,0.000000,0.000000,2.440000,11.450000,0.480000,-0.700000,0.000000,-0.040000,41.380000,-20.190000,-17.690000
6.042000,153626.000000,0.000000,2516.000000,755.000000,816.000000,576.000000,1309.000000,0.000000,0.000000,0.000000,0.000000,0.000000,0.000000,0.000000,0.000000,0.000000,2.440000,11.450000,0.480000,-0.700000,0.000000,-0.040000,41.380000,-20.190000,-17.690000
6.044000,153627.000000,0.000000,2469.000000,752.000000,653.000000,622.000000,1234.000000,0.000000,0.000000,0.000000,0.000000,0.000000,0.000000,0.000000,0.000000,0.000000,2.440000,11.450000,0.480000,-0.700000,0.000000,-0.040000,41.380000,-20.190000,-17.690000
6.046000,153628.000000,0.000000,2398.000000,758.000000,674.000000,638.000000,1510.000000,0.000000,0.000000,0.000000,0.000000,0.000000,0.000000,0.000000,0.000000,0.000000,2.440000,11.450000,0.480000,-0.700000,0.000000,-0.040000,41.380000,-20.190000,-17.690000
6.048000,153629.000000,0.000000,2352.000000,767.000000,739.000000,688.000000,1626.000000,0.000000,0.000000,0.000000,0.000000,0.000000,0.000000,0.000000,0.000000,0.000000,2.440000,11.450000,0.480000,-0.700000,0.000000,-0.040000,41.380000,-20.190000,-17.690000
6.050000,153630.000000,725.000000,2289.000000,830.000000,803.000000,689.000000,1680.000000,0.000000,0.000000,0.000000,0.000000,0.000000,0.000000,0.000000,0.000000,0.000000,1.670000,11.440000,-1.320000,-0.530000,0.040000,0.090000,41.380000,-20.190000,-17.690000
6.052000,153631.000000,25.000000,2241.000000,927.000000,853.000000,730.000000,1727.000000,0.000000,0.000000,0.000000,0.000000,0.000000,0.000000,0.000000,0.000000,0.000000,1.670000,11.440000,-1.320000,-0.530000,0.040000,0.090000,41.380000,-20.190000,-17.690000
6.054000,153632.000000,24.000000,2191.000000,997.000000,961.000000,738.000000,2154.000000,0.000000,0.000000,0.000000,0.000000,0.000000,0.000000,0.000000,0.000000,0.000000,1.670000,11.440000,-1.320000,-0.530000,0.040000,0.090000,41.380000,-20.190000,-17.690000
6.056000,153633.000000,38.000000,2138.000000,1107.000000,1177.000000,783.000000,2314.000000,0.000000,0.000000,0.000000,0.000000,0.000000,0.000000,0.000000,0.000000,0.000000,1.670000,11.440000,-1.320000,-0.530000,0.040000,0.090000,41.380000,-20.190000,-17.690000
6.058000,153634.000000,27.000000,2079.000000,1249.000000,1200.000000,821.000000,2068.000000,0.000000,0.000000,0.000000,0.000000,0.000000,0.000000,0.000000,0.000000,0.000000,1.670000,11.440000,-1.320000,-0.530000,0.040000,0.090000,41.380000,-20.190000,-17.690000
6.060000,153635.000000,642.000000,2000.000000,1334.000000,1094.000000,848.000000,1710.000000,0.000000,0.000000,0.000000,0.000000,0.000000,0.000000,0.000000,0.000000,0.000000,1.210000,11.090000,-1.950000,-0.310000,0.170000,0.190000,41.380000,-20.190000,-17.690000
6.062000,153636.000000,0.000000,1911.000000,1489.000000,848.000000,851.000000,1284.000000,0.000000,0.000000,0.000000,0.000000,0.000000,0.000000,0.000000,0.000000,0.000000,1.210000,11.090000,-1.950000,-0.310000,0.170000,0.190000,41.380000,-20.190000,-17.690000
6.064000,153637.000000,0.000000,1786.000000,1561.000000,702.000000,894.000000,1111.000000,0.000000,0.000000,0.000000,0.000000,0.000000,0.000000,0.000000,0.000000,0.000000,1.210000,11.090000,-1.950000,-0.310000,0.170000,0.190000,41.380000,-20.190000,-17.690000
6.066000,153638.000000,0.000000,1634.000000,1662.000000,692.000000,886.000000,1345.000000,0.000000,0.000000,0.000000,0.000000,0.000000,0.000000,0.000000,0.000000,0.000000,1.210000,11.090000,-1.950000,-0.310000,0.170000,0.190000,41.380000,-20.190000,-17.690000
6.068000,153639.000000,0.000000,1514.000000,1755.000000,724.000000,894.000000,1505.000000,0.000000,0.000000,0.000000,0.000000,0.000000,0.000000,0.000000,0.000000,0.000000,1.210000,11.090000,-1.950000,-0.310000,0.170000,0.190000,41.380000,-20.190000,-17.690000
6.070000,153640.000000,361.000000,1401.000000,1819.000000,768.000000,913.000000,1621.000000,0.000000,0.000000,0.000000,0.000000,0.000000,0.000000,0.000000,0.000000,0.000000,0.970000,10.710000,-2.230000,-0.110000,0.320000,0.230000,41.380000,-20.190000,-17.690000
6.072000,153641.000000,0.000000,1298.000000,1904.000000,816.000000,943.000000,1743.000000,0.000000,0.000000,0.000000,0.000000,0.000000,0.000000,0.000000,0.000000,0.000000,0.970000,10.710000,-2.230000,-0.110000,0.320000,0.230000,41.380000,-20.190000,-17.690000
6.074000,153642.000000,12.000000,1171.000000,1966.000000,918.000000,967.000000,2096.000000,0.000000,0.000000,0.000000,0.000000,0.000000,0.000000,0.000000,0.000000,0.000000,0.970000,10.710000,-2.230000,-0.110000,0.320000,0.230000,41.380000,-20.190000,-17.690000
6.076000,153643.000000,32.000000,1118.000000,2031.000000,1124.000000,965.000000,2271.000000,0.000000,0.000000,0.000000,0.000000,0.000000,0.000000,0.000000,0.000000,0.000000,0.970000,10.710000,-2.230000,-0.110000,0.320000,0.230000,41.380000,-20.190000,-17.690000
6.078000,153644.000000,16.000000,1076.000000,2167.000000,1162.000000,1023.000000,2018.000000,0.000000,0.000000,0.000000,0.000000,0.000000,0.000000,0.000000,0.000000,0.000000,0.970000,10.710000,-2.230000,-0.110000,0.320000,0.230000,41.380000,-20.190000,-17.690000
6.080000,153645.000000,0.000000,1040.000000,2173.000000,1088.000000,924.000000,1680.000000,0.000000,0.000000,0.000000,0.000000,0.000000,0.000000,0.000000,0.000000,0.000000,0.880000,10.220000,-1.900000,-0.010000,0.440000,0.220000,41.380000,-20.190000,-17.690000
6.082000,153646.000000,0.000000,943.000000,2266.000000,830.000000,1109.000000,1397.000000,0.000000,0.000000,0.000000,0.000000,0.000000,0.000000,0.000000,0.000000,0.000000,0.880000,10.220000,-1.900000,-0.010000,0.440000,0.220000,41.380000,-20.190000,-17.690000
6.084000,153647.000000,0.000000,868.000000,2267.000000,675.000000,1130.000000,1275.000000,0.000000,0.000000,0.000000,0.000000,0.000000,0.000000,0.000000,0.000000,0.000000,0.880000,10.220000,-1.900000,-0.010000,0.440000,0.220000,41.380000,-20.190000,-17.690000
6.086000,153648.000000,0.000000,798.000000,2304.000000,624.000000,1137.000000,1520.000000,0.000000,0.000000,0.000000,0.000000,0.000000,0.000000,0.000000,0.000000,0.000000,0.880000,10.220000,-1.900000,-0.010000,0.440000,0.220000,41.380000,-20.190000,-17.690000
6.088000,153649.000000,0.000000,753.000000,2349.000000,675.000000,1162.000000,1635.000000,0.000000,0.000000,0.000000,0.000000,0.000000,0.000000,0.000000,0.000000,0.000000,0.880000,10.220000,-1.900000,-0.010000,0.440000,0.220000,41.380000,-20.190000,-17.690000
6.090000,153650.000000,0.000000,688.000000,2369.000000,713.000000,1147.000000,1707.000000,0.000000,0.000000,0.000000,0.000000,0.000000,0.000000,0.000000,0.000000,0.000000,0.920000,9.530000,-0.390000,-0.020000,0.570000,0.200000,40.060000,-19.380000,-17.690000
6.092000,153651.000000,0.000000,638.000000,2382.000000,784.000000,1145.000000,1744.000000,0.000000,0.000000,0.000000,0.000000,0.000000,0.000000,0.000000,0.000000,0.000000,0.920000,9.530000,-0.390000,-0.020000,0.570000,0.200000,40.060000,-19.380000,-17.690000
6.094000,153652.000000,14.000000,627.000000,2363.000000,880.000000,1184.000000,2105.000000,0.000000,0.000000,0.000000,0.000000,0.000000,0.000000,0.000000,0.000000,0.000000,0.920000,9.530000,-0.390000,-0.020000,0.570000,0.200000,40.060000,-19.380000,-17.690000
6.096000,153653.000000,31.000000,640.000000,2385.000000,1121.000000,1227.000000,2274.000000,0.000000,0.000000,0.000000,0.000000,0.000000,0.000000,0.000000,0.000000,0.000000,0.920000,9.530000,-0.390000,-0.020000,0.570000,0.200000,40.060000,-19.380000,-17.690000
6.098000,153654.000000,16.000000,646.000000,2423.000000,1136.000000,1270.000000,2056.000000,0.000000,0.000000,0.000000,0.000000,0.000000,0.000000,0.000000,0.000000,0.000000,0.920000,9.530000,-0.390000,-0.020000,0.570000,0.200000,40.060000,-19.380000,-17.690000
6.100000,153655.000000,208.000000,677.000000,2443.000000,1034.000000,1297.000000,1712.000000,0.000000,0.000000,0.000000,0.000000,0.000000,0.000000,0.000000,0.000000,0.000000,0.990000,9.570000,0.500000,-0.060000,0.690000,0.170000,40.060000,-19.380000,-17.690000
6.102000,153656.000000,0.000000,681.000000,2403.000000,763.000000,1323.000000,1289.000000,0.000000,0.000000,0.000000,0.000000,0.000000,0.000000,0.000000,0.000000,0.000000,0.990000,9.570000,0.500000,-0.060000,0.690000,0.170000,40.060000,-19.380000,-17.690000
6.104000,153657.000000,0.000000,704.000000,2387.000000,619.000000,1303.000000,1261.000000,0.000000,0.000000,0.000000,0.000000,0.000000,0.000000,0.000000,0.000000,0.000000,0.990000,9.570000,0.500000,-0.060000,0.690000,0.170000,40.060000,-19.380000,-17.690000
6.106000,153658.000000,0.000000,703.000000,2351.000000,618.000000,1329.000000,1531.000000,0.000000,0.000000,0.000000,0.000000,0.000000,0.000000,0.000000,0.000000,0.000000,0.990000,9.570000,0.500000,-0.060000,0.690000,0.170000,40.060000,-19.380000,-17.690000
6.108000,153659.000000,0.000000,718.000000,2285.000000,656.000000,1346.000000,1645.000000,0.000000,0.000000,0.000000,0.000000,0.000000,0.000000,0.000000,0.000000,0.000000,0.990000,9.570000,0.500000,-0.060000,0.690000,0.170000,40.060000,-19.380000,-17.690000
6.110000,153660.000000,201.000000,772.000000,2270.000000,707.000000,1356.000000,1702.000000,0.000000,0.000000,0.000000,0.000000,0.000000,0.000000,0.000000,0.000000,0.000000,0.990000,9.500000,1.360000,-0.080000,0.750000,0.130000,40.060000,-19.380000,-17.690000
6.112000,153661.000000,0.000000,836.000000,2254.000000,777.000000,1367.000000,1750.000000,0.000000,0.000000,0.000000,0.000000,0.000000,0.000000,0.000000,0.000000,0.000000,0.990000,9.500000,1.360000,-0.080000,0.750000,0.130000,40.060000,-19.380000,-17.690000
6.114000,153662.000000,15.000000,902.000000,2223.000000,901.000000,1419.000000,2157.000000,0.000000,0.000000,0.000000,0.000000,0.000000,0.000000,0.000000,0.000000,0.000000,0.990000,9.500000,1.360000,-0.080000,0.750000,0.130000,40.060000,-19.380000,-17.690000
6.116000,153663.000000,42.000000,993.000000,2215.000000,1121.000000,1441.000000,2382.000000,0.000000,0.000000,0.000000,0.000000,0.000000,0.000000,0.000000,0.000000,0.000000,0.990000,9.500000,1.360000,-0.080000,0.750000,0.130000,40.060000,-19.380000,-17.690000
6.118000,153664.000000,22.000000,1101.000000,2193.000000,1152.000000,1490.000000,2097.000000,0.000000,0.000000,0.000000,0.000000,0.000000,0.000000,0.000000,0.000000,0.000000,0.990000,9.500000,1.360000,-0.080000,0.750000,0.130000,40.060000,-19.380000,-17.690000
6.120000,153665.000000,0.000000,1200.000000,2214.000000,1002.000000,1522.000000,1687.000000,0.000000,0.000000,0.000000,0.000000,0.000000,0.000000,0.000000,0.000000,0.000000,1.110000,9.450000,2.420000,-0.080000,0.700000,0.080000,40.060000,-19.380000,-17.690000
6.122000,153666.000000,0.000000,1316.000000,2162.000000,774.000000,1529.000000,1356.000000,0.000000,0.000000,0.000000,0.000000,0.000000,0.000000,0.000000,0.000000,0.000000,1.110000,9.450000,2.420000,-0.080000,0.700000,0.080000,40.060000,-19.380000,-17.690000
6.124000,153667.000000,0.000000,1393.000000,2140.000000,623.000000,1535.000000,1286.000000,0.000000,0.000000,0.000000,0.000000,0.000000,0.000000,0.000000,0.000000,0.000000,1.110000,9.450000,2.420000,-0.080000,0.700000,0.080000,40.060000,-19.380000,-17.690000
6.126000,153668.000000,0.000000,1431.000000,2060.000000,631.000000,1552.000000,1563.000000,0.000000,0.000000,0.000000,0.000000,0.000000,0.000000,0.000000,0.000000,0.000000,1.110000,9.450000,2.420000,-0.080000,0.700000,0.080000,40.060000,-19.380000,-17.690000
6.128000,153669.000000,0.000000,1527.000000,2057.000000,683.000000,1505.000000,1679.000000,0.000000,0.000000,0.000000,0.000000,0.000000,0.000000,0.000000,0.000000,0.000000,1.110000,9.450000,2.420000,-0.080000,0.700000,0.080000,40.060000,-19.380000,-17.690000
6.130000,153670.000000,31.000000,1597.000000,2107.000000,731.000000,1569.000000,1745.000000,0.000000,0.000000,0.000000,0.000000,0.000000,0.000000,0.000000,0.000000,0.000000,1.130000,9.740000,3.460000,-0.100000,0.570000,0.050000,40.060000,-19.380000,-17.690000
6.132000,153671.000000,4.000000,1690.000000,1983.000000,779.000000,1574.000000,1821.000000,0.000000,0.000000,0.000000,0.000000,0.000000,0.000000,0.000000,0.000000,0.000000,1.130000,9.740000,3.460000,-0.100000,0.570000,0.050000,40.060000,-19.380000,-17.690000
6.134000,153672.000000,18.000000,1735.000000,1961.000000,916.000000,1584.000000,2160.000000,0.000000,0.000000,0.000000,0.000000,0.000000,0.000000,0.000000,0.000000,0.000000,1.130000,9.740000,3.460000,-0.100000,0.570000,0.050000,40.060000,-19.380000,-17.690000
6.136000,153673.000000,46.000000,1834.000000,1956.000000,1128.000000,1622.000000,2354.000000,0.000000,0.000000,0.000000,0.000000,0.000000,0.000000,0.000000,0.000000,0.000000,1.130000,9.740000,3.460000,-0.100000,0.570000,0.050000,40.060000,-19.380000,-17.690000
6.138000,153674.000000,26.000000,1936.000000,1930.000000,1169.000000,1663.000000,2129.000000,0.000000,0.000000,0.000000,0.000000,0.000000,0.000000,0.000000,0.000000,0.000000,1.130000,9.740000,3.460000,-0.100000,0.570000,0.050000,40.060000,-19.380000,-17.690000
6.140000,153675.000000,65.000000,2035.000000,1938.000000,1035.000000,1716.000000,1771.000000,0.000000,0.000000,0.000000,0.000000,0.000000,0.000000,0.000000,0.000000,0.000000,1.030000,9.940000,3.450000,-0.130000,0.430000,0.040000,40.750000,-19.060000,-16.380000
6.142000,153676.000000,0.000000,2105.000000,1936.000000,790.000000,1723.000000,1455.000000,0.000000,0.000000,0.000000,0.000000,0.000000,0.000000,0.000000,0.000000,0.000000,1.030000,9.940000,3.450000,-0.130000,0.430000,0.040000,40.750000,-19.060000,-16.380000
6.144000,153677.000000,0.000000,2112.000000,1898.000000,673.000000,1744.000000,1350.000000,0.000000,0.000000,0.000000,0.000000,0.000000,0.000000,0.000000,0.000000,0.000000,1.030000,9.940000,3.450000,-0.130000,0.430000,0.040000,40.750000,-19.060000,-16.380000
6.146000,153678.000000,0.000000,2127.000000,1872.000000,656.000000,1753.000000,1574.000000,0.000000,0.000000,0.000000,0.000000,0.000000,0.000000,0.000000,0.000000,0.000000,1.030000,9.940000,3.450000,-0.130000,0.430000,0.040000,40.750000,-19.060000,-16.380000
6.148000,153679.000000,0.000000,2147.000000,1840.000000,723.000000,1751.000000,1663.000000,0.000000,0.000000,0.000000,0.000000,0.000000,0.000000,0.000000,0.000000,0.000000,1.030000,9.940000,3.450000,-0.130000,0.430000,0.040000,40.750000,-19.060000,-16.380000
6.150000,153680.000000,677.000000,2162.000000,1825.000000,755.000000,1745.000000,1717.000000,0.000000,0.000000,0.000000,0.000000,0.000000,0.000000,0.000000,0.000000,0.000000,1.010000,9.890000,3.210000,-0.140000,0.280000,0.050000,40.750000,-19.060000,-16.380000
6.152000,153681.000000,23.000000,2162.000000,1815.000000,813.000000,1751.000000,1802.000000,0.000000,0.000000,0.000000,0.000000,0.000000,0.000000,0.000000,0.000000,0.000000,1.010000,9.890000,3.210000,-0.140000,0.280000,0.050000,40.750000,-19.060000,-16.380000
6.154000,153682.000000,21.000000,2177.000000,1811.000000,937.000000,1790.000000,2096.000000,0.000000,0.000000,0.000000,0.000000,0.000000,0.000000,0.000000,0.000000,0.000000,1.010000,9.890000,3.210000,-0.140000,0.280000,0.050000,40.750000,-19.060000,-16.380000
6.156000,153683.000000,48.000000,2192.000000,1806.000000,1146.000000,1819.000000,2327.000000,0.000000,0.000000,0.000000,0.000000,0.000000,0.000000,0.000000,0.000000,0.000000,1.010000,9.890000,3.210000,-0.140000,0.280000,0.050000,40.750000,-19.060000,-16.380000
6.158000,153684.000000,35.000000,2196.000000,1842.000000,1184.000000,1857.000000,2205.000000,0.000000,0.000000,0.000000,0.000000,0.000000,0.000000,0.000000,0.000000,0.000000,1.010000,9.890000,3.210000,-0.140000,0.280000,0.050000,40.750000,-19.060000,-16.380000
6.160000,153685.000000,734.000000,2229.000000,1841.000000,1052.000000,1871.000000,1862.000000,0.000000,0.000000,0.000000,0.000000,0.000000,0.000000,0.000000,0.000000,0.000000,1.070000,9.690000,2.660000,-0.140000,0.150000,0.060000,40.750000,-19.060000,-16.380000
6.162000,153686.000000,0.000000,2203.000000,1877.000000,801.000000,1886.000000,1430.000000,0.000000,0.000000,0.000000,0.000000,0.000000,0.000000,0.000000,0.000000,0.000000,1.070000,9.690000,2.660000,-0.140000,0.150000,0.060000,40.750000,-19.060000,-16.380000
6.164000,153687.000000,0.000000,2160.000000,1870.000000,647.000000,1920.000000,1321.000000,0.000000,0.000000,0.000000,0.000000,0.000000,0.000000,0.000000,0.000000,0.000000,1.070000,9.690000,2.660000,-0.140000,0.150000,0.060000,40.750000,-19.060000,-16.380000
6.166000,153688.000000,0.000000,2096.000000,1850.000000,626.000000,1910.000000,1617.000000,0.000000,0.000000,0.000000,0.000000,0.000000,0.000000,0.000000,0.000000,0.000000,1.070000,9.690000,2.660000,-0.140000,0.150000,0.060000,40.750000,-19.060000,-16.380000
6.168000,153689.000000,0.000000,2020.000000,1861.000000,694.000000,1936.000000,1712.000000,0.000000,0.000000,0.000000,0.000000,0.000000,0.000000,0.000000,0.000000,0.000000,1.070000,9.690000,2.660000,-0.140000,0.150000,0.060000,40.750000,-19.060000,-16.380000
6.170000,153690.000000,0.000000,1984.000000,1878.000000,748.000000,1968.000000,1758.000000,0.000000,0.000000,0.000000,0.000000,0.000000,0.000000,0.000000,0.000000,0.000000,0.960000,9.400000,1.880000,-0.130000,0.080000,0.070000,40.750000,-19.060000,-16.380000
6.172000,153691.000000,1.000000,1922.000000,1867.000000,801.000000,1997.000000,1853.000000,0.000000,0.000000,0.000000,0.000000,0.000000,0.000000,0.000000,0.000000,0.000000,0.960000,9.400000,1.880000,-0.130000,0.080000,0.070000,40.750000,-19.060000,-16.380000
6.174000,153692.000000,29.000000,1870.000000,1870.000000,907.000000,2073.000000,2241.000000,0.000000,0.000000,0.000000,0.000000,0.000000,0.000000,0.000000,0.000000,0.000000,0.960000,9.400000,1.880000,-0.130000,0.080000,0.070000,40.750000,-19.060000,-16.380000
6.176000,153693.000000,52.000000,1840.000000,1895.000000,1158.000000,2099.000000,2435.000000,0.000000,0.000000,0.000000,0.000000,0.000000,0.000000,0.000000,0.000000,0.000000,0.960000,9.400000,1.880000,-0.130000,0.080000,0.070000,40.750000,-19.060000,-16.380000
6.178000,153694.000000,32.000000,1808.000000,1936.000000,1159.000000,2154.000000,2179.000000,0.000000,0.000000,0.000000,0.000000,0.000000,0.000000,0.000000,0.000000,0.000000,0.960000,9.400000,1.880000,-0.130000,0.080000,0.070000,40.750000,-19.060000,-16.380000
6.180000,153695.000000,22.000000,1796.000000,1971.000000,1030.000000,2205.000000,1771.000000,0.000000,0.000000,0.000000,0.000000,0.000000,0.000000,0.000000,0.000000,0.000000,0.820000,9.300000,1.600000,-0.140000,0.050000,0.080000,40.750000,-19.060000,-16.380000
6.182000,153696.000000,0.000000,1767.000000,1962.000000,787.000000,2214.000000,1411.000000,0.000000,0.000000,0.000000,0.000000,0.000000,0.000000,0.000000,0.000000,0.000000,0.820000,9.300000,1.600000,-0.140000,0.050000,0.080000,40.750000,-19.060000,-16.380000
6.184000,153697.000000,0.000000,1677.000000,1989.000000,642.000000,2224.000000,1309.000000,0.000000,0.000000,0.000000,0.000000,0.000000,0.000000,0.000000,0.000000,0.000000,0.820000,9.300000,1.600000,-0.140000,0.050000,0.080000,40.750000,-19.060000,-16.380000
6.186000,153698.000000,0.000000,1629.000000,1947.000000,628.000000,2209.000000,1577.000000,0.000000,0.000000,0.000000,0.000000,0.000000,0.000000,0.000000,0.000000,0.000000,0.820000,9.300000,1.600000,-0.140000,0.050000,0.080000,40.750000,-19.060000,-16.380000
6.188000,153699.000000,0.000000,1575.000000,1951.000000,683.000000,2201.000000,1717.000000,0.000000,0.000000,0.000000,0.000000,0.000000,0.000000,0.000000,0.000000,0.000000,0.820000,9.300000,1.600000,-0.140000,0.050000,0.080000,40.750000,-19.060000,-16.380000
6.190000,153700.000000,10.000000,1519.000000,1926.000000,742.000000,2211.000000,1703.000000,0.000000,0.000000,0.000000,0.000000,0.000000,0.000000,0.000000,0.000000,0.000000,0.730000,9.200000,1.590000,-0.150000,0.040000,0.070000,41.190000,-19.750000,-16.000000
6.192000,153701.000000,0.000000,1446.000000,1954.000000,784.000000,2214.000000,1808.000000,0.000000,0.000000,0.000000,0.000000,0.000000,0.000000,0.000000,0.000000,0.000000,0.730000,9.200000,1.590000,-0.150000,0.040000,0.070000,41.190000,-19.750000,-16.000000
6.194000,153702.000000,30.000000,1446.000000,1904.000000,893.000000,2224.000000,2207.000000,0.000000,0.000000,0.000000,0.000000,0.000000,0.000000,0.000000,0.000000,0.000000,0.730000,9.200000,1.590000,-0.150000,0.040000,0.070000,41.190000,-19.750000,-16.000000
6.196000,153703.000000,57.000000,1438.000000,1918.000000,1142.000000,2238.000000,2445.000000,0.000000,0.000000,0.000000,0.000000,0.000000,0.000000,0.000000,0.000000,0.000000,0.730000,9.200000,1.590000,-0.150000,0.040000,0.070000,41.190000,-19.750000,-16.000000
6.198000,153704.000000,30.000000,1463.000000,1933.000000,1168.000000,2243.000000,2141.000000,0.000000,0.000000,0.000000,0.000000,0.000000,0.000000,0.000000,0.000000,0.000000,0.730000,9.200000,1.590000,-0.150000,0.040000,0.070000,41.190000,-19.750000,-16.000000
6.200000,153705.000000,450.000000,1443.000000,1950.000000,1068.000000,2288.000000,1813.000000,0.000000,0.000000,0.000000,0.000000,0.000000,0.000000,0.000000,0.000000,0.000000,0.710000,9.120000,1.930000,-0.170000,0.050000,0.040000,41.190000,-19.750000,-16.000000
6.202000,153706.000000,0.000000,1456.000000,1934.000000,779.000000,2266.000000,1375.000000,0.000000,0.000000,0.000000,0.000000,0.000000,0.000000,0.000000,0.000000,0.000000,0.710000,9.120000,1.930000,-0.170000,0.050000,0.040000,41.190000,-19.750000,-16.000000
6.204000,153707.000000,0.000000,1419.000000,1903.000000,603.000000,2240.000000,1287.000000,0.000000,0.000000,0.000000,0.000000,0.000000,0.000000,0.000000,0.000000,0.000000,0.710000,9.120000,1.930000,-0.170000,0.050000,0.040000,41.190000,-19.750000,-16.000000
6.206000,153708.000000,0.000000,1363.000000,1881.000000,622.000000,2199.000000,1616.000000,0.000000,0.000000,0.000000,0.000000,0.000000,0.000000,0.000000,0.000000,0.000000,0.710000,9.120000,1.930000,-0.170000,0.050000,0.040000,41.190000,-19.750000,-16.000000
6.208000,153709.000000,0.000000,1354.000000,1822.000000,705.000000,2195.000000,1711.000000,0.000000,0.000000,0.000000,0.000000,0.000000,0.000000,0.000000,0.000000,0.000000,0.710000,9.120000,1.930000,-0.170000,0.050000,0.040000,41.190000,-19.750000,-16.000000
6.210000,153710.000000,0.000000,1328.000000,1781.000000,727.000000,2194.000000,1758.000000,0.000000,0.000000,0.000000,0.000000,0.000000,0.000000,0.000000,0.000000,0.000000,0.870000,9.120000,2.240000,-0.180000,0.090000,0.010000,41.190000,-19.750000,-16.000000
6.212000,153711.000000,0.000000,1306.000000,1772.000000,803.000000,2167.000000,1827.000000,0.000000,0.000000,0.000000,0.000000,0.000000,0.000000,0.000000,0.000000,0.000000,0.870000,9.120000,2.240000,-0.180000,0.090000,0.010000,41.190000,-19.750000,-16.000000
6.214000,153712.000000,13.000000,1326.000000,1744.000000,896.000000,2159.000000,2240.000000,0.000000,0.000000,0.000000,0.000000,0.000000,0.000000,0.000000,0.000000,0.000000,0.870000,9.120000,2.240000,-0.180000,0.090000,0.010000,41.190000,-19.750000,-16.000000
6.216000,153713.000000,43.000000,1317.000000,1717.000000,1141.000000,2173.000000,2436.000000,0.000000,0.000000,0.000000,0.000000,0.000000,0.000000,0.000000,0.000000,0.000000,0.870000,9.120000,2.240000,-0.180000,0.090000,0.010000,41.190000,-19.750000,-16.000000
6.218000,153714.000000,22.000000,1375.000000,1727.000000,1168.000000,2209.000000,2157.000000,0.000000,0.000000,0.000000,0.000000,0.000000,0.000000,0.000000,0.000000,0.000000,0.870000,9.120000,2.240000,-0.180000,0.090000,0.010000,41.190000,-19.750000,-16.000000
6.220000,153715.000000,434.000000,1407.000000,1710.000000,1066.000000,2230.000000,1791.000000,0.000000,0.000000,0.000000,0.000000,0.000000,0.000000,0.000000,0.000000,0.000000,0.990000,9.090000,2.570000,-0.200000,0.110000,-0.030000,41.190000,-19.750000,-16.000000
6.222000,153716.000000,0.000000,1374.000000,1677.000000,771.000000,2211.000000,1373.000000,0.000000,0.000000,0.000000,0.000000,0.000000,0.000000,0.000000,0.000000,0.000000,0.990000,9.090000,2.570000,-0.200000,0.110000,-0.030000,41.190000,-19.750000,-16.000000
6.224000,153717.000000,0.000000,1424.000000,1660.000000,609.000000,2208.000000,1275.000000,0.000000,0.000000,0.000000,0.000000,0.000000,0.000000,0.000000,0.000000,0.000000,0.990000,9.090000,2.570000,-0.200000,0.110000,-0.030000,41.190000,-19.750000,-16.000000
6.226000,153718.000000,0.000000,1382.000000,1591.000000,609.000000,2197.000000,1558.000000,0.000000,0.000000,0.000000,0.000000,0.000000,0.000000,0.000000,0.000000,0.000000,0.990000,9.090000,2.570000,-0.200000,0.110000,-0.030000,41.190000,-19.750000,-16.000000
6.228000,153719.000000,0.000000,1389.000000,1568.000000,667.000000,2195.000000,1690.000000,0.000000,0.000000,0.000000,0.000000,0.000000,0.000000,0.000000,0.000000,0.000000,0.990000,9.090000,2.570000,-0.200000,0.110000,-0.030000,41.190000,-19.750000,-16.000000
6.230000,153720.000000,0.000000,1387.000000,1520.000000,707.000000,2195.000000,1750.000000,0.000000,0.000000,0.000000,0.000000,0.000000,0.000000,0.000000,0.000000,0.000000,1.120000,9.070000,2.900000,-0.230000,0.100000,-0.060000,41.190000,-19.750000,-16.000000
6.232000,153721.000000,0.000000,1379.000000,1514.000000,789.000000,2209.000000,1837.000000,0.000000,0.000000,0.000000,0.000000,0.000000,0.000000,0.000000,0.000000,0.000000,1.120000,9.070000,2.900000,-0.230000,0.100000,-0.060000,41.190000,-19.750000,-16.000000
6.234000,153722.000000,17.000000,1388.000000,1457.000000,912.000000,2218.000000,2218.000000,0.000000,0.000000,0.000000,0.000000,0.000000,0.000000,0.000000,0.000000,0.000000,1.120000,9.070000,2.900000,-0.230000,0.100000,-0.060000,41.190000,-19.750000,-16.000000
6.236000,153723.000000,53.000000,1424.000000,1472.000000,1121.000000,2234.000000,2445.000000,0.000000,0.000000,0.000000,0.000000,0.000000,0.000000,0.000000,0.000000,0.000000,1.120000,9.070000,2.900000,-0.230000,0.100000,-0.060000,41.190000,-19.750000,-16.000000
6.238000,153724.000000,28.000000,1465.000000,1483.000000,1137.000000,2289.000000,2167.000000,0.000000,0.000000,0.000000,0.000000,0.000000,0.000000,0.000000,0.000000,0.000000,1.120000,9.070000,2.900000,-0.230000,0.100000,-0.060000,41.190000,-19.750000,-16.000000
6.240000,153725.000000,35.000000,1517.000000,1474.000000,1018.000000,2330.000000,1733.000000,0.000000,0.000000,0.000000,0.000000,0.000000,0.000000,0.000000,0.000000,0.000000,1.300000,9.210000,3.000000,-0.280000,0.040000,-0.080000,40.500000,-19.880000,-14.750000
6.242000,153726.000000,0.000000,1503.000000,1488.000000,751.000000,2327.000000,1401.000000,0.000000,0.000000,0.000000,0.000000,0.000000,0.000000,0.000000,0.000000,0.000000,1.300000,9.210000,3.000000,-0.280000,0.040000,-0.080000,40.500000,-19.880000,-14.750000
6.244000,153727.000000,0.000000,1501.000000,1456.000000,581.000000,2327.000000,1261.000000,0.000000,0.000000,0.000000,0.000000,0.000000,0.000000,0.000000,0.000000,0.000000,1.300000,9.210000,3.000000,-0.280000,0.040000,-0.080000,40.500000,-19.880000,-14.750000
6.246000,153728.000000,0.000000,1517.000000,1423.000000,598.000000,2336.000000,1527.000000,0.000000,0.000000,0.000000,0.000000,0.000000,0.000000,0.000000,0.000000,0.000000,1.300000,9.210000,3.000000,-0.280000,0.040000,-0.080000,40.500000,-19.880000,-14.750000
6.248000,153729.000000,0.000000,1520.000000,1397.000000,653.000000,2335.000000,1699.000000,0.000000,0.000000,0.000000,0.000000,0.000000,0.000000,0.000000,0.000000,0.000000,1.300000,9.210000,3.000000,-0.280000,0.040000,-0.080000,40.500000,-19.880000,-14.750000
6.250000,153730.000000,459.000000,1520.000000,1387.000000,699.000000,2368.000000,1726.000000,0.000000,0.000000,0.000000,0.000000,0.000000,0.000000,0.000000,0.000000,0.000000,1.440000,9.260000,2.860000,-0.340000,-0.050000,-0.100000,40.500000,-19.880000,-14.750000
6.252000,153731.000000,16.000000,1535.000000,1362.000000,752.000000,2402.000000,1815.000000,0.000000,0.000000,0.000000,0.000000,0.000000,0.000000,0.000000,0.000000,0.000000,1.440000,9.260000,2.860000,-0.340000,-0.050000,-0.100000,40.500000,-19.880000,-14.750000
6.254000,153732.000000,20.000000,1562.000000,1342.000000,848.000000,2432.000000,2222.000000,0.000000,0.000000,0.000000,0.000000,0.000000,0.000000,0.000000,0.000000,0.000000,1.440000,9.260000,2.860000,-0.340000,-0.050000,-0.100000,40.500000,-19.880000,-14.750000
6.256000,153733.000000,55.000000,1630.000000,1363.000000,1097.000000,2498.000000,2467.000000,0.000000,0.000000,0.000000,0.000000,0.000000,0.000000,0.000000,0.000000,0.000000,1.440000,9.260000,2.860000,-0.340000,-0.050000,-0.100000,40.500000,-19.880000,-14.750000
6.258000,153734.000000,36.000000,1675.000000,1360.000000,1114.000000,2535.000000,2183.000000,0.000000,0.000000,0.000000,0.000000,0.000000,0.000000,0.000000,0.000000,0.000000,1.440000,9.260000,2.860000,-0.340000,-0.050000,-0.100000,40.500000,-19.880000,-14.750000
6.260000,153735.000000,22.000000,1709.000000,1393.000000,1020.000000,2611.000000,1776.000000,0.000000,0.000000,0.000000,0.000000,0.000000,0.000000,0.000000,0.000000,0.000000,1.480000,9.270000,2.580000,-0.410000,-0.140000,-0.110000,40.500000,-19.880000,-14.750000
6.262000,153736.000000,0.000000,1741.000000,1392.000000,734.000000,2627.000000,1395.000000,0.000000,0.000000,0.000000,0.000000,0.000000,0.000000,0.000000,0.000000,0.000000,1.480000,9.270000,2.580000,-0.410000,-0.140000,-0.110000,40.500000,-19.880000,-14.750000
6.264000,153737.000000,0.000000,1744.000000,1363.000000,574.000000,2677.000000,1253.000000,0.000000,0.000000,0.000000,0.000000,0.000000,0.000000,0.000000,0.000000,0.000000,1.480000,9.270000,2.580000,-0.410000,-0.140000,-0.110000,40.500000,-19.880000,-14.750000
6.266000,153738.000000,0.000000,1753.000000,1345.000000,573.000000,2689.000000,1571.000000,0.000000,0.000000,0.000000,0.000000,0.000000,0.000000,0.000000,0.000000,0.000000,1.480000,9.270000,2.580000,-0.410000,-0.140000,-0.110000,40.500000,-19.880000,-14.750000
6.268000,153739.000000,0.000000,1723.000000,1337.000000,619.000000,2721.000000,1729.000000,0.000000,0.000000,0.000000,0.000000,0.000000,0.000000,0.000000,0.000000,0.000000,1.480000,9.270000,2.580000,-0.410000,-0.140000,-0.110000,40.500000,-19.880000,-14.750000
6.270000,153740.000000,535.000000,1724.000000,1329.000000,688.000000,2763.000000,1771.000000,0.000000,0.000000,0.000000,0.000000,0.000000,0.000000,0.000000,0.000000,0.000000,1.500000,9.300000,2.400000,-0.460000,-0.220000,-0.130000,40.500000,-19.880000,-14.750000
6.272000,153741.000000,16.000000,1734.000000,1341.000000,751.000000,2784.000000,1843.000000,0.000000,0.000000,0.000000,0.000000,0.000000,0.000000,0.000000,0.000000,0.000000,1.500000,9.300000,2.400000,-0.460000,-0.220000,-0.130000,40.500000,-19.880000,-14.750000
6.274000,153742.000000,23.000000,1719.000000,1334.000000,852.000000,2829.000000,2275.000000,0.000000,0.000000,0.000000,0.000000,0.000000,0.000000,0.000000,0.000000,0.000000,1.500000,9.300000,2.400000,-0.460000,-0.220000,-0.130000,40.500000,-19.880000,-14.750000
6.276000,153743.000000,53.000000,1744.000000,1371.000000,1107.000000,2883.000000,2519.000000,0.000000,0.000000,0.000000,0.000000,0.000000,0.000000,0.000000,0.000000,0.000000,1.500000,9.300000,2.400000,-0.460000,-0.220000,-0.130000,40.500000,-19.880000,-14.750000
6.278000,153744.000000,34.000000,1769.000000,1383.000000,1152.000000,2930.000000,2201.000000,0.000000,0.000000,0.000000,0.000000,0.000000,0.000000,0.000000,0.000000,0.000000,1.500000,9.300000,2.400000,-0.460000,-0.220000,-0.130000,40.500000,-19.880000,-14.750000
6.280000,153745.000000,31.000000,1834.000000,1423.000000,1045.000000,2983.000000,1812.000000,0.000000,0.000000,0.000000,0.000000,0.000000,0.000000,0.000000,0.000000,0.000000,1.120000,9.510000,1.850000,-0.480000,-0.260000,-0.140000,40.500000,-19.880000,-14.750000
6.282000,153746.000000,0.000000,1776.000000,1435.000000,768.000000,3008.000000,1439.000000,0.000000,0.000000,0.000000,0.000000,0.000000,0.000000,0.000000,0.000000,0.000000,1.120000,9.510000,1.850000,-0.480000,-0.260000,-0.140000,40.500000,-19.880000,-14.750000
6.284000,153747.000000,0.000000,1763.000000,1417.000000,613.000000,2992.000000,1297.000000,0.000000,0.000000,0.000000,0.000000,0.000000,0.000000,0.000000,0.000000,0.000000,1.120000,9.510000,1.850000,-0.480000,-0.260000,-0.140000,40.500000,-19.880000,-14.750000
6.286000,153748.000000,0.000000,1714.000000,1421.000000,565.000000,3014.000000,1595.000000,0.000000,0.000000,0.000000,0.000000,0.000000,0.000000,0.000000,0.000000,0.000000,1.120000,9.510000,1.850000,-0.480000,-0.260000,-0.140000,40.500000,-19.880000,-14.750000
6.288000,153749.000000,0.000000,1685.000000,1411.000000,656.000000,3055.000000,1712.000000,0.000000,0.000000,0.000000,0.000000,0.000000,0.000000,0.000000,0.000000,0.000000,1.120000,9.510000,1.850000,-0.480000,-0.260000,-0.140000,40.500000,-19.880000,-14.750000
6.290000,153750.000000,32.000000,1616.000000,1425.000000,727.000000,3056.000000,1803.000000,0.000000,0.000000,0.000000,0.000000,0.000000,0.000000,0.000000,0.000000,0.000000,0.790000,9.690000,1.590000,-0.490000,-0.260000,-0.140000,40.750000,-19.750000,-17.690000
6.292000,153751.000000,0.000000,1629.000000,1424.000000,787.000000,3133.000000,1884.000000,0.000000,0.000000,0.000000,0.000000,0.000000,0.000000,0.000000,0.000000,0.000000,0.790000,9.690000,1.590000,-0.490000,-0.260000,-0.140000,40.750000,-19.750000,-17.690000
6.294000,153752.000000,30.000000,1578.000000,1410.000000,858.000000,3131.000000,2267.000000,0.000000,0.000000,0.000000,0.000000,0.000000,0.000000,0.000000,0.000000,0.000000,0.790000,9.690000,1.590000,-0.490000,-0.260000,-0.140000,40.750000,-19.750000,-17.690000
6.296000,153753.000000,54.000000,1562.000000,1423.000000,1127.000000,3189.000000,2499.000000,0.000000,0.000000,0.000000,0.000000,0.000000,0.000000,0.000000,0.000000,0.000000,0.790000,9.690000,1.590000,-0.490000,-0.260000,-0.140000,40.750000,-19.750000,-17.690000
6.298000,153754.000000,38.000000,1535.000000,1413.000000,1174.000000,3257.000000,2245.000000,0.000000,0.000000,0.000000,0.000000,0.000000,0.000000,0.000000,0.000000,0.000000,0.790000,9.690000,1.590000,-0.490000,-0.260000,-0.140000,40.750000,-19.750000,-17.690000
6.300000,153755.000000,463.000000,1558.000000,1467.000000,1099.000000,3321.000000,1855.000000,0.000000,0.000000,0.000000,0.000000,0.000000,0.000000,0.000000,0.000000,0.000000,0.490000,9.820000,1.440000,-0.460000,-0.220000,-0.160000,40.750000,-19.750000,-17.690000
6.302000,153756.000000,0.000000,1535.000000,1449.000000,779.000000,3335.000000,1402.000000,0.000000,0.000000,0.000000,0.000000,0.000000,0.000000,0.000000,0.000000,0.000000,0.490000,9.820000,1.440000,-0.460000,-0.220000,-0.160000,40.750000,-19.750000,-17.690000
6.304000,153757.000000,0.000000,1488.000000,1404.000000,623.000000,3318.000000,1296.000000,0.000000,0.000000,0.000000,0.000000,0.000000,0.000000,0.000000,0.000000,0.000000,0.490000,9.820000,1.440000,-0.460000,-0.220000,-0.160000,40.750000,-19.750000,-17.690000
6.306000,153758.000000,0.000000,1425.000000,1394.000000,597.000000,3287.000000,1602.000000,0.000000,0.000000,0.000000,0.000000,0.000000,0.000000,0.000000,0.000000,0.000000,0.490000,9.820000,1.440000,-0.460000,-0.220000,-0.160000,40.750000,-19.750000,-17.690000
6.308000,153759.000000,0.000000,1374.000000,1399.000000,687.000000,3247.000000,1861.000000,0.000000,0.000000,0.000000,0.000000,0.000000,0.000000,0.000000,0.000000,0.000000,0.490000,9.820000,1.440000,-0.460000,-0.220000,-0.160000,40.750000,-19.750000,-17.690000
6.310000,153760.000000,395.000000,1346.000000,1391.000000,723.000000,3209.000000,1818.000000,0.000000,0.000000,0.000000,0.000000,0.000000,0.000000,0.000000,0.000000,0.000000,0.090000,9.900000,1.220000,-0.430000,-0.180000,-0.180000,40.750000,-19.750000,-17.690000
6.312000,153761.000000,9.000000,1283.000000,1383.000000,780.000000,3163.000000,1867.000000,0.000000,0.000000,0.000000,0.000000,0.000000,0.000000,0.000000,0.000000,0.000000,0.090000,9.900000,1.220000,-0.430000,-0.180000,-0.180000,40.750000,-19.750000,-17.690000
6.314000,153762.000000,22.000000,1234.000000,1360.000000,882.000000,3120.000000,2235.000000,0.000000,0.000000,0.000000,0.000000,0.000000,0.000000,0.000000,0.000000,0.000000,0.090000,9.900000,1.220000,-0.430000,-0.180000,-0.180000,40.750000,-19.750000,-17.690000
6.316000,153763.000000,51.000000,1222.000000,1371.000000,1138.000000,3088.000000,2489.000000,0.000000,0.000000,0.000000,0.000000,0.000000,0.000000,0.000000,0.000000,0.000000,0.090000,9.900000,1.220000,-0.430000,-0.180000,-0.180000,40.750000,-19.750000,-17.690000
6.318000,153764.000000,32.000000,1235.000000,1367.000000,1174.000000,3055.000000,2197.000000,0.000000,0.000000,0.000000,0.000000,0.000000,0.000000,0.000000,0.000000,0.000000,0.090000,9.900000,1.220000,-0.430000,-0.180000,-0.180000,40.750000,-19.750000,-17.690000
6.320000,153765.000000,144.000000,1200.000000,1423.000000,1082.000000,3024.000000,1827.000000,0.000000,0.000000,0.000000,0.000000,0.000000,0.000000,0.000000,0.000000,0.000000,-0.160000,9.950000,1.360000,-0.420000,-0.150000,-0.210000,40.750000,-19.750000,-17.690000
6.322000,153766.000000,0.000000,1151.000000,1380.000000,798.000000,2990.000000,1354.000000,0.000000,0.000000,0.000000,0.000000,0.000000,0.000000,0.000000,0.000000,0.000000,-0.160000,9.950000,1.360000,-0.420000,-0.150000,-0.210000,40.750000,-19.750000,-17.690000
6.324000,153767.000000,0.000000,1095.000000,1363.000000,617.000000,2939.000000,1243.000000,0.000000,0.000000,0.000000,0.000000,0.000000,0.000000,0.000000,0.000000,0.000000,-0.160000,9.950000,1.360000,-0.420000,-0.150000,-0.210000,40.750000,-19.750000,-17.690000
6.326000,153768.000000,0.000000,975.000000,1345.000000,605.000000,2887.000000,1573.000000,0.000000,0.000000,0.000000,0.000000,0.000000,0.000000,0.000000,0.000000,0.000000,-0.160000,9.950000,1.360000,-0.420000,-0.150000,-0.210000,40.750000,-19.750000,-17.690000
6.328000,153769.000000,0.000000,951.000000,1296.000000,642.000000,2855.000000,1674.000000,0.000000,0.000000,0.000000,0.000000,0.000000,0.000000,0.000000,0.000000,0.000000,-0.160000,9.950000,1.360000,-0.420000,-0.150000,-0.210000,40.750000,-19.750000,-17.690000
6.330000,153770.000000,2.000000,885.000000,1292.000000,704.000000,2794.000000,1742.000000,0.000000,0.000000,0.000000,0.000000,0.000000,0.000000,0.000000,0.000000,0.000000,-0.280000,9.960000,1.340000,-0.380000,-0.110000,-0.230000,40.750000,-19.750000,-17.690000
6.332000,153771.000000,0.000000,896.000000,1264.000000,771.000000,2753.000000,1811.000000,0.000000,0.000000,0.000000,0.000000,0.000000,0.000000,0.000000,0.000000,0.000000,-0.280000,9.960000,1.340000,-0.380000,-0.110000,-0.230000,40.750000,-19.750000,-17.690000
6.334000,153772.000000,16.000000,828.000000,1254.000000,841.000000,2736.000000,2193.000000,0.000000,0.000000,0.000000,0.000000,0.000000,0.000000,0.000000,0.000000,0.000000,-0.280000,9.960000,1.340000,-0.380000,-0.110000,-0.230000,40.750000,-19.750000,-17.690000
6.336000,153773.000000,51.000000,817.000000,1235.000000,1107.000000,2719.000000,2464.000000,0.000000,0.000000,0.000000,0.000000,0.000000,0.000000,0.000000,0.000000,0.000000,-0.280000,9.960000,1.340000,-0.380000,-0.110000,-0.230000,40.750000,-19.750000,-17.690000
6.338000,153774.000000,27.000000,850.000000,1223.000000,1165.000000,2704.000000,2145.000000,0.000000,0.000000,0.000000,0.000000,0.000000,0.000000,0.000000,0.000000,0.000000,-0.280000,9.960000,1.340000,-0.380000,-0.110000,-0.230000,40.750000,-19.750000,-17.690000
6.340000,153775.000000,23.000000,850.000000,1208.000000,1033.000000,2710.000000,1747.000000,0.000000,0.000000,0.000000,0.000000,0.000000,0.000000,0.000000,0.000000,0.000000,-0.220000,9.790000,1.430000,-0.360000,-0.100000,-0.240000,40.500000,-18.750000,-16.250000
6.342000,153776.000000,0.000000,829.000000,1187.000000,752.000000,2686.000000,1348.000000,0.000000,0.000000,0.000000,0.000000,0.000000,0.000000,0.000000,0.000000,0.000000,-0.220000,9.790000,1.430000,-0.360000,-0.100000,-0.240000,40.500000,-18.750000,-16.250000
6.344000,153777.000000,0.000000,749.000000,1139.000000,561.000000,2641.000000,1351.000000,0.000000,0.000000,0.000000,0.000000,0.000000,0.000000,0.000000,0.000000,0.000000,-0.220000,9.790000,1.430000,-0.360000,-0.100000,-0.240000,40.500000,-18.750000,-16.250000
6.346000,153778.000000,0.000000,719.000000,1073.000000,506.000000,2559.000000,1837.000000,0.000000,0.000000,0.000000,0.000000,0.000000,0.000000,0.000000,0.000000,0.000000,-0.220000,9.790000,1.430000,-0.360000,-0.100000,-0.240000,40.500000,-18.750000,-16.250000
6.348000,153779.000000,0.000000,662.000000,1021.000000,599.000000,2544.000000,1740.000000,0.000000,0.000000,0.000000,0.000000,0.000000,0.000000,0.000000,0.000000,0.000000,-0.220000,9.790000,1.430000,-0.360000,-0.100000,-0.240000,40.500000,-18.750000,-16.250000
6.350000,153780.000000,0.000000,665.000000,973.000000,643.000000,2507.000000,1702.000000,0.000000,0.000000,0.000000,0.000000,0.000000,0.000000,0.000000,0.000000,0.000000,0.030000,9.680000,1.610000,-0.350000,-0.100000,-0.250000,40.500000,-18.750000,-16.250000
6.352000,153781.000000,0.000000,634.000000,903.000000,685.000000,2464.000000,1757.000000,0.000000,0.000000,0.000000,0.000000,0.000000,0.000000,0.000000,0.000000,0.000000,0.030000,9.680000,1.610000,-0.350000,-0.100000,-0.250000,40.500000,-18.750000,-16.250000
6.354000,153782.000000,13.000000,624.000000,837.000000,811.000000,2448.000000,2170.000000,0.000000,0.000000,0.000000,0.000000,0.000000,0.000000,0.000000,0.000000,0.000000,0.030000,9.680000,1.610000,-0.350000,-0.100000,-0.250000,40.500000,-18.750000,-16.250000
6.356000,153783.000000,48.000000,626.000000,816.000000,1059.000000,2430.000000,2448.000000,0.000000,0.000000,0.000000,0.000000,0.000000,0.000000,0.000000,0.000000,0.000000,0.030000,9.680000,1.610000,-0.350000,-0.100000,-0.250000,40.500000,-18.750000,-16.250000
6.358000,153784.000000,25.000000,665.000000,796.000000,1121.000000,2415.000000,2155.000000,0.000000,0.000000,0.000000,0.000000,0.000000,0.000000,0.000000,0.000000,0.000000,0.030000,9.680000,1.610000,-0.350000,-0.100000,-0.250000,40.500000,-18.750000,-16.250000
6.360000,153785.000000,201.000000,693.000000,759.000000,1034.000000,2431.000000,1746.000000,0.000000,0.000000,0.000000,0.000000,0.000000,0.000000,0.000000,0.000000,0.000000,0.760000,9.630000,1.670000,-0.360000,-0.100000,-0.250000,40.500000,-18.750000,-16.250000
6.362000,153786.000000,0.000000,701.000000,757.000000,746.000000,2418.000000,1213.000000,0.000000,0.000000,0.000000,0.000000,0.000000,0.000000,0.000000,0.000000,0.000000,0.760000,9.630000,1.670000,-0.360000,-0.100000,-0.250000,40.500000,-18.750000,-16.250000
6.364000,153787.000000,0.000000,656.000000,683.000000,511.000000,2386.000000,1079.000000,0.000000,0.000000,0.000000,0.000000,0.000000,0.000000,0.000000,0.000000,0.000000,0.760000,9.630000,1.670000,-0.360000,-0.100000,-0.250000,40.500000,-18.750000,-16.250000
6.366000,153788.000000,0.000000,626.000000,654.000000,453.000000,2366.000000,1379.000000,0.000000,0.000000,0.000000,0.000000,0.000000,0.000000,0.000000,0.000000,0.000000,0.760000,9.630000,1.670000,-0.360000,-0.100000,-0.250000,40.500000,-18.750000,-16.250000
6.368000,153789.000000,0.000000,599.000000,607.000000,501.000000,2345.000000,1529.000000,0.000000,0.000000,0.000000,0.000000,0.000000,0.000000,0.000000,0.000000,0.000000,0.760000,9.630000,1.670000,-0.360000,-0.100000,-0.250000,40.500000,-18.750000,-16.250000
6.370000,153790.000000,178.000000,591.000000,603.000000,547.000000,2317.000000,1604.000000,0.000000,0.000000,0.000000,0.000000,0.000000,0.000000,0.000000,0.000000,0.000000,1.170000,9.560000,1.800000,-0.390000,-0.110000,-0.240000,40.500000,-18.750000,-16.250000
6.372000,153791.000000,0.000000,583.000000,607.000000,624.000000,2332.000000,1693.000000,0.000000,0.000000,0.000000,0.000000,0.000000,0.000000,0.000000,0.000000,0.000000,1.170000,9.560000,1.800000,-0.390000,-0.110000,-0.240000,40.500000,-18.750000,-16.250000
6.374000,153792.000000,6.000000,586.000000,592.000000,749.000000,2331.000000,2159.000000,0.000000,0.000000,0.000000,0.000000,0.000000,0.000000,0.000000,0.000000,0.000000,1.170000,9.560000,1.800000,-0.390000,-0.110000,-0.240000,40.500000,-18.750000,-16.250000
6.376000,153793.000000,49.000000,588.000000,614.000000,1023.000000,2352.000000,2474.000000,0.000000,0.000000,0.000000,0.000000,0.000000,0.000000,0.000000,0.000000,0.000000,1.170000,9.560000,1.800000,-0.390000,-0.110000,-0.240000,40.500000,-18.750000,-16.250000
6.378000,153794.000000,26.000000,619.000000,667.000000,1102.000000,2410.000000,2155.000000,0.000000,0.000000,0.000000,0.000000,0.000000,0.000000,0.000000,0.000000,0.000000,1.170000,9.560000,1.800000,-0.390000,-0.110000,-0.240000,40.500000,-18.750000,-16.250000
6.380000,153795.000000,11.000000,659.000000,752.000000,1023.000000,2273.000000,1728.000000,0.000000,0.000000,0.000000,0.000000,0.000000,0.000000,0.000000,0.000000,0.000000,1.540000,9.660000,1.690000,-0.420000,-0.110000,-0.230000,40.500000,-18.750000,-16.250000
6.382000,153796.000000,0.000000,681.000000,816.000000,733.000000,2478.000000,1234.000000,0.000000,0.000000,0.000000,0.000000,0.000000,0.000000,0.000000,0.000000,0.000000,1.540000,9.660000,1.690000,-0.420000,-0.110000,-0.230000,40.500000,-18.750000,-16.250000
6.384000,153797.000000,0.000000,671.000000,853.000000,511.000000,2472.000000,1070.000000,0.000000,0.000000,0.000000,0.000000,0.000000,0.000000,0.000000,0.000000,0.000000,1.540000,9.660000,1.690000,-0.420000,-0.110000,-0.230000,40.500000,-18.750000,-16.250000
6.386000,153798.000000,0.000000,667.000000,897.000000,448.000000,2499.000000,1407.000000,0.000000,0.000000,0.000000,0.000000,0.000000,0.000000,0.000000,0.000000,0.000000,1.540000,9.660000,1.690000,-0.420000,-0.110000,-0.230000,40.500000,-18.750000,-16.250000
6.388000,153799.000000,0.000000,662.000000,942.000000,511.000000,2536.000000,1561.000000,0.000000,0.000000,0.000000,0.000000,0.000000,0.000000,0.000000,0.000000,0.000000,1.540000,9.660000,1.690000,-0.420000,-0.110000,-0.230000,40.500000,-18.750000,-16.250000
6.390000,153800.000000,0.000000,695.000000,1061.000000,566.000000,2593.000000,1680.000000,0.000000,0.000000,0.000000,0.000000,0.000000,0.000000,0.000000,0.000000,0.000000,2.290000,9.960000,1.400000,-0.450000,-0.100000,-0.220000,41.190000,-18.750000,-17.250000
6.392000,153801.000000,0.000000,717.000000,1135.000000,631.000000,2631.000000,1781.000000,0.000000,0.000000,0.000000,0.000000,0.000000,0.000000,0.000000,0.000000,0.000000,2.290000,9.960000,1.400000,-0.450000,-0.100000,-0.220000,41.190000,-18.750000,-17.250000
6.394000,153802.000000,23.000000,783.000000,1225.000000,767.000000,2704.000000,2224.000000,0.000000,0.000000,0.000000,0.000000,0.000000,0.000000,0.000000,0.000000,0.000000,2.290000,9.960000,1.400000,-0.450000,-0.100000,-0.220000,41.190000,-18.750000,-17.250000
6.396000,153803.000000,54.000000,846.000000,1355.000000,1046.000000,2775.000000,2557.000000,0.000000,0.000000,0.000000,0.000000,0.000000,0.000000,0.000000,0.000000,0.000000,2.290000,9.960000,1.400000,-0.450000,-0.100000,-0.220000,41.190000,-18.750000,-17.250000
6.398000,153804.000000,33.000000,984.000000,1487.000000,1133.000000,2922.000000,2265.000000,0.000000,0.000000,0.000000,0.000000,0.000000,0.000000,0.000000,0.000000,0.000000,2.290000,9.960000,1.400000,-0.450000,-0.100000,-0.220000,41.190000,-18.750000,-17.250000
6.400000,153805.000000,336.000000,1088.000000,1614.000000,1040.000000,2965.000000,1911.000000,0.000000,0.000000,0.000000,0.000000,0.000000,0.000000,0.000000,0.000000,0.000000,2.550000,10.080000,1.380000,-0.450000,-0.080000,-0.220000,41.190000,-18.750000,-17.250000
6.402000,153806.000000,0.000000,1205.000000,1728.000000,726.000000,3071.000000,1342.000000,0.000000,0.000000,0.000000,0.000000,0.000000,0.000000,0.000000,0.000000,0.000000,2.550000,10.080000,1.380000,-0.450000,-0.080000,-0.220000,41.190000,-18.750000,-17.250000
6.404000,153807.000000,0.000000,1284.000000,1844.000000,499.000000,3177.000000,1184.000000,0.000000,0.000000,0.000000,0.000000,0.000000,0.000000,0.000000,0.000000,0.000000,2.550000,10.080000,1.380000,-0.450000,-0.080000,-0.220000,41.190000,-18.750000,-17.250000
6.406000,153808.000000,0.000000,1373.000000,1920.000000,460.000000,3230.000000,1553.000000,0.000000,0.000000,0.000000,0.000000,0.000000,0.000000,0.000000,0.000000,0.000000,2.550000,10.080000,1.380000,-0.450000,-0.080000,-0.220000,41.190000,-18.750000,-17.250000
6.408000,153809.000000,0.000000,1478.000000,2010.000000,533.000000,3280.000000,1701.000000,0.000000,0.000000,0.000000,0.000000,0.000000,0.000000,0.000000,0.000000,0.000000,2.550000,10.080000,1.380000,-0.450000,-0.080000,-0.220000,41.190000,-18.750000,-17.250000
6.410000,153810.000000,215.000000,1584.000000,2100.000000,592.000000,3377.000000,2274.000000,0.000000,0.000000,0.000000,0.000000,0.000000,0.000000,0.000000,0.000000,0.000000,2.650000,10.320000,1.460000,-0.420000,-0.060000,-0.200000,41.190000,-18.750000,-17.250000
6.412000,153811.000000,9.000000,1712.000000,2209.000000,670.000000,3478.000000,1905.000000,0.000000,0.000000,0.000000,0.000000,0.000000,0.000000,0.000000,0.000000,0.000000,2.650000,10.320000,1.460000,-0.420000,-0.060000,-0.200000,41.190000,-18.750000,-17.250000
6.414000,153812.000000,39.000000,1839.000000,2305.000000,802.000000,3552.000000,2377.000000,0.000000,0.000000,0.000000,0.000000,0.000000,0.000000,0.000000,0.000000,0.000000,2.650000,10.320000,1.460000,-0.420000,-0.060000,-0.200000,41.190000,-18.750000,-17.250000
6.416000,153813.000000,71.000000,1978.000000,2385.000000,1092.000000,3694.000000,2746.000000,0.000000,0.000000,0.000000,0.000000,0.000000,0.000000,0.000000,0.000000,0.000000,2.650000,10.320000,1.460000,-0.420000,-0.060000,-0.200000,41.190000,-18.750000,-17.250000
6.418000,153814.000000,64.000000,2150.000000,2510.000000,1185.000000,3788.000000,2420.000000,0.000000,0.000000,0.000000,0.000000,0.000000,0.000000,0.000000,0.000000,0.000000,2.650000,10.320000,1.460000,-0.420000,-0.060000,-0.200000,41.190000,-18.750000,-17.250000
6.420000,153815.000000,762.000000,2297.000000,2587.000000,1121.000000,3923.000000,2031.000000,0.000000,0.000000,0.000000,0.000000,0.000000,0.000000,0.000000,0.000000,0.000000,2.530000,10.530000,1.590000,-0.370000,-0.040000,-0.170000,41.190000,-18.750000,-17.250000
6.422000,153816.000000,6.000000,2431.000000,2722.000000,785.000000,4016.000000,1470.000000,0.000000,0.000000,0.000000,0.000000,0.000000,0.000000,0.000000,0.000000,0.000000,2.530000,10.530000,1.590000,-0.370000,-0.040000,-0.170000,41.190000,-18.750000,-17.250000
6.424000,153817.000000,0.000000,2525.000000,2787.000000,627.000000,4095.000000,1360.000000,0.000000,0.000000,0.000000,0.000000,0.000000,0.000000,0.000000,0.000000,0.000000,2.530000,10.530000,1.590000,-0.370000,-0.040000,-0.170000,41.190000,-18.750000,-17.250000
6.426000,153818.000000,10.000000,2635.000000,2860.000000,560.000000,4095.000000,1699.000000,0.000000,0.000000,0.000000,0.000000,0.000000,0.000000,0.000000,0.000000,0.000000,2.530000,10.530000,1.590000,-0.370000,-0.040000,-0.170000,41.190000,-18.750000,-17.250000
6.428000,153819.000000,16.000000,2755.000000,2921.000000,654.000000,4095.000000,1885.000000,0.000000,0.000000,0.000000,0.000000,0.000000,0.000000,0.000000,0.000000,0.000000,2.530000,10.530000,1.590000,-0.370000,-0.040000,-0.170000,41.190000,-18.750000,-17.250000
6.430000,153820.000000,139.000000,2843.000000,3021.000000,741.000000,4095.000000,1983.000000,0.000000,0.000000,0.000000,0.000000,0.000000,0.000000,0.000000,0.000000,0.000000,1.250000,10.610000,1.730000,-0.290000,-0.040000,-0.130000,41.190000,-18.750000,-17.250000
6.432000,153821.000000,52.000000,2985.000000,3102.000000,810.000000,4095.000000,2089.000000,0.000000,0.000000,0.000000,0.000000,0.000000,0.000000,0.000000,0.000000,0.000000,1.250000,10.610000,1.730000,-0.290000,-0.040000,-0.130000,41.190000,-18.750000,-17.250000
6.434000,153822.000000,78.000000,3099.000000,3186.000000,926.000000,4095.000000,2498.000000,0.000000,0.000000,0.000000,0.000000,0.000000,0.000000,0.000000,0.000000,0.000000,1.250000,10.610000,1.730000,-0.290000,-0.040000,-0.130000,41.190000,-18.750000,-17.250000
6.436000,153823.000000,106.000000,3213.000000,3252.000000,685.000000,4095.000000,2854.000000,0.000000,0.000000,0.000000,0.000000,0.000000,0.000000,0.000000,0.000000,0.000000,1.250000,10.610000,1.730000,-0.290000,-0.040000,-0.130000,41.190000,-18.750000,-17.250000
6.438000,153824.000000,94.000000,3442.000000,3440.000000,45.000000,4095.000000,2483.000000,0.000000,0.000000,0.000000,0.000000,0.000000,0.000000,0.000000,0.000000,0.000000,1.250000,10.610000,1.730000,-0.290000,-0.040000,-0.130000,41.190000,-18.750000,-17.250000
6.440000,153825.000000,74.000000,3567.000000,3535.000000,0.000000,4095.000000,2000.000000,0.000000,0.000000,0.000000,0.000000,0.000000,0.000000,0.000000,0.000000,0.000000,0.700000,10.260000,1.780000,-0.180000,-0.030000,-0.060000,39.690000,-17.250000,-18.000000
6.442000,153826.000000,129.000000,3664.000000,3633.000000,0.000000,4095.000000,1535.000000,0.000000,0.000000,0.000000,0.000000,0.000000,0.000000,0.000000,0.000000,0.000000,0.700000,10.260000,1.780000,-0.180000,-0.030000,-0.060000,39.690000,-17.250000,-18.000000
6.444000,153827.000000,30.000000,3699.000000,3696.000000,0.000000,4095.000000,1418.000000,0.000000,0.000000,0.000000,0.000000,0.000000,0.000000,0.000000,0.000000,0.000000,0.700000,10.260000,1.780000,-0.180000,-0.030000,-0.060000,39.690000,-17.250000,-18.000000
6.446000,153828.000000,48.000000,3647.000000,3696.000000,0.000000,4095.000000,2170.000000,0.000000,0.000000,0.000000,0.000000,0.000000,0.000000,0.000000,0.000000,0.000000,0.700000,10.260000,1.780000,-0.180000,-0.030000,-0.060000,39.690000,-17.250000,-18.000000
6.448000,153829.000000,71.000000,3606.000000,3725.000000,0.000000,4095.000000,2209.000000,0.000000,0.000000,0.000000,0.000000,0.000000,0.000000,0.000000,0.000000,0.000000,0.700000,10.260000,1.780000,-0.180000,-0.030000,-0.060000,39.690000,-17.250000,-18.000000
6.450000,153830.000000,1181.000000,3583.000000,3777.000000,107.000000,4095.000000,2167.000000,0.000000,0.000000,0.000000,0.000000,0.000000,0.000000,0.000000,0.000000,0.000000,0.540000,10.000000,1.740000,-0.060000,-0.030000,0.020000,39.690000,-17.250000,-18.000000
6.452000,153831.000000,114.000000,3600.000000,3833.000000,307.000000,4095.000000,2172.000000,0.000000,0.000000,0.000000,0.000000,0.000000,0.000000,0.000000,0.000000,0.000000,0.540000,10.000000,1.740000,-0.060000,-0.030000,0.020000,39.690000,-17.250000,-18.000000
6.454000,153832.000000,71.000000,3569.000000,3815.000000,536.000000,4095.000000,2589.000000,0.000000,0.000000,0.000000,0.000000,0.000000,0.000000,0.000000,0.000000,0.000000,0.540000,10.000000,1.740000,-0.060000,-0.030000,0.020000,39.690000,-17.250000,-18.000000
6.456000,153833.000000,129.000000,3555.000000,3827.000000,971.000000,4095.000000,2902.000000,0.000000,0.000000,0.000000,0.000000,0.000000,0.000000,0.000000,0.000000,0.000000,0.540000,10.000000,1.740000,-0.060000,-0.030000,0.020000,39.690000,-17.250000,-18.000000
6.458000,153834.000000,103.000000,3599.000000,3899.000000,1115.000000,4095.000000,2559.000000,0.000000,0.000000,0.000000,0.000000,0.000000,0.000000,0.000000,0.000000,0.000000,0.540000,10.000000,1.740000,-0.060000,-0.030000,0.020000,39.690000,-17.250000,-18.000000
6.460000,153835.000000,1110.000000,3610.000000,4003.000000,995.000000,4095.000000,2190.000000,0.000000,0.000000,0.000000,0.000000,0.000000,0.000000,0.000000,0.000000,0.000000,0.450000,9.880000,1.570000,0.030000,-0.060000,0.100000,39.690000,-17.250000,-18.000000
6.462000,153836.000000,53.000000,3621.000000,3980.000000,635.000000,4095.000000,1615.000000,0.000000,0.000000,0.000000,0.000000,0.000000,0.000000,0.000000,0.000000,0.000000,0.450000,9.880000,1.570000,0.030000,-0.060000,0.100000,39.690000,-17.250000,-18.000000
6.464000,153837.000000,16.000000,3507.000000,3999.000000,423.000000,4095.000000,1456.000000,0.000000,0.000000,0.000000,0.000000,0.000000,0.000000,0.000000,0.000000,0.000000,0.450000,9.880000,1.570000,0.030000,-0.060000,0.100000,39.690000,-17.250000,-18.000000
6.466000,153838.000000,39.000000,3462.000000,3938.000000,317.000000,4095.000000,1775.000000,0.000000,0.000000,0.000000,0.000000,0.000000,0.000000,0.000000,0.000000,0.000000,0.450000,9.880000,1.570000,0.030000,-0.060000,0.100000,39.690000,-17.250000,-18.000000
6.468000,153839.000000,43.000000,3376.000000,3906.000000,337.000000,4095.000000,1933.000000,0.000000,0.000000,0.000000,0.000000,0.000000,0.000000,0.000000,0.000000,0.000000,0.450000,9.880000,1.570000,0.030000,-0.060000,0.100000,39.690000,-17.250000,-18.000000
6.470000,153840.000000,1072.000000,3317.000000,3854.000000,336.000000,4095.000000,1983.000000,0.000000,0.000000,0.000000,0.000000,0.000000,0.000000,0.000000,0.000000,0.000000,-0.020000,9.590000,1.650000,0.100000,-0.110000,0.150000,39.690000,-17.250000,-18.000000
6.472000,153841.000000,103.000000,3312.000000,3824.000000,395.000000,4095.000000,2090.000000,0.000000,0.000000,0.000000,0.000000,0.000000,0.000000,0.000000,0.000000,0.000000,-0.020000,9.590000,1.650000,0.100000,-0.110000,0.150000,39.690000,-17.250000,-18.000000
6.474000,153842.000000,75.000000,3291.000000,3770.000000,541.000000,4095.000000,2527.000000,0.000000,0.000000,0.000000,0.000000,0.000000,0.000000,0.000000,0.000000,0.000000,-0.020000,9.590000,1.650000,0.100000,-0.110000,0.150000,39.690000,-17.250000,-18.000000
6.476000,153843.000000,129.000000,3310.000000,3787.000000,752.000000,4095.000000,2903.000000,0.000000,0.000000,0.000000,0.000000,0.000000,0.000000,0.000000,0.000000,0.000000,-0.020000,9.590000,1.650000,0.100000,-0.110000,0.150000,39.690000,-17.250000,-18.000000
6.478000,153844.000000,98.000000,3371.000000,3792.000000,784.000000,4095.000000,2551.000000,0.000000,0.000000,0.000000,0.000000,0.000000,0.000000,0.000000,0.000000,0.000000,-0.020000,9.590000,1.650000,0.100000,-0.110000,0.150000,39.690000,-17.250000,-18.000000
6.480000,153845.000000,155.000000,3433.000000,3824.000000,758.000000,4095.000000,2293.000000,0.000000,0.000000,0.000000,0.000000,0.000000,0.000000,0.000000,0.000000,0.000000,-0.180000,9.390000,1.870000,0.140000,-0.150000,0.160000,39.690000,-17.250000,-18.000000
6.482000,153846.000000,68.000000,3454.000000,3799.000000,587.000000,4095.000000,2097.000000,0.000000,0.000000,0.000000,0.000000,0.000000,0.000000,0.000000,0.000000,0.000000,-0.180000,9.390000,1.870000,0.140000,-0.150000,0.160000,39.690000,-17.250000,-18.000000
6.484000,153847.000000,31.000000,3447.000000,3747.000000,474.000000,4095.000000,1578.000000,0.000000,0.000000,0.000000,0.000000,0.000000,0.000000,0.000000,0.000000,0.000000,-0.180000,9.390000,1.870000,0.140000,-0.150000,0.160000,39.690000,-17.250000,-18.000000
6.486000,153848.000000,42.000000,3445.000000,3639.000000,523.000000,4095.000000,1824.000000,0.000000,0.000000,0.000000,0.000000,0.000000,0.000000,0.000000,0.000000,0.000000,-0.180000,9.390000,1.870000,0.140000,-0.150000,0.160000,39.690000,-17.250000,-18.000000
6.488000,153849.000000,50.000000,3426.000000,3709.000000,627.000000,4095.000000,1954.000000,0.000000,0.000000,0.000000,0.000000,0.000000,0.000000,0.000000,0.000000,0.000000,-0.180000,9.390000,1.870000,0.140000,-0.150000,0.160000,39.690000,-17.250000,-18.000000
6.490000,153850.000000,70.000000,3415.000000,3568.000000,720.000000,4095.000000,2031.000000,0.000000,0.000000,0.000000,0.000000,0.000000,0.000000,0.000000,0.000000,0.000000,-0.160000,9.200000,2.090000,0.180000,-0.130000,0.120000,39.250000,-17.000000,-17.560000
6.492000,153851.000000,71.000000,3445.000000,3547.000000,831.000000,4095.000000,2113.000000,0.000000,0.000000,0.000000,0.000000,0.000000,0.000000,0.000000,0.000000,0.000000,-0.160000,9.200000,2.090000,0.180000,-0.130000,0.120000,39.250000,-17.000000,-17.560000
6.494000,153852.000000,158.000000,3472.000000,3571.000000,961.000000,4095.000000,2545.000000,0.000000,0.000000,0.000000,0.000000,0.000000,0.000000,0.000000,0.000000,0.000000,-0.160000,9.200000,2.090000,0.180000,-0.130000,0.120000,39.250000,-17.000000,-17.560000
6.496000,153853.000000,133.000000,3524.000000,3483.000000,1264.000000,4095.000000,2933.000000,0.000000,0.000000,0.000000,0.000000,0.000000,0.000000,0.000000,0.000000,0.000000,-0.160000,9.200000,2.090000,0.180000,-0.130000,0.120000,39.250000,-17.000000,-17.560000
6.498000,153854.000000,110.000000,3613.000000,3516.000000,1380.000000,4095.000000,2577.000000,0.000000,0.000000,0.000000,0.000000,0.000000,0.000000,0.000000,0.000000,0.000000,-0.160000,9.200000,2.090000,0.180000,-0.130000,0.120000,39.250000,-17.000000,-17.560000
6.500000,153855.000000,1210.000000,3703.000000,3553.000000,1266.000000,4095.000000,2234.000000,0.000000,0.000000,0.000000,0.000000,0.000000,0.000000,0.000000,0.000000,0.000000,-0.050000,9.030000,2.260000,0.220000,-0.060000,0.060000,39.250000,-17.000000,-17.560000
6.502000,153856.000000,63.000000,3716.000000,3558.000000,944.000000,4095.000000,1635.000000,0.000000,0.000000,0.000000,0.000000,0.000000,0.000000,0.000000,0.000000,0.000000,-0.050000,9.030000,2.260000,0.220000,-0.060000,0.060000,39.250000,-17.000000,-17.560000
6.504000,153857.000000,30.000000,3670.000000,3537.000000,750.000000,4095.000000,1457.000000,0.000000,0.000000,0.000000,0.000000,0.000000,0.000000,0.000000,0.000000,0.000000,-0.050000,9.030000,2.260000,0.220000,-0.060000,0.060000,39.250000,-17.000000,-17.560000
6.506000,153858.000000,28.000000,3649.000000,3472.000000,680.000000,4095.000000,1817.000000,0.000000,0.000000,0.000000,0.000000,0.000000,0.000000,0.000000,0.000000,0.000000,-0.050000,9.030000,2.260000,0.220000,-0.060000,0.060000,39.250000,-17.000000,-17.560000
6.508000,153859.000000,39.000000,3597.000000,3440.000000,772.000000,4095.000000,1935.000000,0.000000,0.000000,0.000000,0.000000,0.000000,0.000000,0.000000,0.000000,0.000000,-0.050000,9.030000,2.260000,0.220000,-0.060000,0.060000,39.250000,-17.000000,-17.560000
6.510000,153860.000000,1135.000000,3568.000000,3382.000000,847.000000,4095.000000,2003.000000,0.000000,0.000000,0.000000,0.000000,0.000000,0.000000,0.000000,0.000000,0.000000,0.060000,8.990000,1.950000,0.260000,0.020000,0.010000,39.250000,-17.000000,-17.560000
6.512000,153861.000000,86.000000,3553.000000,3342.000000,902.000000,4095.000000,2134.000000,0.000000,0.000000,0.000000,0.000000,0.000000,0.000000,0.000000,0.000000,0.000000,0.060000,8.990000,1.950000,0.260000,0.020000,0.010000,39.250000,-17.000000,-17.560000
6.514000,153862.000000,115.000000,3502.000000,3281.000000,1023.000000,4095.000000,2515.000000,0.000000,0.000000,0.000000,0.000000,0.000000,0.000000,0.000000,0.000000,0.000000,0.060000,8.990000,1.950000,0.260000,0.020000,0.010000,39.250000,-17.000000,-17.560000
6.516000,153863.000000,132.000000,3536.000000,3339.000000,1307.000000,4095.000000,2915.000000,0.000000,0.000000,0.000000,0.000000,0.000000,0.000000,0.000000,0.000000,0.000000,0.060000,8.990000,1.950000,0.260000,0.020000,0.010000,39.250000,-17.000000,-17.560000
6.518000,153864.000000,112.000000,3568.000000,3333.000000,1361.000000,4095.000000,2593.000000,0.000000,0.000000,0.000000,0.000000,0.000000,0.000000,0.000000,0.000000,0.000000,0.060000,8.990000,1.950000,0.260000,0.020000,0.010000,39.250000,-17.000000,-17.560000
6.520000,153865.000000,1179.000000,3573.000000,3375.000000,1264.000000,4095.000000,2187.000000,0.000000,0.000000,0.000000,0.000000,0.000000,0.000000,0.000000,0.000000,0.000000,0.100000,9.050000,1.740000,0.290000,0.100000,-0.020000,39.250000,-17.000000,-17.560000
6.522000,153866.000000,61.000000,3530.000000,3345.000000,960.000000,4095.000000,1600.000000,0.000000,0.000000,0.000000,0.000000,0.000000,0.000000,0.000000,0.000000,0.000000,0.100000,9.050000,1.740000,0.290000,0.100000,-0.020000,39.250000,-17.000000,-17.560000
6.524000,153867.000000,6.000000,3457.000000,3280.000000,779.000000,4095.000000,1466.000000,0.000000,0.000000,0.000000,0.000000,0.000000,0.000000,0.000000,0.000000,0.000000,0.100000,9.050000,1.740000,0.290000,0.100000,-0.020000,39.250000,-17.000000,-17.560000
6.526000,153868.000000,33.000000,3347.000000,3271.000000,718.000000,4095.000000,1789.000000,0.000000,0.000000,0.000000,0.000000,0.000000,0.000000,0.000000,0.000000,0.000000,0.100000,9.050000,1.740000,0.290000,0.100000,-0.020000,39.250000,-17.000000,-17.560000
6.528000,153869.000000,39.000000,3303.000000,3201.000000,773.000000,4095.000000,1917.000000,0.000000,0.000000,0.000000,0.000000,0.000000,0.000000,0.000000,0.000000,0.000000,0.100000,9.050000,1.740000,0.290000,0.100000,-0.020000,39.250000,-17.000000,-17.560000
6.530000,153870.000000,37.000000,3246.000000,3217.000000,845.000000,4095.000000,2000.000000,0.000000,0.000000,0.000000,0.000000,0.000000,0.000000,0.000000,0.000000,0.000000,0.080000,9.260000,1.560000,0.300000,0.170000,-0.040000,39.250000,-17.000000,-17.560000
6.532000,153871.000000,117.000000,3163.000000,3185.000000,912.000000,4095.000000,2107.000000,0.000000,0.000000,0.000000,0.000000,0.000000,0.000000,0.000000,0.000000,0.000000,0.080000,9.260000,1.560000,0.300000,0.170000,-0.040000,39.250000,-17.000000,-17.560000
6.534000,153872.000000,64.000000,3126.000000,3137.000000,1023.000000,4095.000000,2485.000000,0.000000,0.000000,0.000000,0.000000,0.000000,0.000000,0.000000,0.000000,0.000000,0.080000,9.260000,1.560000,0.300000,0.170000,-0.040000,39.250000,-17.000000,-17.560000
6.536000,153873.000000,105.000000,3085.000000,3099.000000,1281.000000,4095.000000,2896.000000,0.000000,0.000000,0.000000,0.000000,0.000000,0.000000,0.000000,0.000000,0.000000,0.080000,9.260000,1.560000,0.300000,0.170000,-0.040000,39.250000,-17.000000,-17.560000
6.538000,153874.000000,95.000000,3098.000000,3137.000000,1360.000000,4095.000000,2525.000000,0.000000,0.000000,0.000000,0.000000,0.000000,0.000000,0.000000,0.000000,0.000000,0.080000,9.260000,1.560000,0.300000,0.170000,-0.040000,39.250000,-17.000000,-17.560000
6.540000,153875.000000,99.000000,3093.000000,3125.000000,1267.000000,4095.000000,2064.000000,0.000000,0.000000,0.000000,0.000000,0.000000,0.000000,0.000000,0.000000,0.000000,0.020000,9.870000,1.310000,0.300000,0.230000,-0.050000,39.690000,-18.060000,-19.250000
6.542000,153876.000000,22.000000,3069.000000,3147.000000,995.000000,4095.000000,1555.000000,0.000000,0.000000,0.000000,0.000000,0.000000,0.000000,0.000000,0.000000,0.000000,0.020000,9.870000,1.310000,0.300000,0.230000,-0.050000,39.690000,-18.060000,-19.250000
6.544000,153877.000000,16.000000,3001.000000,3103.000000,767.000000,4095.000000,1404.000000,0.000000,0.000000,0.000000,0.000000,0.000000,0.000000,0.000000,0.000000,0.000000,0.020000,9.870000,1.310000,0.300000,0.230000,-0.050000,39.690000,-18.060000,-19.250000
6.546000,153878.000000,7.000000,2901.000000,3083.000000,699.000000,4095.000000,1759.000000,0.000000,0.000000,0.000000,0.000000,0.000000,0.000000,0.000000,0.000000,0.000000,0.020000,9.870000,1.310000,0.300000,0.230000,-0.050000,39.690000,-18.060000,-19.250000
6.548000,153879.000000,19.000000,2848.000000,3056.000000,739.000000,4011.000000,1869.000000,0.000000,0.000000,0.000000,0.000000,0.000000,0.000000,0.000000,0.000000,0.000000,0.020000,9.870000,1.310000,0.300000,0.230000,-0.050000,39.690000,-18.060000,-19.250000
6.550000,153880.000000,902.000000,2787.000000,2998.000000,805.000000,3909.000000,1953.000000,0.000000,0.000000,0.000000,0.000000,0.000000,0.000000,0.000000,0.000000,0.000000,-0.010000,10.030000,1.290000,0.320000,0.260000,-0.060000,39.690000,-18.060000,-19.250000
6.552000,153881.000000,69.000000,2742.000000,3013.000000,874.000000,3826.000000,2016.000000,0.000000,0.000000,0.000000,0.000000,0.000000,0.000000,0.000000,0.000000,0.000000,-0.010000,10.030000,1.290000,0.320000,0.260000,-0.060000,39.690000,-18.060000,-19.250000
6.554000,153882.000000,55.000000,2713.000000,2991.000000,963.000000,3713.000000,2435.000000,0.000000,0.000000,0.000000,0.000000,0.000000,0.000000,0.000000,0.000000,0.000000,-0.010000,10.030000,1.290000,0.320000,0.260000,-0.060000,39.690000,-18.060000,-19.250000
6.556000,153883.000000,81.000000,2699.000000,2930.000000,1269.000000,3669.000000,2785.000000,0.000000,0.000000,0.000000,0.000000,0.000000,0.000000,0.000000,0.000000,0.000000,-0.010000,10.030000,1.290000,0.320000,0.260000,-0.060000,39.690000,-18.060000,-19.250000
6.558000,153884.000000,74.000000,2746.000000,2995.000000,1335.000000,3638.000000,2474.000000,0.000000,0.000000,0.000000,0.000000,0.000000,0.000000,0.000000,0.000000,0.000000,-0.010000,10.030000,1.290000,0.320000,0.260000,-0.060000,39.690000,-18.060000,-19.250000
6.560000,153885.000000,911.000000,2752.000000,3046.000000,1295.000000,3617.000000,2120.000000,0.000000,0.000000,0.000000,0.000000,0.000000,0.000000,0.000000,0.000000,0.000000,-0.100000,10.080000,1.280000,0.350000,0.250000,-0.050000,39.690000,-18.060000,-19.250000
6.562000,153886.000000,19.000000,2717.000000,2999.000000,991.000000,3572.000000,1484.000000,0.000000,0.000000,0.000000,0.000000,0.000000,0.000000,0.000000,0.000000,0.000000,-0.100000,10.080000,1.280000,0.350000,0.250000,-0.050000,39.690000,-18.060000,-19.250000
6.564000,153887.000000,0.000000,2682.000000,2999.000000,752.000000,3498.000000,1334.000000,0.000000,0.000000,0.000000,0.000000,0.000000,0.000000,0.000000,0.000000,0.000000,-0.100000,10.080000,1.280000,0.350000,0.250000,-0.050000,39.690000,-18.060000,-19.250000
6.566000,153888.000000,0.000000,2633.000000,2947.000000,651.000000,3376.000000,1677.000000,0.000000,0.000000,0.000000,0.000000,0.000000,0.000000,0.000000,0.000000,0.000000,-0.100000,10.080000,1.280000,0.350000,0.250000,-0.050000,39.690000,-18.060000,-19.250000
6.568000,153889.000000,15.000000,2579.000000,2944.000000,737.000000,3338.000000,1814.000000,0.000000,0.000000,0.000000,0.000000,0.000000,0.000000,0.000000,0.000000,0.000000,-0.100000,10.080000,1.280000,0.350000,0.250000,-0.050000,39.690000,-18.060000,-19.250000
6.570000,153890.000000,655.000000,2559.000000,2930.000000,774.000000,3267.000000,1903.000000,0.000000,0.000000,0.000000,0.000000,0.000000,0.000000,0.000000,0.000000,0.000000,-0.300000,10.000000,1.430000,0.390000,0.220000,-0.040000,39.690000,-18.060000,-19.250000
6.572000,153891.000000,46.000000,2545.000000,2911.000000,848.000000,3216.000000,1979.000000,0.000000,0.000000,0.000000,0.000000,0.000000,0.000000,0.000000,0.000000,0.000000,-0.300000,10.000000,1.430000,0.390000,0.220000,-0.040000,39.690000,-18.060000,-19.250000
6.574000,153892.000000,26.000000,2544.000000,2900.000000,960.000000,3173.000000,2112.000000,0.000000,0.000000,0.000000,0.000000,0.000000,0.000000,0.000000,0.000000,0.000000,-0.300000,10.000000,1.430000,0.390000,0.220000,-0.040000,39.690000,-18.060000,-19.250000
6.576000,153893.000000,64.000000,2550.000000,2895.000000,1221.000000,3137.000000,2539.000000,0.000000,0.000000,0.000000,0.000000,0.000000,0.000000,0.000000,0.000000,0.000000,-0.300000,10.000000,1.430000,0.390000,0.220000,-0.040000,39.690000,-18.060000,-19.250000
6.578000,153894.000000,71.000000,2559.000000,2871.000000,1335.000000,3113.000000,2517.000000,0.000000,0.000000,0.000000,0.000000,0.000000,0.000000,0.000000,0.000000,0.000000,-0.300000,10.000000,1.430000,0.390000,0.220000,-0.040000,39.690000,-18.060000,-19.250000
6.580000,153895.000000,62.000000,2585.000000,2897.000000,1258.000000,3071.000000,2159.000000,0.000000,0.000000,0.000000,0.000000,0.000000,0.000000,0.000000,0.000000,0.000000,-0.560000,9.780000,1.790000,0.410000,0.180000,-0.020000,39.690000,-18.060000,-19.250000
6.582000,153896.000000,16.000000,2587.000000,2896.000000,976.000000,3059.000000,1681.000000,0.000000,0.000000,0.000000,0.000000,0.000000,0.000000,0.000000,0.000000,0.000000,-0.560000,9.780000,1.790000,0.410000,0.180000,-0.020000,39.690000,-18.060000,-19.250000
6.584000,153897.000000,0.000000,2544.000000,2869.000000,739.000000,3022.000000,1355.000000,0.000000,0.000000,0.000000,0.000000,0.000000,0.000000,0.000000,0.000000,0.000000,-0.560000,9.780000,1.790000,0.410000,0.180000,-0.020000,39.690000,-18.060000,-19.250000
6.586000,153898.000000,0.000000,2511.000000,2821.000000,667.000000,2976.000000,1635.000000,0.000000,0.000000,0.000000,0.000000,0.000000,0.000000,0.000000,0.000000,0.000000,-0.560000,9.780000,1.790000,0.410000,0.180000,-0.020000,39.690000,-18.060000,-19.250000
6.588000,153899.000000,6.000000,2487.000000,2798.000000,704.000000,2941.000000,1799.000000,0.000000,0.000000,0.000000,0.000000,0.000000,0.000000,0.000000,0.000000,0.000000,-0.560000,9.780000,1.790000,0.410000,0.180000,-0.020000,39.690000,-18.060000,-19.250000
6.590000,153900.000000,77.000000,2447.000000,2759.000000,773.000000,2893.000000,1872.000000,0.000000,0.000000,0.000000,0.000000,0.000000,0.000000,0.000000,0.000000,0.000000,-0.670000,9.570000,1.850000,0.430000,0.150000,-0.010000,39.000000,-17.000000,-18.750000
6.592000,153901.000000,18.000000,2441.000000,2752.000000,831.000000,2838.000000,1983.000000,0.000000,0.000000,0.000000,0.000000,0.000000,0.000000,0.000000,0.000000,0.000000,-0.670000,9.570000,1.850000,0.430000,0.150000,-0.010000,39.000000,-17.000000,-18.750000
6.594000,153902.000000,64.000000,2432.000000,2716.000000,899.000000,2835.000000,2361.000000,0.000000,0.000000,0.000000,0.000000,0.000000,0.000000,0.000000,0.000000,0.000000,-0.670000,9.570000,1.850000,0.430000,0.150000,-0.010000,39.000000,-17.000000,-18.750000
6.596000,153903.000000,90.000000,2448.000000,2711.000000,1200.000000,2799.000000,2722.000000,0.000000,0.000000,0.000000,0.000000,0.000000,0.000000,0.000000,0.000000,0.000000,-0.670000,9.570000,1.850000,0.430000,0.150000,-0.010000,39.000000,-17.000000,-18.750000
6.598000,153904.000000,57.000000,2490.000000,2729.000000,1322.000000,2767.000000,2416.000000,0.000000,0.000000,0.000000,0.000000,0.000000,0.000000,0.000000,0.000000,0.000000,-0.670000,9.570000,1.850000,0.430000,0.150000,-0.010000,39.000000,-17.000000,-18.750000
6.600000,153905.000000,846.000000,2512.000000,2706.000000,1258.000000,2795.000000,2061.000000,0.000000,0.000000,0.000000,0.000000,0.000000,0.000000,0.000000,0.000000,0.000000,-0.680000,9.380000,1.930000,0.420000,0.150000,-0.010000,39.000000,-17.000000,-18.750000
6.602000,153906.000000,16.000000,2527.000000,2701.000000,933.000000,2746.000000,1472.000000,0.000000,0.000000,0.000000,0.000000,0.000000,0.000000,0.000000,0.000000,0.000000,-0.680000,9.380000,1.930000,0.420000,0.150000,-0.010000,39.000000,-17.000000,-18.750000
6.604000,153907.000000,0.000000,2480.000000,2651.000000,710.000000,2719.000000,1274.000000,0.000000,0.000000,0.000000,0.000000,0.000000,0.000000,0.000000,0.000000,0.000000,-0.680000,9.380000,1.930000,0.420000,0.150000,-0.010000,39.000000,-17.000000,-18.750000
6.606000,153908.000000,0.000000,2416.000000,2605.000000,626.000000,2670.000000,1631.000000,0.000000,0.000000,0.000000,0.000000,0.000000,0.000000,0.000000,0.000000,0.000000,-0.680000,9.380000,1.930000,0.420000,0.150000,-0.010000,39.000000,-17.000000,-18.750000
6.608000,153909.000000,0.000000,2373.000000,2558.000000,702.000000,2624.000000,1792.000000,0.000000,0.000000,0.000000,0.000000,0.000000,0.000000,0.000000,0.000000,0.000000,-0.680000,9.380000,1.930000,0.420000,0.150000,-0.010000,39.000000,-17.000000,-18.750000
6.610000,153910.000000,757.000000,2378.000000,2494.000000,742.000000,2591.000000,1831.000000,0.000000,0.000000,0.000000,0.000000,0.000000,0.000000,0.000000,0.000000,0.000000,-0.690000,9.210000,1.880000,0.390000,0.140000,-0.010000,39.000000,-17.000000,-18.750000
6.612000,153911.000000,34.000000,2326.000000,2498.000000,809.000000,2544.000000,1935.000000,0.000000,0.000000,0.000000,0.000000,0.000000,0.000000,0.000000,0.000000,0.000000,-0.690000,9.210000,1.880000,0.390000,0.140000,-0.010000,39.000000,-17.000000,-18.750000
6.614000,153912.000000,44.000000,2320.000000,2448.000000,907.000000,2514.000000,2338.000000,0.000000,0.000000,0.000000,0.000000,0.000000,0.000000,0.000000,0.000000,0.000000,-0.690000,9.210000,1.880000,0.390000,0.140000,-0.010000,39.000000,-17.000000,-18.750000
6.616000,153913.000000,75.000000,2320.000000,2413.000000,1183.000000,2503.000000,2705.000000,0.000000,0.000000,0.000000,0.000000,0.000000,0.000000,0.000000,0.000000,0.000000,-0.690000,9.210000,1.880000,0.390000,0.140000,-0.010000,39.000000,-17.000000,-18.750000
6.618000,153914.000000,55.000000,2352.000000,2423.000000,1297.000000,2466.000000,2374.000000,0.000000,0.000000,0.000000,0.000000,0.000000,0.000000,0.000000,0.000000,0.000000,-0.690000,9.210000,1.880000,0.390000,0.140000,-0.010000,39.000000,-17.000000,-18.750000
6.620000,153915.000000,48.000000,2372.000000,2434.000000,1222.000000,2480.000000,1961.000000,0.000000,0.000000,0.000000,0.000000,0.000000,0.000000,0.000000,0.000000,0.000000,-0.690000,9.150000,2.000000,0.350000,0.130000,-0.020000,39.000000,-17.000000,-18.750000
6.622000,153916.000000,0.000000,2368.000000,2374.000000,941.000000,2457.000000,1401.000000,0.000000,0.000000,0.000000,0.000000,0.000000,0.000000,0.000000,0.000000,0.000000,-0.690000,9.150000,2.000000,0.350000,0.130000,-0.020000,39.000000,-17.000000,-18.750000
6.624000,153917.000000,0.000000,2304.000000,2368.000000,709.000000,2413.000000,1254.000000,0.000000,0.000000,0.000000,0.000000,0.000000,0.000000,0.000000,0.000000,0.000000,-0.690000,9.150000,2.000000,0.350000,0.130000,-0.020000,39.000000,-17.000000,-18.750000
6.626000,153918.000000,0.000000,2293.000000,2314.000000,606.000000,2345.000000,1584.000000,0.000000,0.000000,0.000000,0.000000,0.000000,0.000000,0.000000,0.000000,0.000000,-0.690000,9.150000,2.000000,0.350000,0.130000,-0.020000,39.000000,-17.000000,-18.750000
6.628000,153919.000000,0.000000,2222.000000,2271.000000,659.000000,2298.000000,1781.000000,0.000000,0.000000,0.000000,0.000000,0.000000,0.000000,0.000000,0.000000,0.000000,-0.690000,9.150000,2.000000,0.350000,0.130000,-0.020000,39.000000,-17.000000,-18.750000
6.630000,153920.000000,15.000000,2204.000000,2202.000000,750.000000,2261.000000,1826.000000,0.000000,0.000000,0.000000,0.000000,0.000000,0.000000,0.000000,0.000000,0.000000,-0.670000,9.220000,1.950000,0.300000,0.110000,-0.040000,39.000000,-17.000000,-18.750000
6.632000,153921.000000,15.000000,2192.000000,2207.000000,787.000000,2226.000000,1885.000000,0.000000,0.000000,0.000000,0.000000,0.000000,0.000000,0.000000,0.000000,0.000000,-0.670000,9.220000,1.950000,0.300000,0.110000,-0.040000,39.000000,-17.000000,-18.750000
6.634000,153922.000000,27.000000,2160.000000,2119.000000,900.000000,2214.000000,2203.000000,0.000000,0.000000,0.000000,0.000000,0.000000,0.000000,0.000000,0.000000,0.000000,-0.670000,9.220000,1.950000,0.300000,0.110000,-0.040000,39.000000,-17.000000,-18.750000
6.636000,153923.000000,51.000000,2174.000000,2135.000000,1190.000000,2191.000000,2432.000000,0.000000,0.000000,0.000000,0.000000,0.000000,0.000000,0.000000,0.000000,0.000000,-0.670000,9.220000,1.950000,0.300000,0.110000,-0.040000,39.000000,-17.000000,-18.750000
6.638000,153924.000000,38.000000,2173.000000,2151.000000,1264.000000,2194.000000,2273.000000,0.000000,0.000000,0.000000,0.000000,0.000000,0.000000,0.000000,0.000000,0.000000,-0.670000,9.220000,1.950000,0.300000,0.110000,-0.040000,39.000000,-17.000000,-18.750000
6.640000,153925.000000,107.000000,2189.000000,2128.000000,1211.000000,2176.000000,1877.000000,0.000000,0.000000,0.000000,0.000000,0.000000,0.000000,0.000000,0.000000,0.000000,-0.730000,9.260000,2.010000,0.250000,0.080000,-0.060000,40.060000,-18.060000,-16.750000
6.642000,153926.000000,0.000000,2129.000000,2121.000000,900.000000,2132.000000,1382.000000,0.000000,0.000000,0.000000,0.000000,0.000000,0.000000,0.000000,0.000000,0.000000,-0.730000,9.260000,2.010000,0.250000,0.080000,-0.060000,40.060000,-18.060000,-16.750000
6.644000,153927.000000,0.000000,2086.000000,2093.000000,686.000000,2104.000000,1200.000000,0.000000,0.000000,0.000000,0.000000,0.000000,0.000000,0.000000,0.000000,0.000000,-0.730000,9.260000,2.010000,0.250000,0.080000,-0.060000,40.060000,-18.060000,-16.750000
6.646000,153928.000000,0.000000,2034.000000,2029.000000,590.000000,2043.000000,1520.000000,0.000000,0.000000,0.000000,0.000000,0.000000,0.000000,0.000000,0.000000,0.000000,-0.730000,9.260000,2.010000,0.250000,0.080000,-0.060000,40.060000,-18.060000,-16.750000
6.648000,153929.000000,0.000000,1955.000000,2004.000000,640.000000,1962.000000,1835.000000,0.000000,0.000000,0.000000,0.000000,0.000000,0.000000,0.000000,0.000000,0.000000,-0.730000,9.260000,2.010000,0.250000,0.080000,-0.060000,40.060000,-18.060000,-16.750000
6.650000,153930.000000,606.000000,1887.000000,1974.000000,688.000000,1947.000000,1833.000000,0.000000,0.000000,0.000000,0.000000,0.000000,0.000000,0.000000,0.000000,0.000000,-0.790000,9.220000,2.040000,0.210000,0.060000,-0.090000,40.060000,-18.060000,-16.750000
6.652000,153931.000000,19.000000,1831.000000,1947.000000,756.000000,1922.000000,1840.000000,0.000000,0.000000,0.000000,0.000000,0.000000,0.000000,0.000000,0.000000,0.000000,-0.790000,9.220000,2.040000,0.210000,0.060000,-0.090000,40.060000,-18.060000,-16.750000
6.654000,153932.000000,22.000000,1750.000000,1936.000000,848.000000,1863.000000,2235.000000,0.000000,0.000000,0.000000,0.000000,0.000000,0.000000,0.000000,0.000000,0.000000,-0.790000,9.220000,2.040000,0.210000,0.060000,-0.090000,40.060000,-18.060000,-16.750000
6.656000,153933.000000,62.000000,1722.000000,1898.000000,1120.000000,1847.000000,2559.000000,0.000000,0.000000,0.000000,0.000000,0.000000,0.000000,0.000000,0.000000,0.000000,-0.790000,9.220000,2.040000,0.210000,0.060000,-0.090000,40.060000,-18.060000,-16.750000
6.658000,153934.000000,44.000000,1717.000000,1901.000000,1233.000000,1853.000000,2273.000000,0.000000,0.000000,0.000000,0.000000,0.000000,0.000000,0.000000,0.000000,0.000000,-0.790000,9.220000,2.040000,0.210000,0.060000,-0.090000,40.060000,-18.060000,-16.750000
6.660000,153935.000000,555.000000,1677.000000,1921.000000,1186.000000,1834.000000,1891.000000,0.000000,0.000000,0.000000,0.000000,0.000000,0.000000,0.000000,0.000000,0.000000,-0.780000,9.050000,2.160000,0.170000,0.060000,-0.110000,40.060000,-18.060000,-16.750000
6.662000,153936.000000,0.000000,1648.000000,1923.000000,876.000000,1808.000000,1310.000000,0.000000,0.000000,0.000000,0.000000,0.000000,0.000000,0.000000,0.000000,0.000000,-0.780000,9.050000,2.160000,0.170000,0.060000,-0.110000,40.060000,-18.060000,-16.750000
6.664000,153937.000000,0.000000,1552.000000,1891.000000,656.000000,1785.000000,1135.000000,0.000000,0.000000,0.000000,0.000000,0.000000,0.000000,0.000000,0.000000,0.000000,-0.780000,9.050000,2.160000,0.170000,0.060000,-0.110000,40.060000,-18.060000,-16.750000
6.666000,153938.000000,0.000000,1472.000000,1874.000000,567.000000,1741.000000,1474.000000,0.000000,0.000000,0.000000,0.000000,0.000000,0.000000,0.000000,0.000000,0.000000,-0.780000,9.050000,2.160000,0.170000,0.060000,-0.110000,40.060000,-18.060000,-16.750000
6.668000,153939.000000,0.000000,1367.000000,1827.000000,602.000000,1710.000000,1587.000000,0.000000,0.000000,0.000000,0.000000,0.000000,0.000000,0.000000,0.000000,0.000000,-0.780000,9.050000,2.160000,0.170000,0.060000,-0.110000,40.060000,-18.060000,-16.750000
6.670000,153940.000000,0.000000,1311.000000,1841.000000,690.000000,1712.000000,1680.000000,0.000000,0.000000,0.000000,0.000000,0.000000,0.000000,0.000000,0.000000,0.000000,-0.600000,9.050000,2.220000,0.130000,0.080000,-0.120000,40.060000,-18.060000,-16.750000
6.672000,153941.000000,0.000000,1241.000000,1472.000000,762.000000,1695.000000,1751.000000,0.000000,0.000000,0.000000,0.000000,0.000000,0.000000,0.000000,0.000000,0.000000,-0.600000,9.050000,2.220000,0.130000,0.080000,-0.120000,40.060000,-18.060000,-16.750000
6.674000,153942.000000,3.000000,1253.000000,944.000000,847.000000,1708.000000,2149.000000,0.000000,0.000000,0.000000,0.000000,0.000000,0.000000,0.000000,0.000000,0.000000,-0.600000,9.050000,2.220000,0.130000,0.080000,-0.120000,40.060000,-18.060000,-16.750000
6.676000,153943.000000,51.000000,1249.000000,922.000000,1142.000000,1712.000000,2479.000000,0.000000,0.000000,0.000000,0.000000,0.000000,0.000000,0.000000,0.000000,0.000000,-0.600000,9.050000,2.220000,0.130000,0.080000,-0.120000,40.060000,-18.060000,-16.750000
6.678000,153944.000000,36.000000,1231.000000,1245.000000,1275.000000,1734.000000,2231.000000,0.000000,0.000000,0.000000,0.000000,0.000000,0.000000,0.000000,0.000000,0.000000,-0.600000,9.050000,2.220000,0.130000,0.080000,-0.120000,40.060000,-18.060000,-16.750000
6.680000,153945.000000,11.000000,1188.000000,1603.000000,1201.000000,1712.000000,1799.000000,0.000000,0.000000,0.000000,0.000000,0.000000,0.000000,0.000000,0.000000,0.000000,-0.400000,9.150000,2.400000,0.090000,0.090000,-0.110000,40.060000,-18.060000,-16.750000
6.682000,153946.000000,0.000000,1072.000000,1811.000000,923.000000,1706.000000,1268.000000,0.000000,0.000000,0.000000,0.000000,0.000000,0.000000,0.000000,0.000000,0.000000,-0.400000,9.150000,2.400000,0.090000,0.090000,-0.110000,40.060000,-18.060000,-16.750000
6.684000,153947.000000,0.000000,934.000000,1798.000000,679.000000,1724.000000,1088.000000,0.000000,0.000000,0.000000,0.000000,0.000000,0.000000,0.000000,0.000000,0.000000,-0.400000,9.150000,2.400000,0.090000,0.090000,-0.110000,40.060000,-18.060000,-16.750000
6.686000,153948.000000,0.000000,781.000000,1679.000000,567.000000,1664.000000,1413.000000,0.000000,0.000000,0.000000,0.000000,0.000000,0.000000,0.000000,0.000000,0.000000,-0.400000,9.150000,2.400000,0.090000,0.090000,-0.110000,40.060000,-18.060000,-16.750000
6.688000,153949.000000,0.000000,720.000000,1610.000000,615.000000,1663.000000,1563.000000,0.000000,0.000000,0.000000,0.000000,0.000000,0.000000,0.000000,0.000000,0.000000,-0.400000,9.150000,2.400000,0.090000,0.090000,-0.110000,40.060000,-18.060000,-16.750000
6.690000,153950.000000,0.000000,683.000000,1566.000000,690.000000,1654.000000,1649.000000,0.000000,0.000000,0.000000,0.000000,0.000000,0.000000,0.000000,0.000000,0.000000,0.130000,9.570000,2.970000,0.060000,0.070000,-0.110000,39.000000,-18.380000,-16.750000
6.692000,153951.000000,0.000000,673.000000,1471.000000,754.000000,1650.000000,1749.000000,0.000000,0.000000,0.000000,0.000000,0.000000,0.000000,0.000000,0.000000,0.000000,0.130000,9.570000,2.970000,0.060000,0.070000,-0.110000,39.000000,-18.380000,-16.750000
6.694000,153952.000000,16.000000,657.000000,1449.000000,855.000000,1663.000000,2095.000000,0.000000,0.000000,0.000000,0.000000,0.000000,0.000000,0.000000,0.000000,0.000000,0.130000,9.570000,2.970000,0.060000,0.070000,-0.110000,39.000000,-18.380000,-16.750000
6.696000,153953.000000,49.000000,686.000000,1443.000000,1103.000000,1648.000000,2474.000000,0.000000,0.000000,0.000000,0.000000,0.000000,0.000000,0.000000,0.000000,0.000000,0.130000,9.570000,2.970000,0.060000,0.070000,-0.110000,39.000000,-18.380000,-16.750000
6.698000,153954.000000,25.000000,743.000000,1439.000000,1209.000000,1708.000000,2169.000000,0.000000,0.000000,0.000000,0.000000,0.000000,0.000000,0.000000,0.000000,0.000000,0.130000,9.570000,2.970000,0.060000,0.070000,-0.110000,39.000000,-18.380000,-16.750000
6.700000,153955.000000,241.000000,787.000000,1409.000000,1149.000000,1738.000000,1855.000000,0.000000,0.000000,0.000000,0.000000,0.000000,0.000000,0.000000,0.000000,0.000000,0.600000,9.780000,2.810000,0.040000,0.020000,-0.110000,39.000000,-18.380000,-16.750000
6.702000,153956.000000,0.000000,819.000000,1399.000000,819.000000,1748.000000,1203.000000,0.000000,0.000000,0.000000,0.000000,0.000000,0.000000,0.000000,0.000000,0.000000,0.600000,9.780000,2.810000,0.040000,0.020000,-0.110000,39.000000,-18.380000,-16.750000
6.704000,153957.000000,0.000000,803.000000,1382.000000,576.000000,1729.000000,1075.000000,0.000000,0.000000,0.000000,0.000000,0.000000,0.000000,0.000000,0.000000,0.000000,0.600000,9.780000,2.810000,0.040000,0.020000,-0.110000,39.000000,-18.380000,-16.750000
6.706000,153958.000000,0.000000,809.000000,1356.000000,480.000000,1715.000000,1392.000000,0.000000,0.000000,0.000000,0.000000,0.000000,0.000000,0.000000,0.000000,0.000000,0.600000,9.780000,2.810000,0.040000,0.020000,-0.110000,39.000000,-18.380000,-16.750000
6.708000,153959.000000,0.000000,827.000000,1335.000000,511.000000,1729.000000,1535.000000,0.000000,0.000000,0.000000,0.000000,0.000000,0.000000,0.000000,0.000000,0.000000,0.600000,9.780000,2.810000,0.040000,0.020000,-0.110000,39.000000,-18.380000,-16.750000
6.710000,153960.000000,0.000000,811.000000,1296.000000,582.000000,1693.000000,1611.000000,0.000000,0.000000,0.000000,0.000000,0.000000,0.000000,0.000000,0.000000,0.000000,0.420000,9.850000,4.310000,0.050000,-0.080000,-0.090000,39.000000,-18.380000,-16.750000
6.712000,153961.000000,0.000000,832.000000,1317.000000,652.000000,1712.000000,1711.000000,0.000000,0.000000,0.000000,0.000000,0.000000,0.000000,0.000000,0.000000,0.000000,0.420000,9.850000,4.310000,0.050000,-0.080000,-0.090000,39.000000,-18.380000,-16.750000
6.714000,153962.000000,0.000000,849.000000,1346.000000,740.000000,1733.000000,2126.000000,0.000000,0.000000,0.000000,0.000000,0.000000,0.000000,0.000000,0.000000,0.000000,0.420000,9.850000,4.310000,0.050000,-0.080000,-0.090000,39.000000,-18.380000,-16.750000
6.716000,153963.000000,50.000000,895.000000,1374.000000,1039.000000,1745.000000,2507.000000,0.000000,0.000000,0.000000,0.000000,0.000000,0.000000,0.000000,0.000000,0.000000,0.420000,9.850000,4.310000,0.050000,-0.080000,-0.090000,39.000000,-18.380000,-16.750000
6.718000,153964.000000,29.000000,989.000000,1419.000000,1168.000000,1823.000000,2213.000000,0.000000,0.000000,0.000000,0.000000,0.000000,0.000000,0.000000,0.000000,0.000000,0.420000,9.850000,4.310000,0.050000,-0.080000,-0.090000,39.000000,-18.380000,-16.750000
6.720000,153965.000000,313.000000,1040.000000,1473.000000,1097.000000,1839.000000,1859.000000,0.000000,0.000000,0.000000,0.000000,0.000000,0.000000,0.000000,0.000000,0.000000,0.600000,10.090000,4.410000,0.000000,-0.070000,-0.070000,39.000000,-18.380000,-16.750000
6.722000,153966.000000,0.000000,1087.000000,1477.000000,811.000000,1870.000000,1249.000000,0.000000,0.000000,0.000000,0.000000,0.000000,0.000000,0.000000,0.000000,0.000000,0.600000,10.090000,4.410000,0.000000,-0.070000,-0.070000,39.000000,-18.380000,-16.750000
6.724000,153967.000000,0.000000,1119.000000,1497.000000,583.000000,1851.000000,1093.000000,0.000000,0.000000,0.000000,0.000000,0.000000,0.000000,0.000000,0.000000,0.000000,0.600000,10.090000,4.410000,0.000000,-0.070000,-0.070000,39.000000,-18.380000,-16.750000
6.726000,153968.000000,0.000000,1131.000000,1498.000000,480.000000,1853.000000,1419.000000,0.000000,0.000000,0.000000,0.000000,0.000000,0.000000,0.000000,0.000000,0.000000,0.600000,10.090000,4.410000,0.000000,-0.070000,-0.070000,39.000000,-18.380000,-16.750000
6.728000,153969.000000,0.000000,1158.000000,1490.000000,552.000000,1859.000000,1595.000000,0.000000,0.000000,0.000000,0.000000,0.000000,0.000000,0.000000,0.000000,0.000000,0.600000,10.090000,4.410000,0.000000,-0.070000,-0.070000,39.000000,-18.380000,-16.750000
6.730000,153970.000000,0.000000,1193.000000,1535.000000,602.000000,1872.000000,1670.000000,0.000000,0.000000,0.000000,0.000000,0.000000,0.000000,0.000000,0.000000,0.000000,0.160000,9.960000,4.860000,-0.010000,-0.080000,-0.020000,39.000000,-18.380000,-16.750000
6.732000,153971.000000,0.000000,1220.000000,1607.000000,672.000000,1859.000000,1792.000000,0.000000,0.000000,0.000000,0.000000,0.000000,0.000000,0.000000,0.000000,0.000000,0.160000,9.960000,4.860000,-0.010000,-0.080000,-0.020000,39.000000,-18.380000,-16.750000
6.734000,153972.000000,8.000000,1264.000000,1616.000000,773.000000,1898.000000,2143.000000,0.000000,0.000000,0.000000,0.000000,0.000000,0.000000,0.000000,0.000000,0.000000,0.160000,9.960000,4.860000,-0.010000,-0.080000,-0.020000,39.000000,-18.380000,-16.750000
6.736000,153973.000000,56.000000,1326.000000,1681.000000,1067.000000,1962.000000,2539.000000,0.000000,0.000000,0.000000,0.000000,0.000000,0.000000,0.000000,0.000000,0.000000,0.160000,9.960000,4.860000,-0.010000,-0.080000,-0.020000,39.000000,-18.380000,-16.750000
6.738000,153974.000000,33.000000,1387.000000,1705.000000,1199.000000,1968.000000,2260.000000,0.000000,0.000000,0.000000,0.000000,0.000000,0.000000,0.000000,0.000000,0.000000,0.160000,9.960000,4.860000,-0.010000,-0.080000,-0.020000,39.000000,-18.380000,-16.750000
6.740000,153975.000000,42.000000,1474.000000,1739.000000,1132.000000,2023.000000,1863.000000,0.000000,0.000000,0.000000,0.000000,0.000000,0.000000,0.000000,0.000000,0.000000,0.220000,9.630000,4.700000,-0.060000,-0.080000,0.040000,40.500000,-18.380000,-16.750000
6.742000,153976.000000,0.000000,1535.000000,1785.000000,823.000000,2061.000000,1296.000000,0.000000,0.000000,0.000000,0.000000,0.000000,0.000000,0.000000,0.000000,0.000000,0.220000,9.630000,4.700000,-0.060000,-0.080000,0.040000,40.500000,-18.380000,-16.750000
6.744000,153977.000000,0.000000,1524.000000,1791.000000,601.000000,2058.000000,1136.000000,0.000000,0.000000,0.000000,0.000000,0.000000,0.000000,0.000000,0.000000,0.000000,0.220000,9.630000,4.700000,-0.060000,-0.080000,0.040000,40.500000,-18.380000,-16.750000
6.746000,153978.000000,0.000000,1561.000000,1764.000000,530.000000,2032.000000,1477.000000,0.000000,0.000000,0.000000,0.000000,0.000000,0.000000,0.000000,0.000000,0.000000,0.220000,9.630000,4.700000,-0.060000,-0.080000,0.040000,40.500000,-18.380000,-16.750000
6.748000,153979.000000,0.000000,1567.000000,1751.000000,565.000000,2024.000000,1642.000000,0.000000,0.000000,0.000000,0.000000,0.000000,0.000000,0.000000,0.000000,0.000000,0.220000,9.630000,4.700000,-0.060000,-0.080000,0.040000,40.500000,-18.380000,-16.750000
6.750000,153980.000000,471.000000,1573.000000,1714.000000,656.000000,2062.000000,1701.000000,0.000000,0.000000,0.000000,0.000000,0.000000,0.000000,0.000000,0.000000,0.000000,0.280000,9.320000,4.370000,-0.130000,-0.040000,0.060000,40.500000,-18.380000,-16.750000
6.752000,153981.000000,33.000000,1606.000000,1726.000000,720.000000,2081.000000,1809.000000,0.000000,0.000000,0.000000,0.000000,0.000000,0.000000,0.000000,0.000000,0.000000,0.280000,9.320000,4.370000,-0.130000,-0.040000,0.060000,40.500000,-18.380000,-16.750000
6.754000,153982.000000,16.000000,1642.000000,1741.000000,819.000000,2096.000000,2208.000000,0.000000,0.000000,0.000000,0.000000,0.000000,0.000000,0.000000,0.000000,0.000000,0.280000,9.320000,4.370000,-0.130000,-0.040000,0.060000,40.500000,-18.380000,-16.750000
6.756000,153983.000000,62.000000,1711.000000,1728.000000,1094.000000,2128.000000,2581.000000,0.000000,0.000000,0.000000,0.000000,0.000000,0.000000,0.000000,0.000000,0.000000,0.280000,9.320000,4.370000,-0.130000,-0.040000,0.060000,40.500000,-18.380000,-16.750000
6.758000,153984.000000,48.000000,1782.000000,1754.000000,1238.000000,2157.000000,2305.000000,0.000000,0.000000,0.000000,0.000000,0.000000,0.000000,0.000000,0.000000,0.000000,0.280000,9.320000,4.370000,-0.130000,-0.040000,0.060000,40.500000,-18.380000,-16.750000
6.760000,153985.000000,48.000000,1852.000000,1743.000000,1169.000000,2206.000000,1922.000000,0.000000,0.000000,0.000000,0.000000,0.000000,0.000000,0.000000,0.000000,0.000000,0.230000,8.990000,4.060000,-0.180000,0.070000,0.050000,40.500000,-18.380000,-16.750000
6.762000,153986.000000,0.000000,1867.000000,1737.000000,862.000000,2224.000000,1347.000000,0.000000,0.000000,0.000000,0.000000,0.000000,0.000000,0.000000,0.000000,0.000000,0.230000,8.990000,4.060000,-0.180000,0.070000,0.050000,40.500000,-18.380000,-16.750000
6.764000,153987.000000,0.000000,1892.000000,1760.000000,655.000000,2180.000000,1173.000000,0.000000,0.000000,0.000000,0.000000,0.000000,0.000000,0.000000,0.000000,0.000000,0.230000,8.990000,4.060000,-0.180000,0.070000,0.050000,40.500000,-18.380000,-16.750000
6.766000,153988.000000,0.000000,1874.000000,1751.000000,565.000000,2158.000000,1514.000000,0.000000,0.000000,0.000000,0.000000,0.000000,0.000000,0.000000,0.000000,0.000000,0.230000,8.990000,4.060000,-0.180000,0.070000,0.050000,40.500000,-18.380000,-16.750000
6.768000,153989.000000,0.000000,1861.000000,1735.000000,605.000000,2181.000000,1668.000000,0.000000,0.000000,0.000000,0.000000,0.000000,0.000000,0.000000,0.000000,0.000000,0.230000,8.990000,4.060000,-0.180000,0.070000,0.050000,40.500000,-18.380000,-16.750000
6.770000,153990.000000,589.000000,1847.000000,1731.000000,661.000000,2142.000000,1733.000000,0.000000,0.000000,0.000000,0.000000,0.000000,0.000000,0.000000,0.000000,0.000000,0.160000,8.600000,3.270000,-0.240000,0.240000,0.030000,40.500000,-18.380000,-16.750000
6.772000,153991.000000,25.000000,1867.000000,1806.000000,745.000000,2122.000000,1839.000000,0.000000,0.000000,0.000000,0.000000,0.000000,0.000000,0.000000,0.000000,0.000000,0.160000,8.600000,3.270000,-0.240000,0.240000,0.030000,40.500000,-18.380000,-16.750000
6.774000,153992.000000,21.000000,1866.000000,1798.000000,848.000000,2106.000000,2213.000000,0.000000,0.000000,0.000000,0.000000,0.000000,0.000000,0.000000,0.000000,0.000000,0.160000,8.600000,3.270000,-0.240000,0.240000,0.030000,40.500000,-18.380000,-16.750000
6.776000,153993.000000,65.000000,1862.000000,1829.000000,1123.000000,2114.000000,2624.000000,0.000000,0.000000,0.000000,0.000000,0.000000,0.000000,0.000000,0.000000,0.000000,0.160000,8.600000,3.270000,-0.240000,0.240000,0.030000,40.500000,-18.380000,-16.750000
6.778000,153994.000000,47.000000,1904.000000,1846.000000,1233.000000,2141.000000,2320.000000,0.000000,0.000000,0.000000,0.000000,0.000000,0.000000,0.000000,0.000000,0.000000,0.160000,8.600000,3.270000,-0.240000,0.240000,0.030000,40.500000,-18.380000,-16.750000
6.780000,153995.000000,38.000000,1925.000000,1935.000000,1172.000000,2173.000000,1886.000000,0.000000,0.000000,0.000000,0.000000,0.000000,0.000000,0.000000,0.000000,0.000000,-0.150000,8.680000,2.810000,-0.320000,0.440000,0.010000,40.500000,-18.380000,-16.750000
6.782000,153996.000000,0.000000,1920.000000,1969.000000,877.000000,2167.000000,1360.000000,0.000000,0.000000,0.000000,0.000000,0.000000,0.000000,0.000000,0.000000,0.000000,-0.150000,8.680000,2.810000,-0.320000,0.440000,0.010000,40.500000,-18.380000,-16.750000
6.784000,153997.000000,0.000000,1872.000000,1975.000000,656.000000,2130.000000,1175.000000,0.000000,0.000000,0.000000,0.000000,0.000000,0.000000,0.000000,0.000000,0.000000,-0.150000,8.680000,2.810000,-0.320000,0.440000,0.010000,40.500000,-18.380000,-16.750000
6.786000,153998.000000,0.000000,1829.000000,1982.000000,556.000000,2103.000000,1502.000000,0.000000,0.000000,0.000000,0.000000,0.000000,0.000000,0.000000,0.000000,0.000000,-0.150000,8.680000,2.810000,-0.320000,0.440000,0.010000,40.500000,-18.380000,-16.750000
6.788000,153999.000000,0.000000,1745.000000,2000.000000,588.000000,2080.000000,1680.000000,0.000000,0.000000,0.000000,0.000000,0.000000,0.000000,0.000000,0.000000,0.000000,-0.150000,8.680000,2.810000,-0.320000,0.440000,0.010000,40.500000,-18.380000,-16.750000
6.790000,154000.000000,29.000000,1735.000000,2031.000000,662.000000,2045.000000,1776.000000,0.000000,0.000000,0.000000,0.000000,0.000000,0.000000,0.000000,0.000000,0.000000,-0.640000,8.830000,2.390000,-0.380000,0.610000,0.000000,39.000000,-18.750000,-16.750000
6.792000,154001.000000,6.000000,1694.000000,2037.000000,734.000000,2064.000000,1834.000000,0.000000,0.000000,0.000000,0.000000,0.000000,0.000000,0.000000,0.000000,0.000000,-0.640000,8.830000,2.390000,-0.380000,0.610000,0.000000,39.000000,-18.750000,-16.750000
6.794000,154002.000000,37.000000,1648.000000,2064.000000,833.000000,2066.000000,2195.000000,0.000000,0.000000,0.000000,0.000000,0.000000,0.000000,0.000000,0.000000,0.000000,-0.640000,8.830000,2.390000,-0.380000,0.610000,0.000000,39.000000,-18.750000,-16.750000
6.796000,154003.000000,62.000000,1655.000000,2077.000000,1099.000000,2075.000000,2608.000000,0.000000,0.000000,0.000000,0.000000,0.000000,0.000000,0.000000,0.000000,0.000000,-0.640000,8.830000,2.390000,-0.380000,0.610000,0.000000,39.000000,-18.750000,-16.750000
6.798000,154004.000000,48.000000,1675.000000,2128.000000,1232.000000,2096.000000,2297.000000,0.000000,0.000000,0.000000,0.000000,0.000000,0.000000,0.000000,0.000000,0.000000,-0.640000,8.830000,2.390000,-0.380000,0.610000,0.000000,39.000000,-18.750000,-16.750000
6.800000,154005.000000,12.000000,1652.000000,2130.000000,1121.000000,2102.000000,1890.000000,0.000000,0.000000,0.000000,0.000000,0.000000,0.000000,0.000000,0.000000,0.000000,-1.150000,8.950000,2.290000,-0.410000,0.630000,-0.020000,39.000000,-18.750000,-16.750000
6.802000,154006.000000,0.000000,1655.000000,2175.000000,815.000000,2091.000000,1339.000000,0.000000,0.000000,0.000000,0.000000,0.000000,0.000000,0.000000,0.000000,0.000000,-1.150000,8.950000,2.290000,-0.410000,0.630000,-0.020000,39.000000,-18.750000,-16.750000
6.804000,154007.000000,0.000000,1599.000000,2151.000000,573.000000,2098.000000,1183.000000,0.000000,0.000000,0.000000,0.000000,0.000000,0.000000,0.000000,0.000000,0.000000,-1.150000,8.950000,2.290000,-0.410000,0.630000,-0.020000,39.000000,-18.750000,-16.750000
6.806000,154008.000000,0.000000,1535.000000,2126.000000,521.000000,2032.000000,1509.000000,0.000000,0.000000,0.000000,0.000000,0.000000,0.000000,0.000000,0.000000,0.000000,-1.150000,8.950000,2.290000,-0.410000,0.630000,-0.020000,39.000000,-18.750000,-16.750000
6.808000,154009.000000,0.000000,1505.000000,2091.000000,570.000000,2007.000000,1627.000000,0.000000,0.000000,0.000000,0.000000,0.000000,0.000000,0.000000,0.000000,0.000000,-1.150000,8.950000,2.290000,-0.410000,0.630000,-0.020000,39.000000,-18.750000,-16.750000
6.810000,154010.000000,64.000000,1488.000000,2077.000000,634.000000,1997.000000,1669.000000,0.000000,0.000000,0.000000,0.000000,0.000000,0.000000,0.000000,0.000000,0.000000,-2.220000,9.250000,2.340000,-0.420000,0.520000,-0.030000,39.000000,-18.750000,-16.750000
6.812000,154011.000000,0.000000,1456.000000,2085.000000,714.000000,1961.000000,1774.000000,0.000000,0.000000,0.000000,0.000000,0.000000,0.000000,0.000000,0.000000,0.000000,-2.220000,9.250000,2.340000,-0.420000,0.520000,-0.030000,39.000000,-18.750000,-16.750000
6.814000,154012.000000,15.000000,1426.000000,2064.000000,802.000000,1946.000000,2145.000000,0.000000,0.000000,0.000000,0.000000,0.000000,0.000000,0.000000,0.000000,0.000000,-2.220000,9.250000,2.340000,-0.420000,0.520000,-0.030000,39.000000,-18.750000,-16.750000
6.816000,154013.000000,61.000000,1457.000000,2064.000000,1115.000000,1947.000000,2607.000000,0.000000,0.000000,0.000000,0.000000,0.000000,0.000000,0.000000,0.000000,0.000000,-2.220000,9.250000,2.340000,-0.420000,0.520000,-0.030000,39.000000,-18.750000,-16.750000
6.818000,154014.000000,33.000000,1495.000000,2065.000000,1215.000000,1989.000000,2321.000000,0.000000,0.000000,0.000000,0.000000,0.000000,0.000000,0.000000,0.000000,0.000000,-2.220000,9.250000,2.340000,-0.420000,0.520000,-0.030000,39.000000,-18.750000,-16.750000
6.820000,154015.000000,493.000000,1515.000000,2066.000000,1117.000000,1983.000000,1942.000000,0.000000,0.000000,0.000000,0.000000,0.000000,0.000000,0.000000,0.000000,0.000000,-2.720000,9.400000,2.470000,-0.430000,0.350000,-0.050000,39.000000,-18.750000,-16.750000
6.822000,154016.000000,0.000000,1561.000000,2079.000000,857.000000,2025.000000,1335.000000,0.000000,0.000000,0.000000,0.000000,0.000000,0.000000,0.000000,0.000000,0.000000,-2.720000,9.400000,2.470000,-0.430000,0.350000,-0.050000,39.000000,-18.750000,-16.750000
6.824000,154017.000000,0.000000,1552.000000,2009.000000,630.000000,1956.000000,1146.000000,0.000000,0.000000,0.000000,0.000000,0.000000,0.000000,0.000000,0.000000,0.000000,-2.720000,9.400000,2.470000,-0.430000,0.350000,-0.050000,39.000000,-18.750000,-16.750000
6.826000,154018.000000,0.000000,1533.000000,1972.000000,577.000000,1932.000000,1460.000000,0.000000,0.000000,0.000000,0.000000,0.000000,0.000000,0.000000,0.000000,0.000000,-2.720000,9.400000,2.470000,-0.430000,0.350000,-0.050000,39.000000,-18.750000,-16.750000
6.828000,154019.000000,0.000000,1554.000000,1946.000000,635.000000,1877.000000,1655.000000,0.000000,0.000000,0.000000,0.000000,0.000000,0.000000,0.000000,0.000000,0.000000,-2.720000,9.400000,2.470000,-0.430000,0.350000,-0.050000,39.000000,-18.750000,-16.750000
6.830000,154020.000000,45.000000,1595.000000,1873.000000,712.000000,1825.000000,1726.000000,0.000000,0.000000,0.000000,0.000000,0.000000,0.000000,0.000000,0.000000,0.000000,-3.020000,9.510000,2.600000,-0.430000,0.200000,-0.060000,39.000000,-18.750000,-16.750000
6.832000,154021.000000,5.000000,1610.000000,1841.000000,781.000000,1808.000000,1817.000000,0.000000,0.000000,0.000000,0.000000,0.000000,0.000000,0.000000,0.000000,0.000000,-3.020000,9.510000,2.600000,-0.430000,0.200000,-0.060000,39.000000,-18.750000,-16.750000
6.834000,154022.000000,16.000000,1659.000000,1806.000000,867.000000,1802.000000,2173.000000,0.000000,0.000000,0.000000,0.000000,0.000000,0.000000,0.000000,0.000000,0.000000,-3.020000,9.510000,2.600000,-0.430000,0.200000,-0.060000,39.000000,-18.750000,-16.750000
6.836000,154023.000000,55.000000,1692.000000,1763.000000,1169.000000,1794.000000,2556.000000,0.000000,0.000000,0.000000,0.000000,0.000000,0.000000,0.000000,0.000000,0.000000,-3.020000,9.510000,2.600000,-0.430000,0.200000,-0.060000,39.000000,-18.750000,-16.750000
6.838000,154024.000000,45.000000,1802.000000,1776.000000,1294.000000,1806.000000,2277.000000,0.000000,0.000000,0.000000,0.000000,0.000000,0.000000,0.000000,0.000000,0.000000,-3.020000,9.510000,2.600000,-0.430000,0.200000,-0.060000,39.000000,-18.750000,-16.750000
6.840000,154025.000000,52.000000,1872.000000,1742.000000,1187.000000,1838.000000,1897.000000,0.000000,0.000000,0.000000,0.000000,0.000000,0.000000,0.000000,0.000000,0.000000,-3.040000,9.480000,2.770000,-0.430000,0.090000,-0.090000,39.000000,-17.690000,-17.190000
6.842000,154026.000000,0.000000,1954.000000,1738.000000,906.000000,1786.000000,1335.000000,0.000000,0.000000,0.000000,0.000000,0.000000,0.000000,0.000000,0.000000,0.000000,-3.040000,9.480000,2.770000,-0.430000,0.090000,-0.090000,39.000000,-17.690000,-17.190000
6.844000,154027.000000,0.000000,1990.000000,1680.000000,715.000000,1761.000000,1163.000000,0.000000,0.000000,0.000000,0.000000,0.000000,0.000000,0.000000,0.000000,0.000000,-3.040000,9.480000,2.770000,-0.430000,0.090000,-0.090000,39.000000,-17.690000,-17.190000
6.846000,154028.000000,0.000000,1995.000000,1647.000000,615.000000,1721.000000,1441.000000,0.000000,0.000000,0.000000,0.000000,0.000000,0.000000,0.000000,0.000000,0.000000,-3.040000,9.480000,2.770000,-0.430000,0.090000,-0.090000,39.000000,-17.690000,-17.190000
6.848000,154029.000000,0.000000,2017.000000,1579.000000,676.000000,1680.000000,1637.000000,0.000000,0.000000,0.000000,0.000000,0.000000,0.000000,0.000000,0.000000,0.000000,-3.040000,9.480000,2.770000,-0.430000,0.090000,-0.090000,39.000000,-17.690000,-17.190000
6.850000,154030.000000,15.000000,2054.000000,1529.000000,745.000000,1651.000000,1719.000000,0.000000,0.000000,0.000000,0.000000,0.000000,0.000000,0.000000,0.000000,0.000000,-2.260000,9.380000,2.940000,-0.420000,0.060000,-0.120000,39.000000,-17.690000,-17.190000
6.852000,154031.000000,1.000000,2099.000000,1535.000000,823.000000,1625.000000,1795.000000,0.000000,0.000000,0.000000,0.000000,0.000000,0.000000,0.000000,0.000000,0.000000,-2.260000,9.380000,2.940000,-0.420000,0.060000,-0.120000,39.000000,-17.690000,-17.190000
6.854000,154032.000000,31.000000,2137.000000,1491.000000,917.000000,1567.000000,2181.000000,0.000000,0.000000,0.000000,0.000000,0.000000,0.000000,0.000000,0.000000,0.000000,-2.260000,9.380000,2.940000,-0.420000,0.060000,-0.120000,39.000000,-17.690000,-17.190000
6.856000,154033.000000,65.000000,2176.000000,1456.000000,1231.000000,1568.000000,2603.000000,0.000000,0.000000,0.000000,0.000000,0.000000,0.000000,0.000000,0.000000,0.000000,-2.260000,9.380000,2.940000,-0.420000,0.060000,-0.120000,39.000000,-17.690000,-17.190000
6.858000,154034.000000,48.000000,2262.000000,1483.000000,1307.000000,1578.000000,2272.000000,0.000000,0.000000,0.000000,0.000000,0.000000,0.000000,0.000000,0.000000,0.000000,-2.260000,9.380000,2.940000,-0.420000,0.060000,-0.120000,39.000000,-17.690000,-17.190000
6.860000,154035.000000,757.000000,2303.000000,1510.000000,1211.000000,1615.000000,1936.000000,0.000000,0.000000,0.000000,0.000000,0.000000,0.000000,0.000000,0.000000,0.000000,-1.600000,9.370000,2.810000,-0.400000,0.080000,-0.160000,39.000000,-17.690000,-17.190000
6.862000,154036.000000,0.000000,2348.000000,1553.000000,935.000000,1787.000000,1325.000000,0.000000,0.000000,0.000000,0.000000,0.000000,0.000000,0.000000,0.000000,0.000000,-1.600000,9.370000,2.810000,-0.400000,0.080000,-0.160000,39.000000,-17.690000,-17.190000
6.864000,154037.000000,0.000000,2370.000000,1523.000000,683.000000,1567.000000,1168.000000,0.000000,0.000000,0.000000,0.000000,0.000000,0.000000,0.000000,0.000000,0.000000,-1.600000,9.370000,2.810000,-0.400000,0.080000,-0.160000,39.000000,-17.690000,-17.190000
6.866000,154038.000000,0.000000,2373.000000,1535.000000,611.000000,1535.000000,1474.000000,0.000000,0.000000,0.000000,0.000000,0.000000,0.000000,0.000000,0.000000,0.000000,-1.600000,9.370000,2.810000,-0.400000,0.080000,-0.160000,39.000000,-17.690000,-17.190000
6.868000,154039.000000,0.000000,2313.000000,1509.000000,657.000000,1500.000000,1648.000000,0.000000,0.000000,0.000000,0.000000,0.000000,0.000000,0.000000,0.000000,0.000000,-1.600000,9.370000,2.810000,-0.400000,0.080000,-0.160000,39.000000,-17.690000,-17.190000
6.870000,154040.000000,732.000000,2317.000000,1529.000000,751.000000,1482.000000,1718.000000,0.000000,0.000000,0.000000,0.000000,0.000000,0.000000,0.000000,0.000000,0.000000,-1.020000,9.360000,2.640000,-0.370000,0.110000,-0.180000,39.000000,-17.690000,-17.190000
6.872000,154041.000000,32.000000,2320.000000,1507.000000,784.000000,1478.000000,1791.000000,0.000000,0.000000,0.000000,0.000000,0.000000,0.000000,0.000000,0.000000,0.000000,-1.020000,9.360000,2.640000,-0.370000,0.110000,-0.180000,39.000000,-17.690000,-17.190000
6.874000,154042.000000,23.000000,2325.000000,1531.000000,899.000000,1456.000000,2173.000000,0.000000,0.000000,0.000000,0.000000,0.000000,0.000000,0.000000,0.000000,0.000000,-1.020000,9.360000,2.640000,-0.370000,0.110000,-0.180000,39.000000,-17.690000,-17.190000
6.876000,154043.000000,70.000000,2322.000000,1521.000000,1205.000000,1455.000000,2608.000000,0.000000,0.000000,0.000000,0.000000,0.000000,0.000000,0.000000,0.000000,0.000000,-1.020000,9.360000,2.640000,-0.370000,0.110000,-0.180000,39.000000,-17.690000,-17.190000
6.878000,154044.000000,48.000000,2384.000000,1574.000000,1285.000000,1488.000000,2336.000000,0.000000,0.000000,0.000000,0.000000,0.000000,0.000000,0.000000,0.000000,0.000000,-1.020000,9.360000,2.640000,-0.370000,0.110000,-0.180000,39.000000,-17.690000,-17.190000
6.880000,154045.000000,61.000000,2413.000000,1599.000000,1168.000000,1508.000000,1906.000000,0.000000,0.000000,0.000000,0.000000,0.000000,0.000000,0.000000,0.000000,0.000000,0.180000,9.490000,2.390000,-0.340000,0.110000,-0.190000,39.000000,-17.690000,-17.190000
6.882000,154046.000000,0.000000,2418.000000,1637.000000,882.000000,1520.000000,1318.000000,0.000000,0.000000,0.000000,0.000000,0.000000,0.000000,0.000000,0.000000,0.000000,0.180000,9.490000,2.390000,-0.340000,0.110000,-0.190000,39.000000,-17.690000,-17.190000
6.884000,154047.000000,0.000000,2443.000000,1649.000000,665.000000,1499.000000,1158.000000,0.000000,0.000000,0.000000,0.000000,0.000000,0.000000,0.000000,0.000000,0.000000,0.180000,9.490000,2.390000,-0.340000,0.110000,-0.190000,39.000000,-17.690000,-17.190000
6.886000,154048.000000,0.000000,2397.000000,1633.000000,559.000000,1477.000000,1474.000000,0.000000,0.000000,0.000000,0.000000,0.000000,0.000000,0.000000,0.000000,0.000000,0.180000,9.490000,2.390000,-0.340000,0.110000,-0.190000,39.000000,-17.690000,-17.190000
6.888000,154049.000000,0.000000,2403.000000,1631.000000,624.000000,1471.000000,1621.000000,0.000000,0.000000,0.000000,0.000000,0.000000,0.000000,0.000000,0.000000,0.000000,0.180000,9.490000,2.390000,-0.340000,0.110000,-0.190000,39.000000,-17.690000,-17.190000
6.890000,154050.000000,62.000000,2384.000000,1630.000000,715.000000,1444.000000,1733.000000,0.000000,0.000000,0.000000,0.000000,0.000000,0.000000,0.000000,0.000000,0.000000,0.770000,9.570000,2.400000,-0.300000,0.080000,-0.200000,39.000000,-19.190000,-15.880000
6.892000,154051.000000,15.000000,2431.000000,1645.000000,772.000000,1434.000000,1810.000000,0.000000,0.000000,0.000000,0.000000,0.000000,0.000000,0.000000,0.000000,0.000000,0.770000,9.570000,2.400000,-0.300000,0.080000,-0.200000,39.000000,-19.190000,-15.880000
6.894000,154052.000000,48.000000,2442.000000,1675.000000,870.000000,1456.000000,2169.000000,0.000000,0.000000,0.000000,0.000000,0.000000,0.000000,0.000000,0.000000,0.000000,0.770000,9.570000,2.400000,-0.300000,0.080000,-0.200000,39.000000,-19.190000,-15.880000
6.896000,154053.000000,64.000000,2483.000000,1670.000000,1169.000000,1466.000000,2602.000000,0.000000,0.000000,0.000000,0.000000,0.000000,0.000000,0.000000,0.000000,0.000000,0.770000,9.570000,2.400000,-0.300000,0.080000,-0.200000,39.000000,-19.190000,-15.880000
6.898000,154054.000000,59.000000,2559.000000,1734.000000,1255.000000,1497.000000,2339.000000,0.000000,0.000000,0.000000,0.000000,0.000000,0.000000,0.000000,0.000000,0.000000,0.770000,9.570000,2.400000,-0.300000,0.080000,-0.200000,39.000000,-19.190000,-15.880000
6.900000,154055.000000,855.000000,2621.000000,1762.000000,1179.000000,1520.000000,2015.000000,0.000000,0.000000,0.000000,0.000000,0.000000,0.000000,0.000000,0.000000,0.000000,1.160000,9.700000,2.360000,-0.270000,0.070000,-0.190000,39.000000,-19.190000,-15.880000
6.902000,154056.000000,2.000000,2678.000000,1808.000000,873.000000,1532.000000,1325.000000,0.000000,0.000000,0.000000,0.000000,0.000000,0.000000,0.000000,0.000000,0.000000,1.160000,9.700000,2.360000,-0.270000,0.070000,-0.190000,39.000000,-19.190000,-15.880000
6.904000,154057.000000,0.000000,2674.000000,1837.000000,665.000000,1511.000000,1195.000000,0.000000,0.000000,0.000000,0.000000,0.000000,0.000000,0.000000,0.000000,0.000000,1.160000,9.700000,2.360000,-0.270000,0.070000,-0.190000,39.000000,-19.190000,-15.880000
6.906000,154058.000000,0.000000,2639.000000,1810.000000,585.000000,1488.000000,1517.000000,0.000000,0.000000,0.000000,0.000000,0.000000,0.000000,0.000000,0.000000,0.000000,1.160000,9.700000,2.360000,-0.270000,0.070000,-0.190000,39.000000,-19.190000,-15.880000
6.908000,154059.000000,0.000000,2640.000000,1837.000000,627.000000,1486.000000,1683.000000,0.000000,0.000000,0.000000,0.000000,0.000000,0.000000,0.000000,0.000000,0.000000,1.160000,9.700000,2.360000,-0.270000,0.070000,-0.190000,39.000000,-19.190000,-15.880000
6.910000,154060.000000,137.000000,2671.000000,1841.000000,709.000000,1499.000000,1738.000000,0.000000,0.000000,0.000000,0.000000,0.000000,0.000000,0.000000,0.000000,0.000000,1.310000,9.820000,2.250000,-0.240000,0.120000,-0.170000,39.000000,-19.190000,-15.880000
6.912000,154061.000000,10.000000,2650.000000,1845.000000,782.000000,1477.000000,1842.000000,0.000000,0.000000,0.000000,0.000000,0.000000,0.000000,0.000000,0.000000,0.000000,1.310000,9.820000,2.250000,-0.240000,0.120000,-0.170000,39.000000,-19.190000,-15.880000
6.914000,154062.000000,31.000000,2671.000000,1883.000000,868.000000,1507.000000,2208.000000,0.000000,0.000000,0.000000,0.000000,0.000000,0.000000,0.000000,0.000000,0.000000,1.310000,9.820000,2.250000,-0.240000,0.120000,-0.170000,39.000000,-19.190000,-15.880000
6.916000,154063.000000,80.000000,2675.000000,1941.000000,1179.000000,1533.000000,2661.000000,0.000000,0.000000,0.000000,0.000000,0.000000,0.000000,0.000000,0.000000,0.000000,1.310000,9.820000,2.250000,-0.240000,0.120000,-0.170000,39.000000,-19.190000,-15.880000
6.918000,154064.000000,75.000000,2735.000000,1983.000000,1270.000000,1569.000000,2372.000000,0.000000,0.000000,0.000000,0.000000,0.000000,0.000000,0.000000,0.000000,0.000000,1.310000,9.820000,2.250000,-0.240000,0.120000,-0.170000,39.000000,-19.190000,-15.880000
6.920000,154065.000000,507.000000,2752.000000,2043.000000,1160.000000,1603.000000,2001.000000,0.000000,0.000000,0.000000,0.000000,0.000000,0.000000,0.000000,0.000000,0.000000,1.360000,9.930000,2.070000,-0.200000,0.190000,-0.140000,39.000000,-19.190000,-15.880000
6.922000,154066.000000,0.000000,2760.000000,2095.000000,857.000000,1629.000000,1387.000000,0.000000,0.000000,0.000000,0.000000,0.000000,0.000000,0.000000,0.000000,0.000000,1.360000,9.930000,2.070000,-0.200000,0.190000,-0.140000,39.000000,-19.190000,-15.880000
6.924000,154067.000000,0.000000,2726.000000,2095.000000,651.000000,1616.000000,1199.000000,0.000000,0.000000,0.000000,0.000000,0.000000,0.000000,0.000000,0.000000,0.000000,1.360000,9.930000,2.070000,-0.200000,0.190000,-0.140000,39.000000,-19.190000,-15.880000
6.926000,154068.000000,0.000000,2652.000000,2129.000000,549.000000,1593.000000,1497.000000,0.000000,0.000000,0.000000,0.000000,0.000000,0.000000,0.000000,0.000000,0.000000,1.360000,9.930000,2.070000,-0.200000,0.190000,-0.140000,39.000000,-19.190000,-15.880000
6.928000,154069.000000,0.000000,2603.000000,2113.000000,613.000000,1598.000000,1657.000000,0.000000,0.000000,0.000000,0.000000,0.000000,0.000000,0.000000,0.000000,0.000000,1.360000,9.930000,2.070000,-0.200000,0.190000,-0.140000,39.000000,-19.190000,-15.880000
6.930000,154070.000000,69.000000,2551.000000,2125.000000,666.000000,1599.000000,1701.000000,0.000000,0.000000,0.000000,0.000000,0.000000,0.000000,0.000000,0.000000,0.000000,1.310000,10.010000,1.880000,-0.170000,0.270000,-0.110000,39.000000,-19.190000,-15.880000
6.932000,154071.000000,10.000000,2525.000000,2176.000000,731.000000,1595.000000,1692.000000,0.000000,0.000000,0.000000,0.000000,0.000000,0.000000,0.000000,0.000000,0.000000,1.310000,10.010000,1.880000,-0.170000,0.270000,-0.110000,39.000000,-19.190000,-15.880000
6.934000,154072.000000,23.000000,2487.000000,2217.000000,858.000000,1591.000000,2016.000000,0.000000,0.000000,0.000000,0.000000,0.000000,0.000000,0.000000,0.000000,0.000000,1.310000,10.010000,1.880000,-0.170000,0.270000,-0.110000,39.000000,-19.190000,-15.880000
6.936000,154073.000000,64.000000,2490.000000,2255.000000,1142.000000,1614.000000,2522.000000,0.000000,0.000000,0.000000,0.000000,0.000000,0.000000,0.000000,0.000000,0.000000,1.310000,10.010000,1.880000,-0.170000,0.270000,-0.110000,39.000000,-19.190000,-15.880000
6.938000,154074.000000,65.000000,2494.000000,2319.000000,1262.000000,1628.000000,2309.000000,0.000000,0.000000,0.000000,0.000000,0.000000,0.000000,0.000000,0.000000,0.000000,1.310000,10.010000,1.880000,-0.170000,0.270000,-0.110000,39.000000,-19.190000,-15.880000
6.940000,154075.000000,34.000000,2480.000000,2346.000000,1183.000000,1679.000000,1986.000000,0.000000,0.000000,0.000000,0.000000,0.000000,0.000000,0.000000,0.000000,0.000000,1.080000,10.050000,1.740000,-0.160000,0.320000,-0.060000,39.000000,-17.690000,-16.250000
6.942000,154076.000000,129.000000,2457.000000,2375.000000,869.000000,1662.000000,1535.000000,0.000000,0.000000,0.000000,0.000000,0.000000,0.000000,0.000000,0.000000,0.000000,1.080000,10.050000,1.740000,-0.160000,0.320000,-0.060000,39.000000,-17.690000,-16.250000
6.944000,154077.000000,17.000000,2416.000000,2389.000000,659.000000,1616.000000,1361.000000,0.000000,0.000000,0.000000,0.000000,0.000000,0.000000,0.000000,0.000000,0.000000,1.080000,10.050000,1.740000,-0.160000,0.320000,-0.060000,39.000000,-17.690000,-16.250000
6.946000,154078.000000,0.000000,2323.000000,2410.000000,573.000000,1594.000000,1574.000000,0.000000,0.000000,0.000000,0.000000,0.000000,0.000000,0.000000,0.000000,0.000000,1.080000,10.050000,1.740000,-0.160000,0.320000,-0.060000,39.000000,-17.690000,-16.250000
6.948000,154079.000000,0.000000,2227.000000,2397.000000,617.000000,1589.000000,1687.000000,0.000000,0.000000,0.000000,0.000000,0.000000,0.000000,0.000000,0.000000,0.000000,1.080000,10.050000,1.740000,-0.160000,0.320000,-0.060000,39.000000,-17.690000,-16.250000
6.950000,154080.000000,705.000000,2219.000000,2398.000000,686.000000,1535.000000,1725.000000,0.000000,0.000000,0.000000,0.000000,0.000000,0.000000,0.000000,0.000000,0.000000,0.790000,10.010000,1.610000,-0.150000,0.350000,-0.010000,39.000000,-17.690000,-16.250000
6.952000,154081.000000,26.000000,2176.000000,2395.000000,737.000000,1531.000000,1846.000000,0.000000,0.000000,0.000000,0.000000,0.000000,0.000000,0.000000,0.000000,0.000000,0.790000,10.010000,1.610000,-0.150000,0.350000,-0.010000,39.000000,-17.690000,-16.250000
6.954000,154082.000000,25.000000,2115.000000,2384.000000,837.000000,1510.000000,2190.000000,0.000000,0.000000,0.000000,0.000000,0.000000,0.000000,0.000000,0.000000,0.000000,0.790000,10.010000,1.610000,-0.150000,0.350000,-0.010000,39.000000,-17.690000,-16.250000
6.956000,154083.000000,65.000000,2107.000000,2405.000000,1170.000000,1535.000000,2644.000000,0.000000,0.000000,0.000000,0.000000,0.000000,0.000000,0.000000,0.000000,0.000000,0.790000,10.010000,1.610000,-0.150000,0.350000,-0.010000,39.000000,-17.690000,-16.250000
6.958000,154084.000000,51.000000,2101.000000,2416.000000,1254.000000,1535.000000,2371.000000,0.000000,0.000000,0.000000,0.000000,0.000000,0.000000,0.000000,0.000000,0.000000,0.790000,10.010000,1.610000,-0.150000,0.350000,-0.010000,39.000000,-17.690000,-16.250000
6.960000,154085.000000,707.000000,2114.000000,2417.000000,1154.000000,1581.000000,2011.000000,0.000000,0.000000,0.000000,0.000000,0.000000,0.000000,0.000000,0.000000,0.000000,0.080000,9.870000,1.540000,-0.150000,0.360000,0.030000,39.000000,-17.690000,-16.250000
6.962000,154086.000000,0.000000,2090.000000,2416.000000,824.000000,1577.000000,1343.000000,0.000000,0.000000,0.000000,0.000000,0.000000,0.000000,0.000000,0.000000,0.000000,0.080000,9.870000,1.540000,-0.150000,0.360000,0.030000,39.000000,-17.690000,-16.250000
6.964000,154087.000000,0.000000,2053.000000,2423.000000,582.000000,1535.000000,1203.000000,0.000000,0.000000,0.000000,0.000000,0.000000,0.000000,0.000000,0.000000,0.000000,0.080000,9.870000,1.540000,-0.150000,0.360000,0.030000,39.000000,-17.690000,-16.250000
6.966000,154088.000000,0.000000,1974.000000,2352.000000,563.000000,1501.000000,1501.000000,0.000000,0.000000,0.000000,0.000000,0.000000,0.000000,0.000000,0.000000,0.000000,0.080000,9.870000,1.540000,-0.150000,0.360000,0.030000,39.000000,-17.690000,-16.250000
6.968000,154089.000000,0.000000,1931.000000,2327.000000,626.000000,1473.000000,1648.000000,0.000000,0.000000,0.000000,0.000000,0.000000,0.000000,0.000000,0.000000,0.000000,0.080000,9.870000,1.540000,-0.150000,0.360000,0.030000,39.000000,-17.690000,-16.250000
6.970000,154090.000000,597.000000,1888.000000,2317.000000,719.000000,1456.000000,1697.000000,0.000000,0.000000,0.000000,0.000000,0.000000,0.000000,0.000000,0.000000,0.000000,-0.320000,9.730000,1.670000,-0.140000,0.350000,0.070000,39.000000,-17.690000,-16.250000
6.972000,154091.000000,16.000000,1893.000000,2275.000000,775.000000,1439.000000,1829.000000,0.000000,0.000000,0.000000,0.000000,0.000000,0.000000,0.000000,0.000000,0.000000,-0.320000,9.730000,1.670000,-0.140000,0.350000,0.070000,39.000000,-17.690000,-16.250000
6.974000,154092.000000,15.000000,1872.000000,2226.000000,897.000000,1415.000000,2178.000000,0.000000,0.000000,0.000000,0.000000,0.000000,0.000000,0.000000,0.000000,0.000000,-0.320000,9.730000,1.670000,-0.140000,0.350000,0.070000,39.000000,-17.690000,-16.250000
6.976000,154093.000000,65.000000,1872.000000,2242.000000,1226.000000,1462.000000,2650.000000,0.000000,0.000000,0.000000,0.000000,0.000000,0.000000,0.000000,0.000000,0.000000,-0.320000,9.730000,1.670000,-0.140000,0.350000,0.070000,39.000000,-17.690000,-16.250000
6.978000,154094.000000,42.000000,1927.000000,2224.000000,1309.000000,1471.000000,2256.000000,0.000000,0.000000,0.000000,0.000000,0.000000,0.000000,0.000000,0.000000,0.000000,-0.320000,9.730000,1.670000,-0.140000,0.350000,0.070000,39.000000,-17.690000,-16.250000
6.980000,154095.000000,39.000000,1938.000000,2239.000000,1183.000000,1507.000000,1905.000000,0.000000,0.000000,0.000000,0.000000,0.000000,0.000000,0.000000,0.000000,0.000000,-0.700000,9.620000,1.820000,-0.140000,0.340000,0.090000,39.000000,-17.690000,-16.250000
6.982000,154096.000000,0.000000,1943.000000,2247.000000,841.000000,1503.000000,1456.000000,0.000000,0.000000,0.000000,0.000000,0.000000,0.000000,0.000000,0.000000,0.000000,-0.700000,9.620000,1.820000,-0.140000,0.340000,0.090000,39.000000,-17.690000,-16.250000
6.984000,154097.000000,0.000000,1897.000000,2193.000000,621.000000,1470.000000,1202.000000,0.000000,0.000000,0.000000,0.000000,0.000000,0.000000,0.000000,0.000000,0.000000,-0.700000,9.620000,1.820000,-0.140000,0.340000,0.090000,39.000000,-17.690000,-16.250000
6.986000,154098.000000,0.000000,1872.000000,2155.000000,544.000000,1462.000000,1488.000000,0.000000,0.000000,0.000000,0.000000,0.000000,0.000000,0.000000,0.000000,0.000000,-0.700000,9.620000,1.820000,-0.140000,0.340000,0.090000,39.000000,-17.690000,-16.250000
6.988000,154099.000000,0.000000,1852.000000,2117.000000,649.000000,1437.000000,1631.000000,0.000000,0.000000,0.000000,0.000000,0.000000,0.000000,0.000000,0.000000,0.000000,-0.700000,9.620000,1.820000,-0.140000,0.340000,0.090000,39.000000,-17.690000,-16.250000
6.990000,154100.000000,0.000000,1827.000000,2090.000000,720.000000,1408.000000,1725.000000,0.000000,0.000000,0.000000,0.000000,0.000000,0.000000,0.000000,0.000000,0.000000,-1.070000,9.530000,1.890000,-0.130000,0.330000,0.100000,40.750000,-17.000000,-15.880000
6.992000,154101.000000,31.000000,1830.000000,2065.000000,782.000000,1413.000000,1804.000000,0.000000,0.000000,0.000000,0.000000,0.000000,0.000000,0.000000,0.000000,0.000000,-1.070000,9.530000,1.890000,-0.130000,0.330000,0.100000,40.750000,-17.000000,-15.880000
6.994000,154102.000000,23.000000,1795.000000,2000.000000,880.000000,1407.000000,2134.000000,0.000000,0.000000,0.000000,0.000000,0.000000,0.000000,0.000000,0.000000,0.000000,-1.070000,9.530000,1.890000,-0.130000,0.330000,0.100000,40.750000,-17.000000,-15.880000
6.996000,154103.000000,42.000000,1847.000000,1968.000000,1225.000000,1405.000000,2478.000000,0.000000,0.000000,0.000000,0.000000,0.000000,0.000000,0.000000,0.000000,0.000000,-1.070000,9.530000,1.890000,-0.130000,0.330000,0.100000,40.750000,-17.000000,-15.880000
6.998000,154104.000000,48.000000,1866.000000,1968.000000,1318.000000,1462.000000,2277.000000,0.000000,0.000000,0.000000,0.000000,0.000000,0.000000,0.000000,0.000000,0.000000,-1.070000,9.530000,1.890000,-0.130000,0.330000,0.100000,40.750000,-17.000000,-15.880000
7.000000,154105.000000,635.000000,1901.000000,1987.000000,1216.000000,1495.000000,2031.000000,0.000000,0.000000,0.000000,0.000000,0.000000,0.000000,0.000000,0.000000,0.000000,-1.350000,9.510000,1.910000,-0.130000,0.290000,0.090000,40.750000,-17.000000,-15.880000
7.002000,154106.000000,0.000000,1883.000000,1979.000000,853.000000,1466.000000,1475.000000,0.000000,0.000000,0.000000,0.000000,0.000000,0.000000,0.000000,0.000000,0.000000,-1.350000,9.510000,1.910000,-0.130000,0.290000,0.090000,40.750000,-17.000000,-15.880000
7.004000,154107.000000,0.000000,1856.000000,1953.000000,638.000000,1437.000000,1261.000000,0.000000,0.000000,0.000000,0.000000,0.000000,0.000000,0.000000,0.000000,0.000000,-1.350000,9.510000,1.910000,-0.130000,0.290000,0.090000,40.750000,-17.000000,-15.880000
7.006000,154108.000000,0.000000,1829.000000,1913.000000,560.000000,1417.000000,1414.000000,0.000000,0.000000,0.000000,0.000000,0.000000,0.000000,0.000000,0.000000,0.000000,-1.350000,9.510000,1.910000,-0.130000,0.290000,0.090000,40.750000,-17.000000,-15.880000
7.008000,154109.000000,0.000000,1801.000000,1840.000000,656.000000,1371.000000,1527.000000,0.000000,0.000000,0.000000,0.000000,0.000000,0.000000,0.000000,0.000000,0.000000,-1.350000,9.510000,1.910000,-0.130000,0.290000,0.090000,40.750000,-17.000000,-15.880000
7.010000,154110.000000,499.000000,1777.000000,1826.000000,739.000000,1376.000000,1616.000000,0.000000,0.000000,0.000000,0.000000,0.000000,0.000000,0.000000,0.000000,0.000000,-1.290000,9.530000,1.760000,-0.120000,0.230000,0.050000,40.750000,-17.000000,-15.880000
7.012000,154111.000000,7.000000,1775.000000,1780.000000,800.000000,1363.000000,1729.000000,0.000000,0.000000,0.000000,0.000000,0.000000,0.000000,0.000000,0.000000,0.000000,-1.290000,9.530000,1.760000,-0.120000,0.230000,0.050000,40.750000,-17.000000,-15.880000
7.014000,154112.000000,16.000000,1754.000000,1792.000000,885.000000,1371.000000,2119.000000,0.000000,0.000000,0.000000,0.000000,0.000000,0.000000,0.000000,0.000000,0.000000,-1.290000,9.530000,1.760000,-0.120000,0.230000,0.050000,40.750000,-17.000000,-15.880000
7.016000,154113.000000,54.000000,1755.000000,1741.000000,1229.000000,1328.000000,2586.000000,0.000000,0.000000,0.000000,0.000000,0.000000,0.000000,0.000000,0.000000,0.000000,-1.290000,9.530000,1.760000,-0.120000,0.230000,0.050000,40.750000,-17.000000,-15.880000
7.018000,154114.000000,41.000000,1809.000000,1771.000000,1328.000000,1357.000000,2293.000000,0.000000,0.000000,0.000000,0.000000,0.000000,0.000000,0.000000,0.000000,0.000000,-1.290000,9.530000,1.760000,-0.120000,0.230000,0.050000,40.750000,-17.000000,-15.880000
7.020000,154115.000000,602.000000,1814.000000,1730.000000,1201.000000,1361.000000,1939.000000,0.000000,0.000000,0.000000,0.000000,0.000000,0.000000,0.000000,0.000000,0.000000,-1.080000,9.550000,1.720000,-0.100000,0.170000,0.010000,40.750000,-17.000000,-15.880000
7.022000,154116.000000,0.000000,1850.000000,1744.000000,837.000000,1369.000000,1280.000000,0.000000,0.000000,0.000000,0.000000,0.000000,0.000000,0.000000,0.000000,0.000000,-1.080000,9.550000,1.720000,-0.100000,0.170000,0.010000,40.750000,-17.000000,-15.880000
7.024000,154117.000000,0.000000,1824.000000,1727.000000,625.000000,1340.000000,1129.000000,0.000000,0.000000,0.000000,0.000000,0.000000,0.000000,0.000000,0.000000,0.000000,-1.080000,9.550000,1.720000,-0.100000,0.170000,0.010000,40.750000,-17.000000,-15.880000
7.026000,154118.000000,0.000000,1765.000000,1702.000000,560.000000,1306.000000,1410.000000,0.000000,0.000000,0.000000,0.000000,0.000000,0.000000,0.000000,0.000000,0.000000,-1.080000,9.550000,1.720000,-0.100000,0.170000,0.010000,40.750000,-17.000000,-15.880000
7.028000,154119.000000,0.000000,1740.000000,1655.000000,634.000000,1281.000000,1606.000000,0.000000,0.000000,0.000000,0.000000,0.000000,0.000000,0.000000,0.000000,0.000000,-1.080000,9.550000,1.720000,-0.100000,0.170000,0.010000,40.750000,-17.000000,-15.880000
7.030000,154120.000000,0.000000,1712.000000,1616.000000,747.000000,1233.000000,1666.000000,0.000000,0.000000,0.000000,0.000000,0.000000,0.000000,0.000000,0.000000,0.000000,-0.560000,9.510000,1.710000,-0.080000,0.110000,-0.020000,40.750000,-17.000000,-15.880000
7.032000,154121.000000,58.000000,1699.000000,1615.000000,805.000000,1232.000000,1750.000000,0.000000,0.000000,0.000000,0.000000,0.000000,0.000000,0.000000,0.000000,0.000000,-0.560000,9.510000,1.710000,-0.080000,0.110000,-0.020000,40.750000,-17.000000,-15.880000
7.034000,154122.000000,1.000000,1702.000000,1591.000000,901.000000,1209.000000,2078.000000,0.000000,0.000000,0.000000,0.000000,0.000000,0.000000,0.000000,0.000000,0.000000,-0.560000,9.510000,1.710000,-0.080000,0.110000,-0.020000,40.750000,-17.000000,-15.880000
7.036000,154123.000000,51.000000,1687.000000,1584.000000,1209.000000,1221.000000,2579.000000,0.000000,0.000000,0.000000,0.000000,0.000000,0.000000,0.000000,0.000000,0.000000,-0.560000,9.510000,1.710000,-0.080000,0.110000,-0.020000,40.750000,-17.000000,-15.880000
7.038000,154124.000000,48.000000,1732.000000,1604.000000,1296.000000,1234.000000,2267.000000,0.000000,0.000000,0.000000,0.000000,0.000000,0.000000,0.000000,0.000000,0.000000,-0.560000,9.510000,1.710000,-0.080000,0.110000,-0.020000,40.750000,-17.000000,-15.880000
7.040000,154125.000000,26.000000,1754.000000,1620.000000,1193.000000,1275.000000,1858.000000,0.000000,0.000000,0.000000,0.000000,0.000000,0.000000,0.000000,0.000000,0.000000,-0.220000,9.490000,1.730000,-0.060000,0.070000,-0.050000,40.500000,-17.250000,-15.500000
7.042000,154126.000000,0.000000,1744.000000,1589.000000,843.000000,1261.000000,1273.000000,0.000000,0.000000,0.000000,0.000000,0.000000,0.000000,0.000000,0.000000,0.000000,-0.220000,9.490000,1.730000,-0.060000,0.070000,-0.050000,40.500000,-17.250000,-15.500000
7.044000,154127.000000,0.000000,1705.000000,1600.000000,695.000000,1223.000000,1091.000000,0.000000,0.000000,0.000000,0.000000,0.000000,0.000000,0.000000,0.000000,0.000000,-0.220000,9.490000,1.730000,-0.060000,0.070000,-0.050000,40.500000,-17.250000,-15.500000
7.046000,154128.000000,0.000000,1661.000000,1535.000000,560.000000,1200.000000,1396.000000,0.000000,0.000000,0.000000,0.000000,0.000000,0.000000,0.000000,0.000000,0.000000,-0.220000,9.490000,1.730000,-0.060000,0.070000,-0.050000,40.500000,-17.250000,-15.500000
7.048000,154129.000000,0.000000,1601.000000,1523.000000,624.000000,1168.000000,1584.000000,0.000000,0.000000,0.000000,0.000000,0.000000,0.000000,0.000000,0.000000,0.000000,-0.220000,9.490000,1.730000,-0.060000,0.070000,-0.050000,40.500000,-17.250000,-15.500000
7.050000,154130.000000,464.000000,1584.000000,1498.000000,656.000000,1127.000000,1621.000000,0.000000,0.000000,0.000000,0.000000,0.000000,0.000000,0.000000,0.000000,0.000000,0.030000,9.540000,1.780000,-0.050000,0.030000,-0.070000,40.500000,-17.250000,-15.500000
7.052000,154131.000000,10.000000,1515.000000,1488.000000,721.000000,1137.000000,1754.000000,0.000000,0.000000,0.000000,0.000000,0.000000,0.000000,0.000000,0.000000,0.000000,0.030000,9.540000,1.780000,-0.050000,0.030000,-0.070000,40.500000,-17.250000,-15.500000
7.054000,154132.000000,6.000000,1506.000000,1472.000000,839.000000,1147.000000,2063.000000,0.000000,0.000000,0.000000,0.000000,0.000000,0.000000,0.000000,0.000000,0.000000,0.030000,9.540000,1.780000,-0.050000,0.030000,-0.070000,40.500000,-17.250000,-15.500000
7.056000,154133.000000,53.000000,1504.000000,1471.000000,1119.000000,1125.000000,2545.000000,0.000000,0.000000,0.000000,0.000000,0.000000,0.000000,0.000000,0.000000,0.000000,0.030000,9.540000,1.780000,-0.050000,0.030000,-0.070000,40.500000,-17.250000,-15.500000
7.058000,154134.000000,39.000000,1535.000000,1520.000000,1261.000000,1168.000000,2270.000000,0.000000,0.000000,0.000000,0.000000,0.000000,0.000000,0.000000,0.000000,0.000000,0.030000,9.540000,1.780000,-0.050000,0.030000,-0.070000,40.500000,-17.250000,-15.500000
7.060000,154135.000000,483.000000,1558.000000,1535.000000,1189.000000,1183.000000,1894.000000,0.000000,0.000000,0.000000,0.000000,0.000000,0.000000,0.000000,0.000000,0.000000,0.350000,9.630000,1.760000,-0.050000,0.010000,-0.070000,40.500000,-17.250000,-15.500000
7.062000,154136.000000,0.000000,1561.000000,1594.000000,909.000000,1199.000000,1267.000000,0.000000,0.000000,0.000000,0.000000,0.000000,0.000000,0.000000,0.000000,0.000000,0.350000,9.630000,1.760000,-0.050000,0.010000,-0.070000,40.500000,-17.250000,-15.500000
7.064000,154137.000000,0.000000,1497.000000,1593.000000,667.000000,1164.000000,1113.000000,0.000000,0.000000,0.000000,0.000000,0.000000,0.000000,0.000000,0.000000,0.000000,0.350000,9.630000,1.760000,-0.050000,0.010000,-0.070000,40.500000,-17.250000,-15.500000
7.066000,154138.000000,0.000000,1460.000000,1574.000000,548.000000,1135.000000,1374.000000,0.000000,0.000000,0.000000,0.000000,0.000000,0.000000,0.000000,0.000000,0.000000,0.350000,9.630000,1.760000,-0.050000,0.010000,-0.070000,40.500000,-17.250000,-15.500000
7.068000,154139.000000,0.000000,1419.000000,1573.000000,567.000000,1118.000000,1563.000000,0.000000,0.000000,0.000000,0.000000,0.000000,0.000000,0.000000,0.000000,0.000000,0.350000,9.630000,1.760000,-0.050000,0.010000,-0.070000,40.500000,-17.250000,-15.500000
7.070000,154140.000000,373.000000,1394.000000,1575.000000,637.000000,1116.000000,1629.000000,0.000000,0.000000,0.000000,0.000000,0.000000,0.000000,0.000000,0.000000,0.000000,0.750000,9.720000,2.080000,-0.050000,0.000000,-0.060000,40.500000,-17.250000,-15.500000
7.072000,154141.000000,0.000000,1379.000000,1584.000000,713.000000,1105.000000,1701.000000,0.000000,0.000000,0.000000,0.000000,0.000000,0.000000,0.000000,0.000000,0.000000,0.750000,9.720000,2.080000,-0.050000,0.000000,-0.060000,40.500000,-17.250000,-15.500000
7.074000,154142.000000,0.000000,1383.000000,1601.000000,785.000000,1106.000000,2045.000000,0.000000,0.000000,0.000000,0.000000,0.000000,0.000000,0.000000,0.000000,0.000000,0.750000,9.720000,2.080000,-0.050000,0.000000,-0.060000,40.500000,-17.250000,-15.500000
7.076000,154143.000000,58.000000,1379.000000,1617.000000,1093.000000,1125.000000,2559.000000,0.000000,0.000000,0.000000,0.000000,0.000000,0.000000,0.000000,0.000000,0.000000,0.750000,9.720000,2.080000,-0.050000,0.000000,-0.060000,40.500000,-17.250000,-15.500000
7.078000,154144.000000,45.000000,1438.000000,1667.000000,1219.000000,1181.000000,2257.000000,0.000000,0.000000,0.000000,0.000000,0.000000,0.000000,0.000000,0.000000,0.000000,0.750000,9.720000,2.080000,-0.050000,0.000000,-0.060000,40.500000,-17.250000,-15.500000
7.080000,154145.000000,15.000000,1471.000000,1684.000000,1183.000000,1197.000000,1865.000000,0.000000,0.000000,0.000000,0.000000,0.000000,0.000000,0.000000,0.000000,0.000000,0.860000,9.700000,2.170000,-0.050000,0.010000,-0.030000,40.500000,-17.250000,-15.500000
7.082000,154146.000000,0.000000,1487.000000,1735.000000,878.000000,1219.000000,1278.000000,0.000000,0.000000,0.000000,0.000000,0.000000,0.000000,0.000000,0.000000,0.000000,0.860000,9.700000,2.170000,-0.050000,0.010000,-0.030000,40.500000,-17.250000,-15.500000
7.084000,154147.000000,0.000000,1502.000000,1737.000000,642.000000,1211.000000,1102.000000,0.000000,0.000000,0.000000,0.000000,0.000000,0.000000,0.000000,0.000000,0.000000,0.860000,9.700000,2.170000,-0.050000,0.010000,-0.030000,40.500000,-17.250000,-15.500000
7.086000,154148.000000,0.000000,1488.000000,1717.000000,500.000000,1195.000000,1388.000000,0.000000,0.000000,0.000000,0.000000,0.000000,0.000000,0.000000,0.000000,0.000000,0.860000,9.700000,2.170000,-0.050000,0.010000,-0.030000,40.500000,-17.250000,-15.500000
7.088000,154149.000000,0.000000,1458.000000,1708.000000,555.000000,1169.000000,1567.000000,0.000000,0.000000,0.000000,0.000000,0.000000,0.000000,0.000000,0.000000,0.000000,0.860000,9.700000,2.170000,-0.050000,0.010000,-0.030000,40.500000,-17.250000,-15.500000
7.090000,154150.000000,0.000000,1439.000000,1681.000000,630.000000,1181.000000,1659.000000,0.000000,0.000000,0.000000,0.000000,0.000000,0.000000,0.000000,0.000000,0.000000,0.900000,9.650000,2.320000,-0.050000,0.050000,0.000000,40.750000,-16.560000,-14.250000
7.092000,154151.000000,0.000000,1472.000000,1714.000000,693.000000,1194.000000,1748.000000,0.000000,0.000000,0.000000,0.000000,0.000000,0.000000,0.000000,0.000000,0.000000,0.900000,9.650000,2.320000,-0.050000,0.050000,0.000000,40.750000,-16.560000,-14.250000
7.094000,154152.000000,23.000000,1472.000000,1727.000000,799.000000,1211.000000,2071.000000,0.000000,0.000000,0.000000,0.000000,0.000000,0.000000,0.000000,0.000000,0.000000,0.900000,9.650000,2.320000,-0.050000,0.050000,0.000000,40.750000,-16.560000,-14.250000
7.096000,154153.000000,56.000000,1518.000000,1709.000000,1091.000000,1207.000000,2557.000000,0.000000,0.000000,0.000000,0.000000,0.000000,0.000000,0.000000,0.000000,0.000000,0.900000,9.650000,2.320000,-0.050000,0.050000,0.000000,40.750000,-16.560000,-14.250000
7.098000,154154.000000,45.000000,1588.000000,1758.000000,1247.000000,1235.000000,2297.000000,0.000000,0.000000,0.000000,0.000000,0.000000,0.000000,0.000000,0.000000,0.000000,0.900000,9.650000,2.320000,-0.050000,0.050000,0.000000,40.750000,-16.560000,-14.250000
7.100000,154155.000000,528.000000,1643.000000,1787.000000,1186.000000,1264.000000,1943.000000,0.000000,0.000000,0.000000,0.000000,0.000000,0.000000,0.000000,0.000000,0.000000,0.860000,9.630000,2.460000,-0.040000,0.100000,0.030000,40.750000,-16.560000,-14.250000
7.102000,154156.000000,0.000000,1652.000000,1829.000000,884.000000,1309.000000,1296.000000,0.000000,0.000000,0.000000,0.000000,0.000000,0.000000,0.000000,0.000000,0.000000,0.860000,9.630000,2.460000,-0.040000,0.100000,0.030000,40.750000,-16.560000,-14.250000
7.104000,154157.000000,0.000000,1650.000000,1791.000000,630.000000,1287.000000,1119.000000,0.000000,0.000000,0.000000,0.000000,0.000000,0.000000,0.000000,0.000000,0.000000,0.860000,9.630000,2.460000,-0.040000,0.100000,0.030000,40.750000,-16.560000,-14.250000
7.106000,154158.000000,0.000000,1631.000000,1798.000000,528.000000,1266.000000,1393.000000,0.000000,0.000000,0.000000,0.000000,0.000000,0.000000,0.000000,0.000000,0.000000,0.860000,9.630000,2.460000,-0.040000,0.100000,0.030000,40.750000,-16.560000,-14.250000
7.108000,154159.000000,0.000000,1625.000000,1769.000000,560.000000,1264.000000,1600.000000,0.000000,0.000000,0.000000,0.000000,0.000000,0.000000,0.000000,0.000000,0.000000,0.860000,9.630000,2.460000,-0.040000,0.100000,0.030000,40.750000,-16.560000,-14.250000
7.110000,154160.000000,487.000000,1604.000000,1785.000000,627.000000,1280.000000,1659.000000,0.000000,0.000000,0.000000,0.000000,0.000000,0.000000,0.000000,0.000000,0.000000,0.450000,9.630000,2.500000,-0.030000,0.140000,0.060000,40.750000,-16.560000,-14.250000
7.112000,154161.000000,6.000000,1643.000000,1779.000000,587.000000,1295.000000,1767.000000,0.000000,0.000000,0.000000,0.000000,0.000000,0.000000,0.000000,0.000000,0.000000,0.450000,9.630000,2.500000,-0.030000,0.140000,0.060000,40.750000,-16.560000,-14.250000
7.114000,154162.000000,9.000000,1637.000000,1776.000000,799.000000,1265.000000,2114.000000,0.000000,0.000000,0.000000,0.000000,0.000000,0.000000,0.000000,0.000000,0.000000,0.450000,9.630000,2.500000,-0.030000,0.140000,0.060000,40.750000,-16.560000,-14.250000
7.116000,154163.000000,64.000000,1680.000000,1794.000000,1083.000000,1291.000000,2591.000000,0.000000,0.000000,0.000000,0.000000,0.000000,0.000000,0.000000,0.000000,0.000000,0.450000,9.630000,2.500000,-0.030000,0.140000,0.060000,40.750000,-16.560000,-14.250000
7.118000,154164.000000,48.000000,1717.000000,1840.000000,1252.000000,1307.000000,2338.000000,0.000000,0.000000,0.000000,0.000000,0.000000,0.000000,0.000000,0.000000,0.000000,0.450000,9.630000,2.500000,-0.030000,0.140000,0.060000,40.750000,-16.560000,-14.250000
7.120000,154165.000000,29.000000,1776.000000,1833.000000,1185.000000,1369.000000,1904.000000,0.000000,0.000000,0.000000,0.000000,0.000000,0.000000,0.000000,0.000000,0.000000,0.120000,9.570000,2.580000,-0.020000,0.170000,0.070000,40.750000,-16.560000,-14.250000
7.122000,154166.000000,0.000000,1798.000000,1857.000000,881.000000,1351.000000,1287.000000,0.000000,0.000000,0.000000,0.000000,0.000000,0.000000,0.000000,0.000000,0.000000,0.120000,9.570000,2.580000,-0.020000,0.170000,0.070000,40.750000,-16.560000,-14.250000
7.124000,154167.000000,0.000000,1776.000000,1846.000000,653.000000,1351.000000,1163.000000,0.000000,0.000000,0.000000,0.000000,0.000000,0.000000,0.000000,0.000000,0.000000,0.120000,9.570000,2.580000,-0.020000,0.170000,0.070000,40.750000,-16.560000,-14.250000
7.126000,154168.000000,0.000000,1757.000000,1820.000000,507.000000,1355.000000,1408.000000,0.000000,0.000000,0.000000,0.000000,0.000000,0.000000,0.000000,0.000000,0.000000,0.120000,9.570000,2.580000,-0.020000,0.170000,0.070000,40.750000,-16.560000,-14.250000
7.128000,154169.000000,0.000000,1753.000000,1808.000000,587.000000,1358.000000,1566.000000,0.000000,0.000000,0.000000,0.000000,0.000000,0.000000,0.000000,0.000000,0.000000,0.120000,9.570000,2.580000,-0.020000,0.170000,0.070000,40.750000,-16.560000,-14.250000
7.130000,154170.000000,29.000000,1729.000000,1792.000000,647.000000,1328.000000,1696.000000,0.000000,0.000000,0.000000,0.000000,0.000000,0.000000,0.000000,0.000000,0.000000,-0.130000,9.520000,2.590000,-0.010000,0.160000,0.070000,40.750000,-16.560000,-14.250000
7.132000,154171.000000,0.000000,1715.000000,1789.000000,719.000000,1337.000000,1776.000000,0.000000,0.000000,0.000000,0.000000,0.000000,0.000000,0.000000,0.000000,0.000000,-0.130000,9.520000,2.590000,-0.010000,0.160000,0.070000,40.750000,-16.560000,-14.250000
7.134000,154172.000000,4.000000,1731.000000,1776.000000,801.000000,1354.000000,2083.000000,0.000000,0.000000,0.000000,0.000000,0.000000,0.000000,0.000000,0.000000,0.000000,-0.130000,9.520000,2.590000,-0.010000,0.160000,0.070000,40.750000,-16.560000,-14.250000
7.136000,154173.000000,66.000000,1740.000000,1781.000000,1092.000000,1360.000000,2579.000000,0.000000,0.000000,0.000000,0.000000,0.000000,0.000000,0.000000,0.000000,0.000000,-0.130000,9.520000,2.590000,-0.010000,0.160000,0.070000,40.750000,-16.560000,-14.250000
7.138000,154174.000000,45.000000,1767.000000,1782.000000,1264.000000,1383.000000,2319.000000,0.000000,0.000000,0.000000,0.000000,0.000000,0.000000,0.000000,0.000000,0.000000,-0.130000,9.520000,2.590000,-0.010000,0.160000,0.070000,40.750000,-16.560000,-14.250000
7.140000,154175.000000,60.000000,1815.000000,1777.000000,1178.000000,1401.000000,1919.000000,0.000000,0.000000,0.000000,0.000000,0.000000,0.000000,0.000000,0.000000,0.000000,-0.280000,9.490000,2.550000,-0.010000,0.130000,0.060000,40.060000,-16.190000,-16.250000
7.142000,154176.000000,0.000000,1825.000000,1799.000000,914.000000,1424.000000,1287.000000,0.000000,0.000000,0.000000,0.000000,0.000000,0.000000,0.000000,0.000000,0.000000,-0.280000,9.490000,2.550000,-0.010000,0.130000,0.060000,40.060000,-16.190000,-16.250000
7.144000,154177.000000,0.000000,1822.000000,1730.000000,671.000000,1408.000000,1131.000000,0.000000,0.000000,0.000000,0.000000,0.000000,0.000000,0.000000,0.000000,0.000000,-0.280000,9.490000,2.550000,-0.010000,0.130000,0.060000,40.060000,-16.190000,-16.250000
7.146000,154178.000000,0.000000,1793.000000,1727.000000,554.000000,1379.000000,1391.000000,0.000000,0.000000,0.000000,0.000000,0.000000,0.000000,0.000000,0.000000,0.000000,-0.280000,9.490000,2.550000,-0.010000,0.130000,0.060000,40.060000,-16.190000,-16.250000
7.148000,154179.000000,0.000000,1745.000000,1712.000000,582.000000,1347.000000,1535.000000,0.000000,0.000000,0.000000,0.000000,0.000000,0.000000,0.000000,0.000000,0.000000,-0.280000,9.490000,2.550000,-0.010000,0.130000,0.060000,40.060000,-16.190000,-16.250000
7.150000,154180.000000,534.000000,1730.000000,1690.000000,639.000000,1385.000000,1655.000000,0.000000,0.000000,0.000000,0.000000,0.000000,0.000000,0.000000,0.000000,0.000000,-0.490000,9.460000,2.370000,-0.020000,0.090000,0.050000,40.060000,-16.190000,-16.250000
7.152000,154181.000000,10.000000,1726.000000,1649.000000,751.000000,1365.000000,1738.000000,0.000000,0.000000,0.000000,0.000000,0.000000,0.000000,0.000000,0.000000,0.000000,-0.490000,9.460000,2.370000,-0.020000,0.090000,0.050000,40.060000,-16.190000,-16.250000
7.154000,154182.000000,11.000000,1712.000000,1651.000000,826.000000,1364.000000,2099.000000,0.000000,0.000000,0.000000,0.000000,0.000000,0.000000,0.000000,0.000000,0.000000,-0.490000,9.460000,2.370000,-0.020000,0.090000,0.050000,40.060000,-16.190000,-16.250000
7.156000,154183.000000,58.000000,1713.000000,1655.000000,1123.000000,1360.000000,2599.000000,0.000000,0.000000,0.000000,0.000000,0.000000,0.000000,0.000000,0.000000,0.000000,-0.490000,9.460000,2.370000,-0.020000,0.090000,0.050000,40.060000,-16.190000,-16.250000
7.158000,154184.000000,45.000000,1735.000000,1666.000000,1267.000000,1378.000000,2326.000000,0.000000,0.000000,0.000000,0.000000,0.000000,0.000000,0.000000,0.000000,0.000000,-0.490000,9.460000,2.370000,-0.020000,0.090000,0.050000,40.060000,-16.190000,-16.250000
7.160000,154185.000000,583.000000,1770.000000,1677.000000,1206.000000,1411.000000,1963.000000,0.000000,0.000000,0.000000,0.000000,0.000000,0.000000,0.000000,0.000000,0.000000,-0.500000,9.450000,2.260000,-0.020000,0.060000,0.040000,40.060000,-16.190000,-16.250000
7.162000,154186.000000,0.000000,1773.000000,1709.000000,895.000000,1436.000000,1296.000000,0.000000,0.000000,0.000000,0.000000,0.000000,0.000000,0.000000,0.000000,0.000000,-0.500000,9.450000,2.260000,-0.020000,0.060000,0.040000,40.060000,-16.190000,-16.250000
7.164000,154187.000000,0.000000,1712.000000,1685.000000,647.000000,1418.000000,1126.000000,0.000000,0.000000,0.000000,0.000000,0.000000,0.000000,0.000000,0.000000,0.000000,-0.500000,9.450000,2.260000,-0.020000,0.060000,0.040000,40.060000,-16.190000,-16.250000
7.166000,154188.000000,0.000000,1691.000000,1664.000000,570.000000,1408.000000,1392.000000,0.000000,0.000000,0.000000,0.000000,0.000000,0.000000,0.000000,0.000000,0.000000,-0.500000,9.450000,2.260000,-0.020000,0.060000,0.040000,40.060000,-16.190000,-16.250000
7.168000,154189.000000,0.000000,1650.000000,1663.000000,603.000000,1392.000000,1584.000000,0.000000,0.000000,0.000000,0.000000,0.000000,0.000000,0.000000,0.000000,0.000000,-0.500000,9.450000,2.260000,-0.020000,0.060000,0.040000,40.060000,-16.190000,-16.250000
7.170000,154190.000000,0.000000,1618.000000,1633.000000,672.000000,1362.000000,1637.000000,0.000000,0.000000,0.000000,0.000000,0.000000,0.000000,0.000000,0.000000,0.000000,-0.480000,9.480000,2.200000,-0.020000,0.050000,0.030000,40.060000,-16.190000,-16.250000
7.172000,154191.000000,0.000000,1603.000000,1597.000000,734.000000,1360.000000,1753.000000,0.000000,0.000000,0.000000,0.000000,0.000000,0.000000,0.000000,0.000000,0.000000,-0.480000,9.480000,2.200000,-0.020000,0.050000,0.030000,40.060000,-16.190000,-16.250000
7.174000,154192.000000,6.000000,1575.000000,1597.000000,846.000000,1366.000000,2066.000000,0.000000,0.000000,0.000000,0.000000,0.000000,0.000000,0.000000,0.000000,0.000000,-0.480000,9.480000,2.200000,-0.020000,0.050000,0.030000,40.060000,-16.190000,-16.250000
7.176000,154193.000000,55.000000,1573.000000,1597.000000,1115.000000,1408.000000,2608.000000,0.000000,0.000000,0.000000,0.000000,0.000000,0.000000,0.000000,0.000000,0.000000,-0.480000,9.480000,2.200000,-0.020000,0.050000,0.030000,40.060000,-16.190000,-16.250000
7.178000,154194.000000,45.000000,1616.000000,1623.000000,1262.000000,1414.000000,2314.000000,0.000000,0.000000,0.000000,0.000000,0.000000,0.000000,0.000000,0.000000,0.000000,-0.480000,9.480000,2.200000,-0.020000,0.050000,0.030000,40.060000,-16.190000,-16.250000
7.180000,154195.000000,35.000000,1615.000000,1705.000000,1190.000000,1439.000000,1923.000000,0.000000,0.000000,0.000000,0.000000,0.000000,0.000000,0.000000,0.000000,0.000000,-0.370000,9.490000,2.210000,-0.030000,0.050000,0.020000,40.060000,-16.190000,-16.250000
7.182000,154196.000000,0.000000,1629.000000,1686.000000,900.000000,1443.000000,1296.000000,0.000000,0.000000,0.000000,0.000000,0.000000,0.000000,0.000000,0.000000,0.000000,-0.370000,9.490000,2.210000,-0.030000,0.050000,0.020000,40.060000,-16.190000,-16.250000
7.184000,154197.000000,0.000000,1604.000000,1692.000000,670.000000,1429.000000,1117.000000,0.000000,0.000000,0.000000,0.000000,0.000000,0.000000,0.000000,0.000000,0.000000,-0.370000,9.490000,2.210000,-0.030000,0.050000,0.020000,40.060000,-16.190000,-16.250000
7.186000,154198.000000,0.000000,1561.000000,1632.000000,553.000000,1415.000000,1386.000000,0.000000,0.000000,0.000000,0.000000,0.000000,0.000000,0.000000,0.000000,0.000000,-0.370000,9.490000,2.210000,-0.030000,0.050000,0.020000,40.060000,-16.190000,-16.250000
7.188000,154199.000000,0.000000,1511.000000,1661.000000,614.000000,1397.000000,1586.000000,0.000000,0.000000,0.000000,0.000000,0.000000,0.000000,0.000000,0.000000,0.000000,-0.370000,9.490000,2.210000,-0.030000,0.050000,0.020000,40.060000,-16.190000,-16.250000
7.190000,154200.000000,1.000000,1470.000000,1641.000000,655.000000,1389.000000,1666.000000,0.000000,0.000000,0.000000,0.000000,0.000000,0.000000,0.000000,0.000000,0.000000,-0.250000,9.480000,2.290000,-0.030000,0.070000,0.010000,40.060000,-16.560000,-15.060000
7.192000,154201.000000,0.000000,1442.000000,1641.000000,718.000000,1405.000000,1771.000000,0.000000,0.000000,0.000000,0.000000,0.000000,0.000000,0.000000,0.000000,0.000000,-0.250000,9.480000,2.290000,-0.030000,0.070000,0.010000,40.060000,-16.560000,-15.060000
7.194000,154202.000000,7.000000,1456.000000,1655.000000,816.000000,1409.000000,2079.000000,0.000000,0.000000,0.000000,0.000000,0.000000,0.000000,0.000000,0.000000,0.000000,-0.250000,9.480000,2.290000,-0.030000,0.070000,0.010000,40.060000,-16.560000,-15.060000
7.196000,154203.000000,58.000000,1435.000000,1677.000000,1130.000000,1389.000000,2584.000000,0.000000,0.000000,0.000000,0.000000,0.000000,0.000000,0.000000,0.000000,0.000000,-0.250000,9.480000,2.290000,-0.030000,0.070000,0.010000,40.060000,-16.560000,-15.060000
7.198000,154204.000000,38.000000,1494.000000,1691.000000,1233.000000,1442.000000,2292.000000,0.000000,0.000000,0.000000,0.000000,0.000000,0.000000,0.000000,0.000000,0.000000,-0.250000,9.480000,2.290000,-0.030000,0.070000,0.010000,40.060000,-16.560000,-15.060000
7.200000,154205.000000,494.000000,1526.000000,1689.000000,1170.000000,1439.000000,1995.000000,0.000000,0.000000,0.000000,0.000000,0.000000,0.000000,0.000000,0.000000,0.000000,-0.100000,9.460000,2.280000,-0.030000,0.100000,0.010000,40.060000,-16.560000,-15.060000
7.202000,154206.000000,0.000000,1525.000000,1722.000000,871.000000,1469.000000,1766.000000,0.000000,0.000000,0.000000,0.000000,0.000000,0.000000,0.000000,0.000000,0.000000,-0.100000,9.460000,2.280000,-0.030000,0.100000,0.010000,40.060000,-16.560000,-15.060000
7.204000,154207.000000,0.000000,1498.000000,1721.000000,660.000000,1428.000000,1136.000000,0.000000,0.000000,0.000000,0.000000,0.000000,0.000000,0.000000,0.000000,0.000000,-0.100000,9.460000,2.280000,-0.030000,0.100000,0.010000,40.060000,-16.560000,-15.060000
7.206000,154208.000000,0.000000,1475.000000,1685.000000,528.000000,1407.000000,1392.000000,0.000000,0.000000,0.000000,0.000000,0.000000,0.000000,0.000000,0.000000,0.000000,-0.100000,9.460000,2.280000,-0.030000,0.100000,0.010000,40.060000,-16.560000,-15.060000
7.208000,154209.000000,0.000000,1439.000000,1664.000000,598.000000,1403.000000,1584.000000,0.000000,0.000000,0.000000,0.000000,0.000000,0.000000,0.000000,0.000000,0.000000,-0.100000,9.460000,2.280000,-0.030000,0.100000,0.010000,40.060000,-16.560000,-15.060000
7.210000,154210.000000,0.000000,1414.000000,1679.000000,668.000000,1362.000000,1630.000000,0.000000,0.000000,0.000000,0.000000,0.000000,0.000000,0.000000,0.000000,0.000000,0.010000,9.520000,2.270000,-0.020000,0.130000,0.020000,40.060000,-16.560000,-15.060000
7.212000,154211.000000,0.000000,1421.000000,1681.000000,736.000000,1360.000000,1757.000000,0.000000,0.000000,0.000000,0.000000,0.000000,0.000000,0.000000,0.000000,0.000000,0.010000,9.520000,2.270000,-0.020000,0.130000,0.020000,40.060000,-16.560000,-15.060000
7.214000,154212.000000,0.000000,1399.000000,1679.000000,835.000000,1381.000000,2032.000000,0.000000,0.000000,0.000000,0.000000,0.000000,0.000000,0.000000,0.000000,0.000000,0.010000,9.520000,2.270000,-0.020000,0.130000,0.020000,40.060000,-16.560000,-15.060000
7.216000,154213.000000,51.000000,1439.000000,1677.000000,1105.000000,1359.000000,2591.000000,0.000000,0.000000,0.000000,0.000000,0.000000,0.000000,0.000000,0.000000,0.000000,0.010000,9.520000,2.270000,-0.020000,0.130000,0.020000,40.060000,-16.560000,-15.060000
7.218000,154214.000000,41.000000,1489.000000,1681.000000,1264.000000,1427.000000,2317.000000,0.000000,0.000000,0.000000,0.000000,0.000000,0.000000,0.000000,0.000000,0.000000,0.010000,9.520000,2.270000,-0.020000,0.130000,0.020000,40.060000,-16.560000,-15.060000
7.220000,154215.000000,493.000000,1531.000000,1743.000000,1200.000000,1453.000000,1957.000000,0.000000,0.000000,0.000000,0.000000,0.000000,0.000000,0.000000,0.000000,0.000000,0.210000,9.560000,2.510000,-0.020000,0.150000,0.030000,40.060000,-16.560000,-15.060000
7.222000,154216.000000,0.000000,1535.000000,1745.000000,891.000000,1457.000000,1285.000000,0.000000,0.000000,0.000000,0.000000,0.000000,0.000000,0.000000,0.000000,0.000000,0.210000,9.560000,2.510000,-0.020000,0.150000,0.030000,40.060000,-16.560000,-15.060000
7.224000,154217.000000,0.000000,1535.000000,1737.000000,666.000000,1441.000000,1138.000000,0.000000,0.000000,0.000000,0.000000,0.000000,0.000000,0.000000,0.000000,0.000000,0.210000,9.560000,2.510000,-0.020000,0.150000,0.030000,40.060000,-16.560000,-15.060000
7.226000,154218.000000,0.000000,1519.000000,1703.000000,604.000000,1422.000000,1405.000000,0.000000,0.000000,0.000000,0.000000,0.000000,0.000000,0.000000,0.000000,0.000000,0.210000,9.560000,2.510000,-0.020000,0.150000,0.030000,40.060000,-16.560000,-15.060000
7.228000,154219.000000,0.000000,1514.000000,1685.000000,693.000000,1398.000000,1583.000000,0.000000,0.000000,0.000000,0.000000,0.000000,0.000000,0.000000,0.000000,0.000000,0.210000,9.560000,2.510000,-0.020000,0.150000,0.030000,40.060000,-16.560000,-15.060000
7.230000,154220.000000,0.000000,1483.000000,1671.000000,770.000000,1379.000000,1670.000000,0.000000,0.000000,0.000000,0.000000,0.000000,0.000000,0.000000,0.000000,0.000000,0.280000,9.550000,2.560000,-0.010000,0.150000,0.030000,40.060000,-16.560000,-15.060000
7.232000,154221.000000,0.000000,1499.000000,1662.000000,835.000000,1390.000000,1744.000000,0.000000,0.000000,0.000000,0.000000,0.000000,0.000000,0.000000,0.000000,0.000000,0.280000,9.550000,2.560000,-0.010000,0.150000,0.030000,40.060000,-16.560000,-15.060000
7.234000,154222.000000,0.000000,1501.000000,1657.000000,903.000000,1389.000000,2063.000000,0.000000,0.000000,0.000000,0.000000,0.000000,0.000000,0.000000,0.000000,0.000000,0.280000,9.550000,2.560000,-0.010000,0.150000,0.030000,40.060000,-16.560000,-15.060000
7.236000,154223.000000,63.000000,1523.000000,1667.000000,1159.000000,1394.000000,2593.000000,0.000000,0.000000,0.000000,0.000000,0.000000,0.000000,0.000000,0.000000,0.000000,0.280000,9.550000,2.560000,-0.010000,0.150000,0.030000,40.060000,-16.560000,-15.060000
7.238000,154224.000000,45.000000,1607.000000,1680.000000,1281.000000,1422.000000,2323.000000,0.000000,0.000000,0.000000,0.000000,0.000000,0.000000,0.000000,0.000000,0.000000,0.280000,9.550000,2.560000,-0.010000,0.150000,0.030000,40.060000,-16.560000,-15.060000
7.240000,154225.000000,37.000000,1616.000000,1704.000000,1211.000000,1459.000000,1941.000000,0.000000,0.000000,0.000000,0.000000,0.000000,0.000000,0.000000,0.000000,0.000000,0.340000,9.540000,2.600000,0.000000,0.150000,0.030000,39.250000,-17.250000,-15.060000
7.242000,154226.000000,0.000000,1676.000000,1715.000000,912.000000,1476.000000,1303.000000,0.000000,0.000000,0.000000,0.000000,0.000000,0.000000,0.000000,0.000000,0.000000,0.340000,9.540000,2.600000,0.000000,0.150000,0.030000,39.250000,-17.250000,-15.060000
7.244000,154227.000000,0.000000,1642.000000,1691.000000,704.000000,1447.000000,1147.000000,0.000000,0.000000,0.000000,0.000000,0.000000,0.000000,0.000000,0.000000,0.000000,0.340000,9.540000,2.600000,0.000000,0.150000,0.030000,39.250000,-17.250000,-15.060000
7.246000,154228.000000,0.000000,1600.000000,1706.000000,607.000000,1421.000000,1390.000000,0.000000,0.000000,0.000000,0.000000,0.000000,0.000000,0.000000,0.000000,0.000000,0.340000,9.540000,2.600000,0.000000,0.150000,0.030000,39.250000,-17.250000,-15.060000
7.248000,154229.000000,0.000000,1561.000000,1690.000000,702.000000,1409.000000,1582.000000,0.000000,0.000000,0.000000,0.000000,0.000000,0.000000,0.000000,0.000000,0.000000,0.340000,9.540000,2.600000,0.000000,0.150000,0.030000,39.250000,-17.250000,-15.060000
7.250000,154230.000000,464.000000,1556.000000,1691.000000,752.000000,1425.000000,1653.000000,0.000000,0.000000,0.000000,0.000000,0.000000,0.000000,0.000000,0.000000,0.000000,0.350000,9.540000,2.580000,0.010000,0.140000,0.030000,39.250000,-17.250000,-15.060000
7.252000,154231.000000,1.000000,1552.000000,1670.000000,807.000000,1407.000000,1771.000000,0.000000,0.000000,0.000000,0.000000,0.000000,0.000000,0.000000,0.000000,0.000000,0.350000,9.540000,2.580000,0.010000,0.140000,0.030000,39.250000,-17.250000,-15.060000
7.254000,154232.000000,9.000000,1535.000000,1666.000000,899.000000,1392.000000,2037.000000,0.000000,0.000000,0.000000,0.000000,0.000000,0.000000,0.000000,0.000000,0.000000,0.350000,9.540000,2.580000,0.010000,0.140000,0.030000,39.250000,-17.250000,-15.060000
7.256000,154233.000000,61.000000,1558.000000,1682.000000,1186.000000,1398.000000,2611.000000,0.000000,0.000000,0.000000,0.000000,0.000000,0.000000,0.000000,0.000000,0.000000,0.350000,9.540000,2.580000,0.010000,0.140000,0.030000,39.250000,-17.250000,-15.060000
7.258000,154234.000000,49.000000,1620.000000,1712.000000,1303.000000,1443.000000,2345.000000,0.000000,0.000000,0.000000,0.000000,0.000000,0.000000,0.000000,0.000000,0.000000,0.350000,9.540000,2.580000,0.010000,0.140000,0.030000,39.250000,-17.250000,-15.060000
7.260000,154235.000000,43.000000,1652.000000,1738.000000,1218.000000,1456.000000,1959.000000,0.000000,0.000000,0.000000,0.000000,0.000000,0.000000,0.000000,0.000000,0.000000,0.290000,9.510000,2.380000,0.010000,0.120000,0.040000,39.250000,-17.250000,-15.060000
7.262000,154236.000000,0.000000,1664.000000,1742.000000,955.000000,1508.000000,1296.000000,0.000000,0.000000,0.000000,0.000000,0.000000,0.000000,0.000000,0.000000,0.000000,0.290000,9.510000,2.380000,0.010000,0.120000,0.040000,39.250000,-17.250000,-15.060000
7.264000,154237.000000,0.000000,1605.000000,1758.000000,747.000000,1470.000000,1152.000000,0.000000,0.000000,0.000000,0.000000,0.000000,0.000000,0.000000,0.000000,0.000000,0.290000,9.510000,2.380000,0.010000,0.120000,0.040000,39.250000,-17.250000,-15.060000
7.266000,154238.000000,0.000000,1584.000000,1728.000000,641.000000,1445.000000,1399.000000,0.000000,0.000000,0.000000,0.000000,0.000000,0.000000,0.000000,0.000000,0.000000,0.290000,9.510000,2.380000,0.010000,0.120000,0.040000,39.250000,-17.250000,-15.060000
7.268000,154239.000000,0.000000,1577.000000,1697.000000,707.000000,1424.000000,1586.000000,0.000000,0.000000,0.000000,0.000000,0.000000,0.000000,0.000000,0.000000,0.000000,0.290000,9.510000,2.380000,0.010000,0.120000,0.040000,39.250000,-17.250000,-15.060000
7.270000,154240.000000,464.000000,1557.000000,1695.000000,775.000000,1422.000000,1669.000000,0.000000,0.000000,0.000000,0.000000,0.000000,0.000000,0.000000,0.000000,0.000000,0.190000,9.470000,2.400000,0.020000,0.100000,0.040000,39.250000,-17.250000,-15.060000
7.272000,154241.000000,6.000000,1535.000000,1728.000000,830.000000,1445.000000,1767.000000,0.000000,0.000000,0.000000,0.000000,0.000000,0.000000,0.000000,0.000000,0.000000,0.190000,9.470000,2.400000,0.020000,0.100000,0.040000,39.250000,-17.250000,-15.060000
7.274000,154242.000000,1.000000,1535.000000,1743.000000,897.000000,1443.000000,2064.000000,0.000000,0.000000,0.000000,0.000000,0.000000,0.000000,0.000000,0.000000,0.000000,0.190000,9.470000,2.400000,0.020000,0.100000,0.040000,39.250000,-17.250000,-15.060000
7.276000,154243.000000,53.000000,1519.000000,1724.000000,1188.000000,1455.000000,2581.000000,0.000000,0.000000,0.000000,0.000000,0.000000,0.000000,0.000000,0.000000,0.000000,0.190000,9.470000,2.400000,0.020000,0.100000,0.040000,39.250000,-17.250000,-15.060000
7.278000,154244.000000,48.000000,1582.000000,1744.000000,1319.000000,1500.000000,2326.000000,0.000000,0.000000,0.000000,0.000000,0.000000,0.000000,0.000000,0.000000,0.000000,0.190000,9.470000,2.400000,0.020000,0.100000,0.040000,39.250000,-17.250000,-15.060000
7.280000,154245.000000,33.000000,1627.000000,1776.000000,1197.000000,1487.000000,1942.000000,0.000000,0.000000,0.000000,0.000000,0.000000,0.000000,0.000000,0.000000,0.000000,0.110000,9.450000,2.390000,0.020000,0.100000,0.040000,39.250000,-17.250000,-15.060000
7.282000,154246.000000,0.000000,1634.000000,1799.000000,935.000000,1531.000000,1270.000000,0.000000,0.000000,0.000000,0.000000,0.000000,0.000000,0.000000,0.000000,0.000000,0.110000,9.450000,2.390000,0.020000,0.100000,0.040000,39.250000,-17.250000,-15.060000
7.284000,154247.000000,0.000000,1615.000000,1783.000000,738.000000,1488.000000,1165.000000,0.000000,0.000000,0.000000,0.000000,0.000000,0.000000,0.000000,0.000000,0.000000,0.110000,9.450000,2.390000,0.020000,0.100000,0.040000,39.250000,-17.250000,-15.060000
7.286000,154248.000000,0.000000,1590.000000,1789.000000,629.000000,1470.000000,1386.000000,0.000000,0.000000,0.000000,0.000000,0.000000,0.000000,0.000000,0.000000,0.000000,0.110000,9.450000,2.390000,0.020000,0.100000,0.040000,39.250000,-17.250000,-15.060000
7.288000,154249.000000,0.000000,1535.000000,1766.000000,679.000000,1463.000000,1591.000000,0.000000,0.000000,0.000000,0.000000,0.000000,0.000000,0.000000,0.000000,0.000000,0.110000,9.450000,2.390000,0.020000,0.100000,0.040000,39.250000,-17.250000,-15.060000
7.290000,154250.000000,7.000000,1535.000000,1759.000000,751.000000,1455.000000,1683.000000,0.000000,0.000000,0.000000,0.000000,0.000000,0.000000,0.000000,0.000000,0.000000,0.020000,9.430000,2.440000,0.020000,0.090000,0.040000,40.750000,-17.250000,-15.060000
7.292000,154251.000000,0.000000,1521.000000,1712.000000,816.000000,1453.000000,1773.000000,0.000000,0.000000,0.000000,0.000000,0.000000,0.000000,0.000000,0.000000,0.000000,0.020000,9.430000,2.440000,0.020000,0.090000,0.040000,40.750000,-17.250000,-15.060000
7.294000,154252.000000,27.000000,1535.000000,1750.000000,900.000000,1466.000000,2042.000000,0.000000,0.000000,0.000000,0.000000,0.000000,0.000000,0.000000,0.000000,0.000000,0.020000,9.430000,2.440000,0.020000,0.090000,0.040000,40.750000,-17.250000,-15.060000
7.296000,154253.000000,54.000000,1534.000000,1737.000000,1181.000000,1457.000000,2609.000000,0.000000,0.000000,0.000000,0.000000,0.000000,0.000000,0.000000,0.000000,0.000000,0.020000,9.430000,2.440000,0.020000,0.090000,0.040000,40.750000,-17.250000,-15.060000
7.298000,154254.000000,46.000000,1600.000000,1758.000000,1300.000000,1497.000000,2325.000000,0.000000,0.000000,0.000000,0.000000,0.000000,0.000000,0.000000,0.000000,0.000000,0.020000,9.430000,2.440000,0.020000,0.090000,0.040000,40.750000,-17.250000,-15.060000
7.300000,154255.000000,13.000000,1619.000000,1795.000000,1225.000000,1535.000000,1940.000000,0.000000,0.000000,0.000000,0.000000,0.000000,0.000000,0.000000,0.000000,0.000000,-0.140000,9.420000,2.420000,0.010000,0.090000,0.040000,40.750000,-17.250000,-15.060000
7.302000,154256.000000,0.000000,1648.000000,1808.000000,937.000000,1535.000000,1303.000000,0.000000,0.000000,0.000000,0.000000,0.000000,0.000000,0.000000,0.000000,0.000000,-0.140000,9.420000,2.420000,0.010000,0.090000,0.040000,40.750000,-17.250000,-15.060000
7.304000,154257.000000,0.000000,1616.000000,1773.000000,726.000000,1535.000000,1172.000000,0.000000,0.000000,0.000000,0.000000,0.000000,0.000000,0.000000,0.000000,0.000000,-0.140000,9.420000,2.420000,0.010000,0.090000,0.040000,40.750000,-17.250000,-15.060000
7.306000,154258.000000,0.000000,1589.000000,1762.000000,632.000000,1505.000000,1415.000000,0.000000,0.000000,0.000000,0.000000,0.000000,0.000000,0.000000,0.000000,0.000000,-0.140000,9.420000,2.420000,0.010000,0.090000,0.040000,40.750000,-17.250000,-15.060000
7.308000,154259.000000,0.000000,1566.000000,1703.000000,673.000000,1499.000000,1589.000000,0.000000,0.000000,0.000000,0.000000,0.000000,0.000000,0.000000,0.000000,0.000000,-0.140000,9.420000,2.420000,0.010000,0.090000,0.040000,40.750000,-17.250000,-15.060000
7.310000,154260.000000,48.000000,1525.000000,1701.000000,764.000000,1472.000000,1654.000000,0.000000,0.000000,0.000000,0.000000,0.000000,0.000000,0.000000,0.000000,0.000000,-0.220000,9.440000,2.400000,0.010000,0.090000,0.030000,40.750000,-17.250000,-15.060000
7.312000,154261.000000,0.000000,1521.000000,1690.000000,799.000000,1467.000000,1759.000000,0.000000,0.000000,0.000000,0.000000,0.000000,0.000000,0.000000,0.000000,0.000000,-0.220000,9.440000,2.400000,0.010000,0.090000,0.030000,40.750000,-17.250000,-15.060000
7.314000,154262.000000,3.000000,1517.000000,1674.000000,865.000000,1473.000000,2064.000000,0.000000,0.000000,0.000000,0.000000,0.000000,0.000000,0.000000,0.000000,0.000000,-0.220000,9.440000,2.400000,0.010000,0.090000,0.030000,40.750000,-17.250000,-15.060000
7.316000,154263.000000,60.000000,1527.000000,1670.000000,1183.000000,1434.000000,2594.000000,0.000000,0.000000,0.000000,0.000000,0.000000,0.000000,0.000000,0.000000,0.000000,-0.220000,9.440000,2.400000,0.010000,0.090000,0.030000,40.750000,-17.250000,-15.060000
7.318000,154264.000000,45.000000,1580.000000,1685.000000,1295.000000,1508.000000,2335.000000,0.000000,0.000000,0.000000,0.000000,0.000000,0.000000,0.000000,0.000000,0.000000,-0.220000,9.440000,2.400000,0.010000,0.090000,0.030000,40.750000,-17.250000,-15.060000
7.320000,154265.000000,289.000000,1603.000000,1726.000000,1222.000000,1535.000000,1975.000000,0.000000,0.000000,0.000000,0.000000,0.000000,0.000000,0.000000,0.000000,0.000000,-0.210000,9.500000,2.470000,0.010000,0.070000,0.020000,40.750000,-17.250000,-15.060000
7.322000,154266.000000,0.000000,1634.000000,1707.000000,935.000000,1555.000000,1296.000000,0.000000,0.000000,0.000000,0.000000,0.000000,0.000000,0.000000,0.000000,0.000000,-0.210000,9.500000,2.470000,0.010000,0.070000,0.020000,40.750000,-17.250000,-15.060000
7.324000,154267.000000,0.000000,1600.000000,1701.000000,731.000000,1520.000000,1161.000000,0.000000,0.000000,0.000000,0.000000,0.000000,0.000000,0.000000,0.000000,0.000000,-0.210000,9.500000,2.470000,0.010000,0.070000,0.020000,40.750000,-17.250000,-15.060000
7.326000,154268.000000,0.000000,1582.000000,1680.000000,621.000000,1495.000000,1397.000000,0.000000,0.000000,0.000000,0.000000,0.000000,0.000000,0.000000,0.000000,0.000000,-0.210000,9.500000,2.470000,0.010000,0.070000,0.020000,40.750000,-17.250000,-15.060000
7.328000,154269.000000,0.000000,1531.000000,1638.000000,673.000000,1491.000000,1579.000000,0.000000,0.000000,0.000000,0.000000,0.000000,0.000000,0.000000,0.000000,0.000000,-0.210000,9.500000,2.470000,0.010000,0.070000,0.020000,40.750000,-17.250000,-15.060000
7.330000,154270.000000,15.000000,1488.000000,1614.000000,720.000000,1472.000000,1673.000000,0.000000,0.000000,0.000000,0.000000,0.000000,0.000000,0.000000,0.000000,0.000000,-0.210000,9.520000,2.550000,0.000000,0.040000,0.020000,40.750000,-17.250000,-15.060000
7.332000,154271.000000,0.000000,1511.000000,1599.000000,769.000000,1485.000000,1760.000000,0.000000,0.000000,0.000000,0.000000,0.000000,0.000000,0.000000,0.000000,0.000000,-0.210000,9.520000,2.550000,0.000000,0.040000,0.020000,40.750000,-17.250000,-15.060000
7.334000,154272.000000,1.000000,1480.000000,1607.000000,891.000000,1475.000000,2026.000000,0.000000,0.000000,0.000000,0.000000,0.000000,0.000000,0.000000,0.000000,0.000000,-0.210000,9.520000,2.550000,0.000000,0.040000,0.020000,40.750000,-17.250000,-15.060000
7.336000,154273.000000,54.000000,1491.000000,1600.000000,1167.000000,1494.000000,2595.000000,0.000000,0.000000,0.000000,0.000000,0.000000,0.000000,0.000000,0.000000,0.000000,-0.210000,9.520000,2.550000,0.000000,0.040000,0.020000,40.750000,-17.250000,-15.060000
7.338000,154274.000000,48.000000,1535.000000,1618.000000,1294.000000,1490.000000,2322.000000,0.000000,0.000000,0.000000,0.000000,0.000000,0.000000,0.000000,0.000000,0.000000,-0.210000,9.520000,2.550000,0.000000,0.040000,0.020000,40.750000,-17.250000,-15.060000
7.340000,154275.000000,501.000000,1593.000000,1650.000000,1220.000000,1535.000000,1984.000000,0.000000,0.000000,0.000000,0.000000,0.000000,0.000000,0.000000,0.000000,0.000000,-0.150000,9.570000,2.610000,0.000000,0.020000,0.010000,41.880000,-17.000000,-15.060000
7.342000,154276.000000,0.000000,1597.000000,1666.000000,929.000000,1579.000000,1281.000000,0.000000,0.000000,0.000000,0.000000,0.000000,0.000000,0.000000,0.000000,0.000000,-0.150000,9.570000,2.610000,0.000000,0.020000,0.010000,41.880000,-17.000000,-15.060000
7.344000,154277.000000,0.000000,1584.000000,1664.000000,705.000000,1567.000000,1161.000000,0.000000,0.000000,0.000000,0.000000,0.000000,0.000000,0.000000,0.000000,0.000000,-0.150000,9.570000,2.610000,0.000000,0.020000,0.010000,41.880000,-17.000000,-15.060000
7.346000,154278.000000,0.000000,1521.000000,1616.000000,611.000000,1535.000000,1391.000000,0.000000,0.000000,0.000000,0.000000,0.000000,0.000000,0.000000,0.000000,0.000000,-0.150000,9.570000,2.610000,0.000000,0.020000,0.010000,41.880000,-17.000000,-15.060000
7.348000,154279.000000,0.000000,1485.000000,1607.000000,671.000000,1519.000000,1557.000000,0.000000,0.000000,0.000000,0.000000,0.000000,0.000000,0.000000,0.000000,0.000000,-0.150000,9.570000,2.610000,0.000000,0.020000,0.010000,41.880000,-17.000000,-15.060000
7.350000,154280.000000,48.000000,1491.000000,1616.000000,723.000000,1507.000000,1631.000000,0.000000,0.000000,0.000000,0.000000,0.000000,0.000000,0.000000,0.000000,0.000000,-0.100000,9.560000,2.630000,0.000000,-0.010000,0.000000,41.880000,-17.000000,-15.060000
7.352000,154281.000000,0.000000,1483.000000,1596.000000,783.000000,1520.000000,1744.000000,0.000000,0.000000,0.000000,0.000000,0.000000,0.000000,0.000000,0.000000,0.000000,-0.100000,9.560000,2.630000,0.000000,-0.010000,0.000000,41.880000,-17.000000,-15.060000
7.354000,154282.000000,0.000000,1490.000000,1605.000000,859.000000,1515.000000,2032.000000,0.000000,0.000000,0.000000,0.000000,0.000000,0.000000,0.000000,0.000000,0.000000,-0.100000,9.560000,2.630000,0.000000,-0.010000,0.000000,41.880000,-17.000000,-15.060000
7.356000,154283.000000,57.000000,1486.000000,1596.000000,1159.000000,1527.000000,2606.000000,0.000000,0.000000,0.000000,0.000000,0.000000,0.000000,0.000000,0.000000,0.000000,-0.100000,9.560000,2.630000,0.000000,-0.010000,0.000000,41.880000,-17.000000,-15.060000
7.358000,154284.000000,47.000000,1557.000000,1614.000000,1264.000000,1573.000000,2352.000000,0.000000,0.000000,0.000000,0.000000,0.000000,0.000000,0.000000,0.000000,0.000000,-0.100000,9.560000,2.630000,0.000000,-0.010000,0.000000,41.880000,-17.000000,-15.060000
7.360000,154285.000000,527.000000,1600.000000,1679.000000,1190.000000,1610.000000,2004.000000,0.000000,0.000000,0.000000,0.000000,0.000000,0.000000,0.000000,0.000000,0.000000,-0.020000,9.510000,2.490000,0.000000,-0.030000,0.000000,41.880000,-17.000000,-15.060000
7.362000,154286.000000,0.000000,1619.000000,1668.000000,938.000000,1611.000000,1309.000000,0.000000,0.000000,0.000000,0.000000,0.000000,0.000000,0.000000,0.000000,0.000000,-0.020000,9.510000,2.490000,0.000000,-0.030000,0.000000,41.880000,-17.000000,-15.060000
7.364000,154287.000000,0.000000,1617.000000,1669.000000,695.000000,1621.000000,1166.000000,0.000000,0.000000,0.000000,0.000000,0.000000,0.000000,0.000000,0.000000,0.000000,-0.020000,9.510000,2.490000,0.000000,-0.030000,0.000000,41.880000,-17.000000,-15.060000
7.366000,154288.000000,0.000000,1586.000000,1665.000000,603.000000,1600.000000,1406.000000,0.000000,0.000000,0.000000,0.000000,0.000000,0.000000,0.000000,0.000000,0.000000,-0.020000,9.510000,2.490000,0.000000,-0.030000,0.000000,41.880000,-17.000000,-15.060000
7.368000,154289.000000,0.000000,1581.000000,1647.000000,654.000000,1584.000000,1597.000000,0.000000,0.000000,0.000000,0.000000,0.000000,0.000000,0.000000,0.000000,0.000000,-0.020000,9.510000,2.490000,0.000000,-0.030000,0.000000,41.880000,-17.000000,-15.060000
7.370000,154290.000000,401.000000,1579.000000,1654.000000,722.000000,1583.000000,1648.000000,0.000000,0.000000,0.000000,0.000000,0.000000,0.000000,0.000000,0.000000,0.000000,0.100000,9.450000,2.590000,0.000000,-0.030000,0.000000,41.880000,-17.000000,-15.060000
7.372000,154291.000000,1.000000,1578.000000,1641.000000,791.000000,1563.000000,1761.000000,0.000000,0.000000,0.000000,0.000000,0.000000,0.000000,0.000000,0.000000,0.000000,0.100000,9.450000,2.590000,0.000000,-0.030000,0.000000,41.880000,-17.000000,-15.060000
7.374000,154292.000000,7.000000,1583.000000,1626.000000,855.000000,1591.000000,2027.000000,0.000000,0.000000,0.000000,0.000000,0.000000,0.000000,0.000000,0.000000,0.000000,0.100000,9.450000,2.590000,0.000000,-0.030000,0.000000,41.880000,-17.000000,-15.060000
7.376000,154293.000000,59.000000,1591.000000,1650.000000,1150.000000,1575.000000,2595.000000,0.000000,0.000000,0.000000,0.000000,0.000000,0.000000,0.000000,0.000000,0.000000,0.100000,9.450000,2.590000,0.000000,-0.030000,0.000000,41.880000,-17.000000,-15.060000
7.378000,154294.000000,48.000000,1645.000000,1695.000000,1271.000000,1631.000000,2335.000000,0.000000,0.000000,0.000000,0.000000,0.000000,0.000000,0.000000,0.000000,0.000000,0.100000,9.450000,2.590000,0.000000,-0.030000,0.000000,41.880000,-17.000000,-15.060000
7.380000,154295.000000,48.000000,1664.000000,1699.000000,1197.000000,1679.000000,1967.000000,0.000000,0.000000,0.000000,0.000000,0.000000,0.000000,0.000000,0.000000,0.000000,0.120000,9.470000,2.610000,0.010000,-0.020000,0.000000,41.880000,-17.000000,-15.060000
7.382000,154296.000000,0.000000,1727.000000,1711.000000,912.000000,1707.000000,1322.000000,0.000000,0.000000,0.000000,0.000000,0.000000,0.000000,0.000000,0.000000,0.000000,0.120000,9.470000,2.610000,0.010000,-0.020000,0.000000,41.880000,-17.000000,-15.060000
7.384000,154297.000000,0.000000,1709.000000,1714.000000,705.000000,1663.000000,1182.000000,0.000000,0.000000,0.000000,0.000000,0.000000,0.000000,0.000000,0.000000,0.000000,0.120000,9.470000,2.610000,0.010000,-0.020000,0.000000,41.880000,-17.000000,-15.060000
7.386000,154298.000000,0.000000,1674.000000,1707.000000,592.000000,1661.000000,1392.000000,0.000000,0.000000,0.000000,0.000000,0.000000,0.000000,0.000000,0.000000,0.000000,0.120000,9.470000,2.610000,0.010000,-0.020000,0.000000,41.880000,-17.000000,-15.060000
7.388000,154299.000000,0.000000,1656.000000,1711.000000,640.000000,1643.000000,1598.000000,0.000000,0.000000,0.000000,0.000000,0.000000,0.000000,0.000000,0.000000,0.000000,0.120000,9.470000,2.610000,0.010000,-0.020000,0.000000,41.880000,-17.000000,-15.060000
7.390000,154300.000000,262.000000,1637.000000,1670.000000,707.000000,1603.000000,1660.000000,0.000000,0.000000,0.000000,0.000000,0.000000,0.000000,0.000000,0.000000,0.000000,0.100000,9.470000,2.660000,0.010000,-0.010000,0.010000,40.750000,-16.250000,-15.060000
7.392000,154301.000000,5.000000,1616.000000,1698.000000,783.000000,1637.000000,1777.000000,0.000000,0.000000,0.000000,0.000000,0.000000,0.000000,0.000000,0.000000,0.000000,0.100000,9.470000,2.660000,0.010000,-0.010000,0.010000,40.750000,-16.250000,-15.060000
7.394000,154302.000000,2.000000,1619.000000,1678.000000,847.000000,1631.000000,2063.000000,0.000000,0.000000,0.000000,0.000000,0.000000,0.000000,0.000000,0.000000,0.000000,0.100000,9.470000,2.660000,0.010000,-0.010000,0.010000,40.750000,-16.250000,-15.060000
7.396000,154303.000000,62.000000,1660.000000,1711.000000,1136.000000,1653.000000,2614.000000,0.000000,0.000000,0.000000,0.000000,0.000000,0.000000,0.000000,0.000000,0.000000,0.100000,9.470000,2.660000,0.010000,-0.010000,0.010000,40.750000,-16.250000,-15.060000
7.398000,154304.000000,49.000000,1696.000000,1744.000000,1255.000000,1664.000000,2355.000000,0.000000,0.000000,0.000000,0.000000,0.000000,0.000000,0.000000,0.000000,0.000000,0.100000,9.470000,2.660000,0.010000,-0.010000,0.010000,40.750000,-16.250000,-15.060000
7.400000,154305.000000,576.000000,1745.000000,1788.000000,1220.000000,1687.000000,2031.000000,0.000000,0.000000,0.000000,0.000000,0.000000,0.000000,0.000000,0.000000,0.000000,0.080000,9.510000,2.660000,0.010000,0.000000,0.010000,40.750000,-16.250000,-15.060000
7.402000,154306.000000,0.000000,1775.000000,1825.000000,931.000000,1719.000000,1328.000000,0.000000,0.000000,0.000000,0.000000,0.000000,0.000000,0.000000,0.000000,0.000000,0.080000,9.510000,2.660000,0.010000,0.000000,0.010000,40.750000,-16.250000,-15.060000
7.404000,154307.000000,0.000000,1745.000000,1801.000000,701.000000,1698.000000,1225.000000,0.000000,0.000000,0.000000,0.000000,0.000000,0.000000,0.000000,0.000000,0.000000,0.080000,9.510000,2.660000,0.010000,0.000000,0.010000,40.750000,-16.250000,-15.060000
7.406000,154308.000000,0.000000,1712.000000,1776.000000,592.000000,1658.000000,1422.000000,0.000000,0.000000,0.000000,0.000000,0.000000,0.000000,0.000000,0.000000,0.000000,0.080000,9.510000,2.660000,0.010000,0.000000,0.010000,40.750000,-16.250000,-15.060000
7.408000,154309.000000,0.000000,1680.000000,1777.000000,632.000000,1673.000000,1610.000000,0.000000,0.000000,0.000000,0.000000,0.000000,0.000000,0.000000,0.000000,0.000000,0.080000,9.510000,2.660000,0.010000,0.000000,0.010000,40.750000,-16.250000,-15.060000
7.410000,154310.000000,425.000000,1665.000000,1771.000000,693.000000,1655.000000,1680.000000,0.000000,0.000000,0.000000,0.000000,0.000000,0.000000,0.000000,0.000000,0.000000,0.000000,9.490000,2.560000,0.020000,0.010000,0.010000,40.750000,-16.250000,-15.060000
7.412000,154311.000000,7.000000,1671.000000,1771.000000,757.000000,1647.000000,1777.000000,0.000000,0.000000,0.000000,0.000000,0.000000,0.000000,0.000000,0.000000,0.000000,0.000000,9.490000,2.560000,0.020000,0.010000,0.010000,40.750000,-16.250000,-15.060000
7.414000,154312.000000,6.000000,1658.000000,1789.000000,846.000000,1654.000000,2070.000000,0.000000,0.000000,0.000000,0.000000,0.000000,0.000000,0.000000,0.000000,0.000000,0.000000,9.490000,2.560000,0.020000,0.010000,0.010000,40.750000,-16.250000,-15.060000
7.416000,154313.000000,55.000000,1685.000000,1787.000000,1126.000000,1666.000000,2608.000000,0.000000,0.000000,0.000000,0.000000,0.000000,0.000000,0.000000,0.000000,0.000000,0.000000,9.490000,2.560000,0.020000,0.010000,0.010000,40.750000,-16.250000,-15.060000
7.418000,154314.000000,46.000000,1713.000000,1827.000000,1277.000000,1681.000000,2368.000000,0.000000,0.000000,0.000000,0.000000,0.000000,0.000000,0.000000,0.000000,0.000000,0.000000,9.490000,2.560000,0.020000,0.010000,0.010000,40.750000,-16.250000,-15.060000
7.420000,154315.000000,567.000000,1756.000000,1823.000000,1216.000000,1719.000000,2047.000000,0.000000,0.000000,0.000000,0.000000,0.000000,0.000000,0.000000,0.000000,0.000000,-0.010000,9.430000,2.610000,0.020000,0.010000,0.010000,40.750000,-16.250000,-15.060000
7.422000,154316.000000,0.000000,1759.000000,1867.000000,912.000000,1730.000000,1296.000000,0.000000,0.000000,0.000000,0.000000,0.000000,0.000000,0.000000,0.000000,0.000000,-0.010000,9.430000,2.610000,0.020000,0.010000,0.010000,40.750000,-16.250000,-15.060000
7.424000,154317.000000,0.000000,1754.000000,1846.000000,701.000000,1712.000000,1214.000000,0.000000,0.000000,0.000000,0.000000,0.000000,0.000000,0.000000,0.000000,0.000000,-0.010000,9.430000,2.610000,0.020000,0.010000,0.010000,40.750000,-16.250000,-15.060000
7.426000,154318.000000,0.000000,1707.000000,1824.000000,577.000000,1690.000000,1436.000000,0.000000,0.000000,0.000000,0.000000,0.000000,0.000000,0.000000,0.000000,0.000000,-0.010000,9.430000,2.610000,0.020000,0.010000,0.010000,40.750000,-16.250000,-15.060000
7.428000,154319.000000,0.000000,1691.000000,1808.000000,647.000000,1690.000000,1587.000000,0.000000,0.000000,0.000000,0.000000,0.000000,0.000000,0.000000,0.000000,0.000000,-0.010000,9.430000,2.610000,0.020000,0.010000,0.010000,40.750000,-16.250000,-15.060000
7.430000,154320.000000,30.000000,1671.000000,1797.000000,694.000000,1648.000000,1693.000000,0.000000,0.000000,0.000000,0.000000,0.000000,0.000000,0.000000,0.000000,0.000000,-0.040000,9.400000,2.610000,0.020000,0.010000,0.010000,40.750000,-16.250000,-15.060000
7.432000,154321.000000,0.000000,1679.000000,1775.000000,752.000000,1667.000000,1776.000000,0.000000,0.000000,0.000000,0.000000,0.000000,0.000000,0.000000,0.000000,0.000000,-0.040000,9.400000,2.610000,0.020000,0.010000,0.010000,40.750000,-16.250000,-15.060000
7.434000,154322.000000,1.000000,1672.000000,1802.000000,842.000000,1663.000000,2041.000000,0.000000,0.000000,0.000000,0.000000,0.000000,0.000000,0.000000,0.000000,0.000000,-0.040000,9.400000,2.610000,0.020000,0.010000,0.010000,40.750000,-16.250000,-15.060000
7.436000,154323.000000,57.000000,1678.000000,1759.000000,1123.000000,1651.000000,2608.000000,0.000000,0.000000,0.000000,0.000000,0.000000,0.000000,0.000000,0.000000,0.000000,-0.040000,9.400000,2.610000,0.020000,0.010000,0.010000,40.750000,-16.250000,-15.060000
7.438000,154324.000000,47.000000,1742.000000,1808.000000,1257.000000,1700.000000,2353.000000,0.000000,0.000000,0.000000,0.000000,0.000000,0.000000,0.000000,0.000000,0.000000,-0.040000,9.400000,2.610000,0.020000,0.010000,0.010000,40.750000,-16.250000,-15.060000
7.440000,154325.000000,44.000000,1757.000000,1811.000000,1174.000000,1711.000000,2003.000000,0.000000,0.000000,0.000000,0.000000,0.000000,0.000000,0.000000,0.000000,0.000000,-0.090000,9.400000,2.690000,0.020000,0.000000,0.010000,42.250000,-16.560000,-15.880000
7.442000,154326.000000,0.000000,1785.000000,1851.000000,911.000000,1725.000000,1310.000000,0.000000,0.000000,0.000000,0.000000,0.000000,0.000000,0.000000,0.000000,0.000000,-0.090000,9.400000,2.690000,0.020000,0.000000,0.010000,42.250000,-16.560000,-15.880000
7.444000,154327.000000,0.000000,1761.000000,1825.000000,688.000000,1713.000000,1204.000000,0.000000,0.000000,0.000000,0.000000,0.000000,0.000000,0.000000,0.000000,0.000000,-0.090000,9.400000,2.690000,0.020000,0.000000,0.010000,42.250000,-16.560000,-15.880000
7.446000,154328.000000,0.000000,1695.000000,1851.000000,564.000000,1680.000000,1425.000000,0.000000,0.000000,0.000000,0.000000,0.000000,0.000000,0.000000,0.000000,0.000000,-0.090000,9.400000,2.690000,0.020000,0.000000,0.010000,42.250000,-16.560000,-15.880000
7.448000,154329.000000,0.000000,1711.000000,1791.000000,618.000000,1692.000000,1605.000000,0.000000,0.000000,0.000000,0.000000,0.000000,0.000000,0.000000,0.000000,0.000000,-0.090000,9.400000,2.690000,0.020000,0.000000,0.010000,42.250000,-16.560000,-15.880000
7.450000,154330.000000,511.000000,1680.000000,1781.000000,672.000000,1687.000000,1682.000000,0.000000,0.000000,0.000000,0.000000,0.000000,0.000000,0.000000,0.000000,0.000000,-0.070000,9.390000,2.660000,0.010000,0.000000,0.010000,42.250000,-16.560000,-15.880000
7.452000,154331.000000,13.000000,1680.000000,1773.000000,742.000000,1677.000000,1780.000000,0.000000,0.000000,0.000000,0.000000,0.000000,0.000000,0.000000,0.000000,0.000000,-0.070000,9.390000,2.660000,0.010000,0.000000,0.010000,42.250000,-16.560000,-15.880000
7.454000,154332.000000,6.000000,1678.000000,1771.000000,833.000000,1693.000000,2037.000000,0.000000,0.000000,0.000000,0.000000,0.000000,0.000000,0.000000,0.000000,0.000000,-0.070000,9.390000,2.660000,0.010000,0.000000,0.010000,42.250000,-16.560000,-15.880000
7.456000,154333.000000,62.000000,1687.000000,1776.000000,1113.000000,1680.000000,2611.000000,0.000000,0.000000,0.000000,0.000000,0.000000,0.000000,0.000000,0.000000,0.000000,-0.070000,9.390000,2.660000,0.010000,0.000000,0.010000,42.250000,-16.560000,-15.880000
7.458000,154334.000000,49.000000,1731.000000,1792.000000,1254.000000,1723.000000,2354.000000,0.000000,0.000000,0.000000,0.000000,0.000000,0.000000,0.000000,0.000000,0.000000,-0.070000,9.390000,2.660000,0.010000,0.000000,0.010000,42.250000,-16.560000,-15.880000
7.460000,154335.000000,592.000000,1779.000000,1831.000000,1212.000000,1750.000000,2034.000000,0.000000,0.000000,0.000000,0.000000,0.000000,0.000000,0.000000,0.000000,0.000000,-0.060000,9.390000,2.590000,0.010000,0.000000,0.000000,42.250000,-16.560000,-15.880000
7.462000,154336.000000,0.000000,1823.000000,1817.000000,923.000000,1770.000000,1325.000000,0.000000,0.000000,0.000000,0.000000,0.000000,0.000000,0.000000,0.000000,0.000000,-0.060000,9.390000,2.590000,0.010000,0.000000,0.000000,42.250000,-16.560000,-15.880000
7.464000,154337.000000,0.000000,1771.000000,1834.000000,672.000000,1730.000000,1216.000000,0.000000,0.000000,0.000000,0.000000,0.000000,0.000000,0.000000,0.000000,0.000000,-0.060000,9.390000,2.590000,0.010000,0.000000,0.000000,42.250000,-16.560000,-15.880000
7.466000,154338.000000,0.000000,1754.000000,1808.000000,560.000000,1701.000000,1425.000000,0.000000,0.000000,0.000000,0.000000,0.000000,0.000000,0.000000,0.000000,0.000000,-0.060000,9.390000,2.590000,0.010000,0.000000,0.000000,42.250000,-16.560000,-15.880000
7.468000,154339.000000,0.000000,1751.000000,1771.000000,636.000000,1689.000000,1600.000000,0.000000,0.000000,0.000000,0.000000,0.000000,0.000000,0.000000,0.000000,0.000000,-0.060000,9.390000,2.590000,0.010000,0.000000,0.000000,42.250000,-16.560000,-15.880000
7.470000,154340.000000,528.000000,1712.000000,1792.000000,667.000000,1694.000000,1690.000000,0.000000,0.000000,0.000000,0.000000,0.000000,0.000000,0.000000,0.000000,0.000000,-0.060000,9.430000,2.660000,0.000000,-0.010000,0.000000,42.250000,-16.560000,-15.880000
7.472000,154341.000000,6.000000,1695.000000,1776.000000,750.000000,1713.000000,1789.000000,0.000000,0.000000,0.000000,0.000000,0.000000,0.000000,0.000000,0.000000,0.000000,-0.060000,9.430000,2.660000,0.000000,-0.010000,0.000000,42.250000,-16.560000,-15.880000
7.474000,154342.000000,2.000000,1717.000000,1805.000000,826.000000,1698.000000,2063.000000,0.000000,0.000000,0.000000,0.000000,0.000000,0.000000,0.000000,0.000000,0.000000,-0.060000,9.430000,2.660000,0.000000,-0.010000,0.000000,42.250000,-16.560000,-15.880000
7.476000,154343.000000,54.000000,1724.000000,1792.000000,1115.000000,1714.000000,2606.000000,0.000000,0.000000,0.000000,0.000000,0.000000,0.000000,0.000000,0.000000,0.000000,-0.060000,9.430000,2.660000,0.000000,-0.010000,0.000000,42.250000,-16.560000,-15.880000
7.478000,154344.000000,49.000000,1754.000000,1794.000000,1243.000000,1744.000000,2343.000000,0.000000,0.000000,0.000000,0.000000,0.000000,0.000000,0.000000,0.000000,0.000000,-0.060000,9.430000,2.660000,0.000000,-0.010000,0.000000,42.250000,-16.560000,-15.880000
7.480000,154345.000000,70.000000,1808.000000,1840.000000,1222.000000,1775.000000,2002.000000,0.000000,0.000000,0.000000,0.000000,0.000000,0.000000,0.000000,0.000000,0.000000,-0.020000,9.450000,2.680000,0.000000,-0.010000,0.000000,42.250000,-16.560000,-15.880000
7.482000,154346.000000,0.000000,1813.000000,1835.000000,912.000000,1777.000000,1356.000000,0.000000,0.000000,0.000000,0.000000,0.000000,0.000000,0.000000,0.000000,0.000000,-0.020000,9.450000,2.680000,0.000000,-0.010000,0.000000,42.250000,-16.560000,-15.880000
7.484000,154347.000000,0.000000,1798.000000,1847.000000,696.000000,1759.000000,1202.000000,0.000000,0.000000,0.000000,0.000000,0.000000,0.000000,0.000000,0.000000,0.000000,-0.020000,9.450000,2.680000,0.000000,-0.010000,0.000000,42.250000,-16.560000,-15.880000
7.486000,154348.000000,0.000000,1775.000000,1823.000000,541.000000,1761.000000,1424.000000,0.000000,0.000000,0.000000,0.000000,0.000000,0.000000,0.000000,0.000000,0.000000,-0.020000,9.450000,2.680000,0.000000,-0.010000,0.000000,42.250000,-16.560000,-15.880000
7.488000,154349.000000,0.000000,1745.000000,1808.000000,597.000000,1741.000000,1599.000000,0.000000,0.000000,0.000000,0.000000,0.000000,0.000000,0.000000,0.000000,0.000000,-0.020000,9.450000,2.680000,0.000000,-0.010000,0.000000,42.250000,-16.560000,-15.880000
7.490000,154350.000000,0.000000,1725.000000,1790.000000,656.000000,1742.000000,1702.000000,0.000000,0.000000,0.000000,0.000000,0.000000,0.000000,0.000000,0.000000,0.000000,0.000000,9.470000,2.710000,0.000000,0.000000,0.000000,41.500000,-17.000000,-14.250000
7.492000,154351.000000,0.000000,1707.000000,1789.000000,736.000000,1728.000000,1777.000000,0.000000,0.000000,0.000000,0.000000,0.000000,0.000000,0.000000,0.000000,0.000000,0.000000,9.470000,2.710000,0.000000,0.000000,0.000000,41.500000,-17.000000,-14.250000
7.494000,154352.000000,9.000000,1746.000000,1808.000000,801.000000,1718.000000,2018.000000,0.000000,0.000000,0.000000,0.000000,0.000000,0.000000,0.000000,0.000000,0.000000,0.000000,9.470000,2.710000,0.000000,0.000000,0.000000,41.500000,-17.000000,-14.250000
7.496000,154353.000000,59.000000,1741.000000,1776.000000,1091.000000,1745.000000,2592.000000,0.000000,0.000000,0.000000,0.000000,0.000000,0.000000,0.000000,0.000000,0.000000,0.000000,9.470000,2.710000,0.000000,0.000000,0.000000,41.500000,-17.000000,-14.250000
7.498000,154354.000000,51.000000,1787.000000,1814.000000,1246.000000,1767.000000,2379.000000,0.000000,0.000000,0.000000,0.000000,0.000000,0.000000,0.000000,0.000000,0.000000,0.000000,9.470000,2.710000,0.000000,0.000000,0.000000,41.500000,-17.000000,-14.250000
7.500000,154355.000000,598.000000,1833.000000,1833.000000,1214.000000,1781.000000,2059.000000,0.000000,0.000000,0.000000,0.000000,0.000000,0.000000,0.000000,0.000000,0.000000,0.020000,9.450000,2.680000,0.000000,0.000000,0.000000,41.500000,-17.000000,-14.250000
7.502000,154356.000000,0.000000,1840.000000,1852.000000,902.000000,1807.000000,1357.000000,0.000000,0.000000,0.000000,0.000000,0.000000,0.000000,0.000000,0.000000,0.000000,0.020000,9.450000,2.680000,0.000000,0.000000,0.000000,41.500000,-17.000000,-14.250000
7.504000,154357.000000,0.000000,1843.000000,1845.000000,668.000000,1787.000000,1222.000000,0.000000,0.000000,0.000000,0.000000,0.000000,0.000000,0.000000,0.000000,0.000000,0.020000,9.450000,2.680000,0.000000,0.000000,0.000000,41.500000,-17.000000,-14.250000
7.506000,154358.000000,0.000000,1802.000000,1827.000000,549.000000,1773.000000,1414.000000,0.000000,0.000000,0.000000,0.000000,0.000000,0.000000,0.000000,0.000000,0.000000,0.020000,9.450000,2.680000,0.000000,0.000000,0.000000,41.500000,-17.000000,-14.250000
7.508000,154359.000000,0.000000,1748.000000,1765.000000,576.000000,1743.000000,1616.000000,0.000000,0.000000,0.000000,0.000000,0.000000,0.000000,0.000000,0.000000,0.000000,0.020000,9.450000,2.680000,0.000000,0.000000,0.000000,41.500000,-17.000000,-14.250000
7.510000,154360.000000,230.000000,1750.000000,1750.000000,640.000000,1777.000000,1690.000000,0.000000,0.000000,0.000000,0.000000,0.000000,0.000000,0.000000,0.000000,0.000000,0.020000,9.430000,2.600000,0.000000,0.000000,0.000000,41.500000,-17.000000,-14.250000
7.512000,154361.000000,0.000000,1743.000000,1775.000000,715.000000,1744.000000,1757.000000,0.000000,0.000000,0.000000,0.000000,0.000000,0.000000,0.000000,0.000000,0.000000,0.020000,9.430000,2.600000,0.000000,0.000000,0.000000,41.500000,-17.000000,-14.250000
7.514000,154362.000000,0.000000,1738.000000,1776.000000,801.000000,1770.000000,2025.000000,0.000000,0.000000,0.000000,0.000000,0.000000,0.000000,0.000000,0.000000,0.000000,0.020000,9.430000,2.600000,0.000000,0.000000,0.000000,41.500000,-17.000000,-14.250000
7.516000,154363.000000,49.000000,1763.000000,1777.000000,1059.000000,1763.000000,2608.000000,0.000000,0.000000,0.000000,0.000000,0.000000,0.000000,0.000000,0.000000,0.000000,0.020000,9.430000,2.600000,0.000000,0.000000,0.000000,41.500000,-17.000000,-14.250000
7.518000,154364.000000,48.000000,1795.000000,1782.000000,1240.000000,1788.000000,2383.000000,0.000000,0.000000,0.000000,0.000000,0.000000,0.000000,0.000000,0.000000,0.000000,0.020000,9.430000,2.600000,0.000000,0.000000,0.000000,41.500000,-17.000000,-14.250000
7.520000,154365.000000,615.000000,1840.000000,1822.000000,1200.000000,1831.000000,2061.000000,0.000000,0.000000,0.000000,0.000000,0.000000,0.000000,0.000000,0.000000,0.000000,-0.010000,9.420000,2.650000,0.000000,0.000000,0.000000,41.500000,-17.000000,-14.250000
7.522000,154366.000000,0.000000,1889.000000,1819.000000,909.000000,1857.000000,1343.000000,0.000000,0.000000,0.000000,0.000000,0.000000,0.000000,0.000000,0.000000,0.000000,-0.010000,9.420000,2.650000,0.000000,0.000000,0.000000,41.500000,-17.000000,-14.250000
7.524000,154367.000000,0.000000,1843.000000,1827.000000,688.000000,1842.000000,1242.000000,0.000000,0.000000,0.000000,0.000000,0.000000,0.000000,0.000000,0.000000,0.000000,-0.010000,9.420000,2.650000,0.000000,0.000000,0.000000,41.500000,-17.000000,-14.250000
7.526000,154368.000000,0.000000,1834.000000,1807.000000,555.000000,1826.000000,1422.000000,0.000000,0.000000,0.000000,0.000000,0.000000,0.000000,0.000000,0.000000,0.000000,-0.010000,9.420000,2.650000,0.000000,0.000000,0.000000,41.500000,-17.000000,-14.250000
7.528000,154369.000000,0.000000,1783.000000,1766.000000,587.000000,1795.000000,1609.000000,0.000000,0.000000,0.000000,0.000000,0.000000,0.000000,0.000000,0.000000,0.000000,-0.010000,9.420000,2.650000,0.000000,0.000000,0.000000,41.500000,-17.000000,-14.250000
7.530000,154370.000000,0.000000,1765.000000,1775.000000,656.000000,1782.000000,1702.000000,0.000000,0.000000,0.000000,0.000000,0.000000,0.000000,0.000000,0.000000,0.000000,0.000000,9.440000,2.630000,-0.010000,0.000000,0.000000,41.500000,-17.000000,-14.250000
7.532000,154371.000000,81.000000,1771.000000,1787.000000,734.000000,1792.000000,1805.000000,0.000000,0.000000,0.000000,0.000000,0.000000,0.000000,0.000000,0.000000,0.000000,0.000000,9.440000,2.630000,-0.010000,0.000000,0.000000,41.500000,-17.000000,-14.250000
7.534000,154372.000000,5.000000,1766.000000,1744.000000,820.000000,1799.000000,2035.000000,0.000000,0.000000,0.000000,0.000000,0.000000,0.000000,0.000000,0.000000,0.000000,0.000000,9.440000,2.630000,-0.010000,0.000000,0.000000,41.500000,-17.000000,-14.250000
7.536000,154373.000000,62.000000,1797.000000,1756.000000,1104.000000,1800.000000,2609.000000,0.000000,0.000000,0.000000,0.000000,0.000000,0.000000,0.000000,0.000000,0.000000,0.000000,9.440000,2.630000,-0.010000,0.000000,0.000000,41.500000,-17.000000,-14.250000
7.538000,154374.000000,58.000000,1836.000000,1799.000000,1255.000000,1826.000000,2379.000000,0.000000,0.000000,0.000000,0.000000,0.000000,0.000000,0.000000,0.000000,0.000000,0.000000,9.440000,2.630000,-0.010000,0.000000,0.000000,41.500000,-17.000000,-14.250000
7.540000,154375.000000,627.000000,1872.000000,1802.000000,1209.000000,1856.000000,2044.000000,0.000000,0.000000,0.000000,0.000000,0.000000,0.000000,0.000000,0.000000,0.000000,-0.020000,9.420000,2.610000,-0.010000,-0.010000,0.000000,41.880000,-17.000000,-15.060000
7.542000,154376.000000,0.000000,1897.000000,1828.000000,912.000000,1865.000000,1364.000000,0.000000,0.000000,0.000000,0.000000,0.000000,0.000000,0.000000,0.000000,0.000000,-0.020000,9.420000,2.610000,-0.010000,-0.010000,0.000000,41.880000,-17.000000,-15.060000
7.544000,154377.000000,0.000000,1882.000000,1809.000000,679.000000,1840.000000,1238.000000,0.000000,0.000000,0.000000,0.000000,0.000000,0.000000,0.000000,0.000000,0.000000,-0.020000,9.420000,2.610000,-0.010000,-0.010000,0.000000,41.880000,-17.000000,-15.060000
7.546000,154378.000000,0.000000,1839.000000,1813.000000,571.000000,1820.000000,1411.000000,0.000000,0.000000,0.000000,0.000000,0.000000,0.000000,0.000000,0.000000,0.000000,-0.020000,9.420000,2.610000,-0.010000,-0.010000,0.000000,41.880000,-17.000000,-15.060000
7.548000,154379.000000,0.000000,1837.000000,1786.000000,597.000000,1795.000000,1599.000000,0.000000,0.000000,0.000000,0.000000,0.000000,0.000000,0.000000,0.000000,0.000000,-0.020000,9.420000,2.610000,-0.010000,-0.010000,0.000000,41.880000,-17.000000,-15.060000
7.550000,154380.000000,565.000000,1797.000000,1786.000000,663.000000,1801.000000,1667.000000,0.000000,0.000000,0.000000,0.000000,0.000000,0.000000,0.000000,0.000000,0.000000,0.000000,9.430000,2.570000,-0.010000,-0.010000,-0.010000,41.880000,-17.000000,-15.060000
7.552000,154381.000000,12.000000,1782.000000,1757.000000,718.000000,1792.000000,1777.000000,0.000000,0.000000,0.000000,0.000000,0.000000,0.000000,0.000000,0.000000,0.000000,0.000000,9.430000,2.570000,-0.010000,-0.010000,-0.010000,41.880000,-17.000000,-15.060000
7.554000,154382.000000,5.000000,1808.000000,1775.000000,816.000000,1776.000000,2032.000000,0.000000,0.000000,0.000000,0.000000,0.000000,0.000000,0.000000,0.000000,0.000000,0.000000,9.430000,2.570000,-0.010000,-0.010000,-0.010000,41.880000,-17.000000,-15.060000
7.556000,154383.000000,59.000000,1791.000000,1743.000000,1074.000000,1791.000000,2624.000000,0.000000,0.000000,0.000000,0.000000,0.000000,0.000000,0.000000,0.000000,0.000000,0.000000,9.430000,2.570000,-0.010000,-0.010000,-0.010000,41.880000,-17.000000,-15.060000
7.558000,154384.000000,53.000000,1854.000000,1799.000000,1237.000000,1819.000000,2381.000000,0.000000,0.000000,0.000000,0.000000,0.000000,0.000000,0.000000,0.000000,0.000000,0.000000,9.430000,2.570000,-0.010000,-0.010000,-0.010000,41.880000,-17.000000,-15.060000
7.560000,154385.000000,635.000000,1862.000000,1821.000000,1219.000000,1847.000000,2030.000000,0.000000,0.000000,0.000000,0.000000,0.000000,0.000000,0.000000,0.000000,0.000000,-0.030000,9.480000,2.390000,-0.010000,-0.020000,-0.010000,41.880000,-17.000000,-15.060000
7.562000,154386.000000,0.000000,1889.000000,1840.000000,918.000000,1869.000000,1338.000000,0.000000,0.000000,0.000000,0.000000,0.000000,0.000000,0.000000,0.000000,0.000000,-0.030000,9.480000,2.390000,-0.010000,-0.020000,-0.010000,41.880000,-17.000000,-15.060000
7.564000,154387.000000,0.000000,1890.000000,1830.000000,686.000000,1856.000000,1250.000000,0.000000,0.000000,0.000000,0.000000,0.000000,0.000000,0.000000,0.000000,0.000000,-0.030000,9.480000,2.390000,-0.010000,-0.020000,-0.010000,41.880000,-17.000000,-15.060000
7.566000,154388.000000,0.000000,1859.000000,1838.000000,560.000000,1821.000000,1402.000000,0.000000,0.000000,0.000000,0.000000,0.000000,0.000000,0.000000,0.000000,0.000000,-0.030000,9.480000,2.390000,-0.010000,-0.020000,-0.010000,41.880000,-17.000000,-15.060000
7.568000,154389.000000,0.000000,1840.000000,1799.000000,604.000000,1810.000000,1612.000000,0.000000,0.000000,0.000000,0.000000,0.000000,0.000000,0.000000,0.000000,0.000000,-0.030000,9.480000,2.390000,-0.010000,-0.020000,-0.010000,41.880000,-17.000000,-15.060000
7.570000,154390.000000,565.000000,1795.000000,1810.000000,657.000000,1818.000000,1690.000000,0.000000,0.000000,0.000000,0.000000,0.000000,0.000000,0.000000,0.000000,0.000000,-0.030000,9.500000,2.420000,-0.010000,-0.020000,-0.010000,41.880000,-17.000000,-15.060000
7.572000,154391.000000,19.000000,1805.000000,1792.000000,698.000000,1810.000000,1791.000000,0.000000,0.000000,0.000000,0.000000,0.000000,0.000000,0.000000,0.000000,0.000000,-0.030000,9.500000,2.420000,-0.010000,-0.020000,-0.010000,41.880000,-17.000000,-15.060000
7.574000,154392.000000,9.000000,1792.000000,1789.000000,784.000000,1795.000000,2033.000000,0.000000,0.000000,0.000000,0.000000,0.000000,0.000000,0.000000,0.000000,0.000000,-0.030000,9.500000,2.420000,-0.010000,-0.020000,-0.010000,41.880000,-17.000000,-15.060000
7.576000,154393.000000,64.000000,1818.000000,1801.000000,1077.000000,1822.000000,2623.000000,0.000000,0.000000,0.000000,0.000000,0.000000,0.000000,0.000000,0.000000,0.000000,-0.030000,9.500000,2.420000,-0.010000,-0.020000,-0.010000,41.880000,-17.000000,-15.060000
7.578000,154394.000000,55.000000,1851.000000,1840.000000,1237.000000,1845.000000,2374.000000,0.000000,0.000000,0.000000,0.000000,0.000000,0.000000,0.000000,0.000000,0.000000,-0.030000,9.500000,2.420000,-0.010000,-0.020000,-0.010000,41.880000,-17.000000,-15.060000
7.580000,154395.000000,33.000000,1891.000000,1822.000000,1168.000000,1875.000000,2007.000000,0.000000,0.000000,0.000000,0.000000,0.000000,0.000000,0.000000,0.000000,0.000000,-0.070000,9.500000,2.430000,-0.010000,-0.010000,-0.010000,41.880000,-17.000000,-15.060000
7.582000,154396.000000,0.000000,1925.000000,1851.000000,926.000000,1872.000000,1344.000000,0.000000,0.000000,0.000000,0.000000,0.000000,0.000000,0.000000,0.000000,0.000000,-0.070000,9.500000,2.430000,-0.010000,-0.010000,-0.010000,41.880000,-17.000000,-15.060000
7.584000,154397.000000,0.000000,1895.000000,1818.000000,671.000000,1892.000000,1237.000000,0.000000,0.000000,0.000000,0.000000,0.000000,0.000000,0.000000,0.000000,0.000000,-0.070000,9.500000,2.430000,-0.010000,-0.010000,-0.010000,41.880000,-17.000000,-15.060000
7.586000,154398.000000,0.000000,1855.000000,1840.000000,525.000000,1862.000000,1426.000000,0.000000,0.000000,0.000000,0.000000,0.000000,0.000000,0.000000,0.000000,0.000000,-0.070000,9.500000,2.430000,-0.010000,-0.010000,-0.010000,41.880000,-17.000000,-15.060000
7.588000,154399.000000,0.000000,1831.000000,1809.000000,590.000000,1846.000000,1600.000000,0.000000,0.000000,0.000000,0.000000,0.000000,0.000000,0.000000,0.000000,0.000000,-0.070000,9.500000,2.430000,-0.010000,-0.010000,-0.010000,41.880000,-17.000000,-15.060000
7.590000,154400.000000,555.000000,1831.000000,1821.000000,641.000000,1859.000000,1683.000000,0.000000,0.000000,0.000000,0.000000,0.000000,0.000000,0.000000,0.000000,0.000000,-0.050000,9.530000,2.420000,0.000000,-0.010000,-0.010000,41.190000,-17.690000,-15.500000
7.592000,154401.000000,16.000000,1830.000000,1815.000000,720.000000,1847.000000,1795.000000,0.000000,0.000000,0.000000,0.000000,0.000000,0.000000,0.000000,0.000000,0.000000,-0.050000,9.530000,2.420000,0.000000,-0.010000,-0.010000,41.190000,-17.690000,-15.500000
7.594000,154402.000000,8.000000,1811.000000,1821.000000,793.000000,1845.000000,2042.000000,0.000000,0.000000,0.000000,0.000000,0.000000,0.000000,0.000000,0.000000,0.000000,-0.050000,9.530000,2.420000,0.000000,-0.010000,-0.010000,41.190000,-17.690000,-15.500000
7.596000,154403.000000,62.000000,1806.000000,1833.000000,1055.000000,1853.000000,2618.000000,0.000000,0.000000,0.000000,0.000000,0.000000,0.000000,0.000000,0.000000,0.000000,-0.050000,9.530000,2.420000,0.000000,-0.010000,-0.010000,41.190000,-17.690000,-15.500000
7.598000,154404.000000,48.000000,1858.000000,1833.000000,1232.000000,1866.000000,2402.000000,0.000000,0.000000,0.000000,0.000000,0.000000,0.000000,0.000000,0.000000,0.000000,-0.050000,9.530000,2.420000,0.000000,-0.010000,-0.010000,41.190000,-17.690000,-15.500000
7.600000,154405.000000,640.000000,1898.000000,1858.000000,1200.000000,1904.000000,2066.000000,0.000000,0.000000,0.000000,0.000000,0.000000,0.000000,0.000000,0.000000,0.000000,-0.080000,9.560000,2.390000,0.000000,0.000000,-0.010000,41.190000,-17.690000,-15.500000
7.602000,154406.000000,0.000000,1927.000000,1859.000000,912.000000,1937.000000,1367.000000,0.000000,0.000000,0.000000,0.000000,0.000000,0.000000,0.000000,0.000000,0.000000,-0.080000,9.560000,2.390000,0.000000,0.000000,-0.010000,41.190000,-17.690000,-15.500000
7.604000,154407.000000,0.000000,1927.000000,1863.000000,685.000000,1911.000000,1235.000000,0.000000,0.000000,0.000000,0.000000,0.000000,0.000000,0.000000,0.000000,0.000000,-0.080000,9.560000,2.390000,0.000000,0.000000,-0.010000,41.190000,-17.690000,-15.500000
7.606000,154408.000000,0.000000,1875.000000,1836.000000,553.000000,1856.000000,1441.000000,0.000000,0.000000,0.000000,0.000000,0.000000,0.000000,0.000000,0.000000,0.000000,-0.080000,9.560000,2.390000,0.000000,0.000000,-0.010000,41.190000,-17.690000,-15.500000
7.608000,154409.000000,0.000000,1840.000000,1824.000000,590.000000,1868.000000,1613.000000,0.000000,0.000000,0.000000,0.000000,0.000000,0.000000,0.000000,0.000000,0.000000,-0.080000,9.560000,2.390000,0.000000,0.000000,-0.010000,41.190000,-17.690000,-15.500000
7.610000,154410.000000,511.000000,1829.000000,1832.000000,637.000000,1849.000000,1687.000000,0.000000,0.000000,0.000000,0.000000,0.000000,0.000000,0.000000,0.000000,0.000000,-0.070000,9.560000,2.320000,0.000000,0.010000,-0.010000,41.190000,-17.690000,-15.500000
7.612000,154411.000000,6.000000,1830.000000,1809.000000,714.000000,1840.000000,1767.000000,0.000000,0.000000,0.000000,0.000000,0.000000,0.000000,0.000000,0.000000,0.000000,-0.070000,9.560000,2.320000,0.000000,0.010000,-0.010000,41.190000,-17.690000,-15.500000
7.614000,154412.000000,7.000000,1826.000000,1801.000000,789.000000,1823.000000,2064.000000,0.000000,0.000000,0.000000,0.000000,0.000000,0.000000,0.000000,0.000000,0.000000,-0.070000,9.560000,2.320000,0.000000,0.010000,-0.010000,41.190000,-17.690000,-15.500000
7.616000,154413.000000,71.000000,1840.000000,1765.000000,1058.000000,1850.000000,2635.000000,0.000000,0.000000,0.000000,0.000000,0.000000,0.000000,0.000000,0.000000,0.000000,-0.070000,9.560000,2.320000,0.000000,0.010000,-0.010000,41.190000,-17.690000,-15.500000
7.618000,154414.000000,51.000000,1872.000000,1817.000000,1235.000000,1889.000000,2415.000000,0.000000,0.000000,0.000000,0.000000,0.000000,0.000000,0.000000,0.000000,0.000000,-0.070000,9.560000,2.320000,0.000000,0.010000,-0.010000,41.190000,-17.690000,-15.500000
7.620000,154415.000000,25.000000,1904.000000,1844.000000,1182.000000,1911.000000,2032.000000,0.000000,0.000000,0.000000,0.000000,0.000000,0.000000,0.000000,0.000000,0.000000,-0.090000,9.560000,2.340000,0.010000,0.010000,-0.010000,41.190000,-17.690000,-15.500000
7.622000,154416.000000,0.000000,1930.000000,1853.000000,897.000000,1935.000000,1376.000000,0.000000,0.000000,0.000000,0.000000,0.000000,0.000000,0.000000,0.000000,0.000000,-0.090000,9.560000,2.340000,0.010000,0.010000,-0.010000,41.190000,-17.690000,-15.500000
7.624000,154417.000000,0.000000,1903.000000,1831.000000,677.000000,1908.000000,1269.000000,0.000000,0.000000,0.000000,0.000000,0.000000,0.000000,0.000000,0.000000,0.000000,-0.090000,9.560000,2.340000,0.010000,0.010000,-0.010000,41.190000,-17.690000,-15.500000
7.626000,154418.000000,0.000000,1886.000000,1840.000000,543.000000,1919.000000,1418.000000,0.000000,0.000000,0.000000,0.000000,0.000000,0.000000,0.000000,0.000000,0.000000,-0.090000,9.560000,2.340000,0.010000,0.010000,-0.010000,41.190000,-17.690000,-15.500000
7.628000,154419.000000,0.000000,1842.000000,1802.000000,569.000000,1877.000000,1611.000000,0.000000,0.000000,0.000000,0.000000,0.000000,0.000000,0.000000,0.000000,0.000000,-0.090000,9.560000,2.340000,0.010000,0.010000,-0.010000,41.190000,-17.690000,-15.500000
7.630000,154420.000000,0.000000,1831.000000,1808.000000,626.000000,1876.000000,1698.000000,0.000000,0.000000,0.000000,0.000000,0.000000,0.000000,0.000000,0.000000,0.000000,-0.090000,9.570000,2.350000,0.010000,0.010000,0.000000,41.190000,-17.690000,-15.500000
7.632000,154421.000000,0.000000,1801.000000,1767.000000,717.000000,1872.000000,1781.000000,0.000000,0.000000,0.000000,0.000000,0.000000,0.000000,0.000000,0.000000,0.000000,-0.090000,9.570000,2.350000,0.010000,0.010000,0.000000,41.190000,-17.690000,-15.500000
7.634000,154422.000000,3.000000,1817.000000,1793.000000,794.000000,1863.000000,2027.000000,0.000000,0.000000,0.000000,0.000000,0.000000,0.000000,0.000000,0.000000,0.000000,-0.090000,9.570000,2.350000,0.010000,0.010000,0.000000,41.190000,-17.690000,-15.500000
7.636000,154423.000000,64.000000,1825.000000,1776.000000,1067.000000,1875.000000,2591.000000,0.000000,0.000000,0.000000,0.000000,0.000000,0.000000,0.000000,0.000000,0.000000,-0.090000,9.570000,2.350000,0.010000,0.010000,0.000000,41.190000,-17.690000,-15.500000
7.638000,154424.000000,54.000000,1853.000000,1814.000000,1234.000000,1904.000000,2403.000000,0.000000,0.000000,0.000000,0.000000,0.000000,0.000000,0.000000,0.000000,0.000000,-0.090000,9.570000,2.350000,0.010000,0.010000,0.000000,41.190000,-17.690000,-15.500000
7.640000,154425.000000,498.000000,1894.000000,1838.000000,1201.000000,1954.000000,2064.000000,0.000000,0.000000,0.000000,0.000000,0.000000,0.000000,0.000000,0.000000,0.000000,-0.090000,9.600000,2.380000,0.010000,0.000000,0.000000,40.750000,-17.250000,-14.690000
7.642000,154426.000000,0.000000,1914.000000,1846.000000,931.000000,1971.000000,1375.000000,0.000000,0.000000,0.000000,0.000000,0.000000,0.000000,0.000000,0.000000,0.000000,-0.090000,9.600000,2.380000,0.010000,0.000000,0.000000,40.750000,-17.250000,-14.690000
7.644000,154427.000000,0.000000,1891.000000,1853.000000,693.000000,1957.000000,1239.000000,0.000000,0.000000,0.000000,0.000000,0.000000,0.000000,0.000000,0.000000,0.000000,-0.090000,9.600000,2.380000,0.010000,0.000000,0.000000,40.750000,-17.250000,-14.690000
7.646000,154428.000000,0.000000,1838.000000,1808.000000,542.000000,1915.000000,1419.000000,0.000000,0.000000,0.000000,0.000000,0.000000,0.000000,0.000000,0.000000,0.000000,-0.090000,9.600000,2.380000,0.010000,0.000000,0.000000,40.750000,-17.250000,-14.690000
7.648000,154429.000000,0.000000,1829.000000,1822.000000,577.000000,1902.000000,1617.000000,0.000000,0.000000,0.000000,0.000000,0.000000,0.000000,0.000000,0.000000,0.000000,-0.090000,9.600000,2.380000,0.010000,0.000000,0.000000,40.750000,-17.250000,-14.690000
7.650000,154430.000000,560.000000,1830.000000,1808.000000,655.000000,1901.000000,1691.000000,0.000000,0.000000,0.000000,0.000000,0.000000,0.000000,0.000000,0.000000,0.000000,-0.120000,9.590000,2.330000,0.020000,-0.010000,0.000000,40.750000,-17.250000,-14.690000
7.652000,154431.000000,10.000000,1792.000000,1814.000000,731.000000,1905.000000,1806.000000,0.000000,0.000000,0.000000,0.000000,0.000000,0.000000,0.000000,0.000000,0.000000,-0.120000,9.590000,2.330000,0.020000,-0.010000,0.000000,40.750000,-17.250000,-14.690000
7.654000,154432.000000,6.000000,1799.000000,1794.000000,802.000000,1903.000000,2018.000000,0.000000,0.000000,0.000000,0.000000,0.000000,0.000000,0.000000,0.000000,0.000000,-0.120000,9.590000,2.330000,0.020000,-0.010000,0.000000,40.750000,-17.250000,-14.690000
7.656000,154433.000000,59.000000,1829.000000,1815.000000,1097.000000,1897.000000,2611.000000,0.000000,0.000000,0.000000,0.000000,0.000000,0.000000,0.000000,0.000000,0.000000,-0.120000,9.590000,2.330000,0.020000,-0.010000,0.000000,40.750000,-17.250000,-14.690000
7.658000,154434.000000,50.000000,1857.000000,1844.000000,1264.000000,1931.000000,2407.000000,0.000000,0.000000,0.000000,0.000000,0.000000,0.000000,0.000000,0.000000,0.000000,-0.120000,9.590000,2.330000,0.020000,-0.010000,0.000000,40.750000,-17.250000,-14.690000
7.660000,154435.000000,635.000000,1905.000000,1884.000000,1216.000000,1970.000000,2047.000000,0.000000,0.000000,0.000000,0.000000,0.000000,0.000000,0.000000,0.000000,0.000000,-0.090000,9.580000,2.240000,0.020000,-0.010000,0.000000,40.750000,-17.250000,-14.690000
7.662000,154436.000000,0.000000,1939.000000,1886.000000,926.000000,1982.000000,1350.000000,0.000000,0.000000,0.000000,0.000000,0.000000,0.000000,0.000000,0.000000,0.000000,-0.090000,9.580000,2.240000,0.020000,-0.010000,0.000000,40.750000,-17.250000,-14.690000
7.664000,154437.000000,0.000000,1904.000000,1904.000000,688.000000,1964.000000,1243.000000,0.000000,0.000000,0.000000,0.000000,0.000000,0.000000,0.000000,0.000000,0.000000,-0.090000,9.580000,2.240000,0.020000,-0.010000,0.000000,40.750000,-17.250000,-14.690000
7.666000,154438.000000,0.000000,1863.000000,1879.000000,556.000000,1923.000000,1437.000000,0.000000,0.000000,0.000000,0.000000,0.000000,0.000000,0.000000,0.000000,0.000000,-0.090000,9.580000,2.240000,0.020000,-0.010000,0.000000,40.750000,-17.250000,-14.690000
7.668000,154439.000000,0.000000,1858.000000,1870.000000,575.000000,1927.000000,1636.000000,0.000000,0.000000,0.000000,0.000000,0.000000,0.000000,0.000000,0.000000,0.000000,-0.090000,9.580000,2.240000,0.020000,-0.010000,0.000000,40.750000,-17.250000,-14.690000
7.670000,154440.000000,0.000000,1819.000000,1834.000000,667.000000,1930.000000,1694.000000,0.000000,0.000000,0.000000,0.000000,0.000000,0.000000,0.000000,0.000000,0.000000,-0.090000,9.540000,2.240000,0.030000,-0.020000,0.010000,40.750000,-17.250000,-14.690000
7.672000,154441.000000,0.000000,1819.000000,1839.000000,715.000000,1898.000000,1778.000000,0.000000,0.000000,0.000000,0.000000,0.000000,0.000000,0.000000,0.000000,0.000000,-0.090000,9.540000,2.240000,0.030000,-0.020000,0.010000,40.750000,-17.250000,-14.690000
7.674000,154442.000000,2.000000,1823.000000,1874.000000,816.000000,1891.000000,2029.000000,0.000000,0.000000,0.000000,0.000000,0.000000,0.000000,0.000000,0.000000,0.000000,-0.090000,9.540000,2.240000,0.030000,-0.020000,0.010000,40.750000,-17.250000,-14.690000
7.676000,154443.000000,56.000000,1845.000000,1867.000000,1131.000000,1916.000000,2617.000000,0.000000,0.000000,0.000000,0.000000,0.000000,0.000000,0.000000,0.000000,0.000000,-0.090000,9.540000,2.240000,0.030000,-0.020000,0.010000,40.750000,-17.250000,-14.690000
7.678000,154444.000000,48.000000,1884.000000,1908.000000,1274.000000,1954.000000,2385.000000,0.000000,0.000000,0.000000,0.000000,0.000000,0.000000,0.000000,0.000000,0.000000,-0.090000,9.540000,2.240000,0.030000,-0.020000,0.010000,40.750000,-17.250000,-14.690000
7.680000,154445.000000,55.000000,1939.000000,1909.000000,1185.000000,1965.000000,2055.000000,0.000000,0.000000,0.000000,0.000000,0.000000,0.000000,0.000000,0.000000,0.000000,-0.090000,9.510000,2.300000,0.030000,-0.020000,0.010000,40.750000,-17.250000,-14.690000
7.682000,154446.000000,0.000000,1943.000000,1931.000000,895.000000,1975.000000,1375.000000,0.000000,0.000000,0.000000,0.000000,0.000000,0.000000,0.000000,0.000000,0.000000,-0.090000,9.510000,2.300000,0.030000,-0.020000,0.010000,40.750000,-17.250000,-14.690000
7.684000,154447.000000,0.000000,1921.000000,1936.000000,686.000000,1990.000000,1254.000000,0.000000,0.000000,0.000000,0.000000,0.000000,0.000000,0.000000,0.000000,0.000000,-0.090000,9.510000,2.300000,0.030000,-0.020000,0.010000,40.750000,-17.250000,-14.690000
7.686000,154448.000000,0.000000,1895.000000,1910.000000,562.000000,1943.000000,1427.000000,0.000000,0.000000,0.000000,0.000000,0.000000,0.000000,0.000000,0.000000,0.000000,-0.090000,9.510000,2.300000,0.030000,-0.020000,0.010000,40.750000,-17.250000,-14.690000
7.688000,154449.000000,0.000000,1852.000000,1918.000000,603.000000,1934.000000,1616.000000,0.000000,0.000000,0.000000,0.000000,0.000000,0.000000,0.000000,0.000000,0.000000,-0.090000,9.510000,2.300000,0.030000,-0.020000,0.010000,40.750000,-17.250000,-14.690000
7.690000,154450.000000,55.000000,1849.000000,1904.000000,672.000000,1913.000000,1717.000000,0.000000,0.000000,0.000000,0.000000,0.000000,0.000000,0.000000,0.000000,0.000000,-0.110000,9.530000,2.310000,0.040000,-0.010000,0.020000,40.750000,-16.560000,-15.880000
7.692000,154451.000000,0.000000,1841.000000,1904.000000,751.000000,1918.000000,1808.000000,0.000000,0.000000,0.000000,0.000000,0.000000,0.000000,0.000000,0.000000,0.000000,-0.110000,9.530000,2.310000,0.040000,-0.010000,0.020000,40.750000,-16.560000,-15.880000
7.694000,154452.000000,22.000000,1839.000000,1879.000000,831.000000,1904.000000,1998.000000,0.000000,0.000000,0.000000,0.000000,0.000000,0.000000,0.000000,0.000000,0.000000,-0.110000,9.530000,2.310000,0.040000,-0.010000,0.020000,40.750000,-16.560000,-15.880000
7.696000,154453.000000,64.000000,1833.000000,1896.000000,1134.000000,1890.000000,2608.000000,0.000000,0.000000,0.000000,0.000000,0.000000,0.000000,0.000000,0.000000,0.000000,-0.110000,9.530000,2.310000,0.040000,-0.010000,0.020000,40.750000,-16.560000,-15.880000
7.698000,154454.000000,54.000000,1859.000000,1905.000000,1299.000000,1947.000000,2406.000000,0.000000,0.000000,0.000000,0.000000,0.000000,0.000000,0.000000,0.000000,0.000000,-0.110000,9.530000,2.310000,0.040000,-0.010000,0.020000,40.750000,-16.560000,-15.880000
7.700000,154455.000000,648.000000,1911.000000,1951.000000,1213.000000,1984.000000,2140.000000,0.000000,0.000000,0.000000,0.000000,0.000000,0.000000,0.000000,0.000000,0.000000,-0.140000,9.570000,2.270000,0.040000,0.000000,0.020000,40.750000,-16.560000,-15.880000
7.702000,154456.000000,0.000000,1934.000000,1959.000000,893.000000,2000.000000,1403.000000,0.000000,0.000000,0.000000,0.000000,0.000000,0.000000,0.000000,0.000000,0.000000,-0.140000,9.570000,2.270000,0.040000,0.000000,0.020000,40.750000,-16.560000,-15.880000
7.704000,154457.000000,0.000000,1905.000000,1959.000000,711.000000,1994.000000,1275.000000,0.000000,0.000000,0.000000,0.000000,0.000000,0.000000,0.000000,0.000000,0.000000,-0.140000,9.570000,2.270000,0.040000,0.000000,0.020000,40.750000,-16.560000,-15.880000
7.706000,154458.000000,0.000000,1896.000000,1943.000000,558.000000,1959.000000,1433.000000,0.000000,0.000000,0.000000,0.000000,0.000000,0.000000,0.000000,0.000000,0.000000,-0.140000,9.570000,2.270000,0.040000,0.000000,0.020000,40.750000,-16.560000,-15.880000
7.708000,154459.000000,0.000000,1856.000000,1909.000000,581.000000,1935.000000,1617.000000,0.000000,0.000000,0.000000,0.000000,0.000000,0.000000,0.000000,0.000000,0.000000,-0.140000,9.570000,2.270000,0.040000,0.000000,0.020000,40.750000,-16.560000,-15.880000
7.710000,154460.000000,10.000000,1819.000000,1904.000000,666.000000,1925.000000,1727.000000,0.000000,0.000000,0.000000,0.000000,0.000000,0.000000,0.000000,0.000000,0.000000,-0.160000,9.600000,2.230000,0.050000,0.000000,0.020000,40.750000,-16.560000,-15.880000
7.712000,154461.000000,0.000000,1808.000000,1898.000000,754.000000,1924.000000,1804.000000,0.000000,0.000000,0.000000,0.000000,0.000000,0.000000,0.000000,0.000000,0.000000,-0.160000,9.600000,2.230000,0.050000,0.000000,0.020000,40.750000,-16.560000,-15.880000
7.714000,154462.000000,15.000000,1805.000000,1869.000000,809.000000,1919.000000,2027.000000,0.000000,0.000000,0.000000,0.000000,0.000000,0.000000,0.000000,0.000000,0.000000,-0.160000,9.600000,2.230000,0.050000,0.000000,0.020000,40.750000,-16.560000,-15.880000
7.716000,154463.000000,64.000000,1831.000000,1882.000000,1085.000000,1935.000000,2624.000000,0.000000,0.000000,0.000000,0.000000,0.000000,0.000000,0.000000,0.000000,0.000000,-0.160000,9.600000,2.230000,0.050000,0.000000,0.020000,40.750000,-16.560000,-15.880000
7.718000,154464.000000,48.000000,1871.000000,1922.000000,1279.000000,1957.000000,2389.000000,0.000000,0.000000,0.000000,0.000000,0.000000,0.000000,0.000000,0.000000,0.000000,-0.160000,9.600000,2.230000,0.050000,0.000000,0.020000,40.750000,-16.560000,-15.880000
7.720000,154465.000000,635.000000,1890.000000,1952.000000,1223.000000,1961.000000,2065.000000,0.000000,0.000000,0.000000,0.000000,0.000000,0.000000,0.000000,0.000000,0.000000,-0.200000,9.580000,2.310000,0.050000,0.000000,0.010000,40.750000,-16.560000,-15.880000
7.722000,154466.000000,0.000000,1917.000000,1944.000000,949.000000,1979.000000,1386.000000,0.000000,0.000000,0.000000,0.000000,0.000000,0.000000,0.000000,0.000000,0.000000,-0.200000,9.580000,2.310000,0.050000,0.000000,0.010000,40.750000,-16.560000,-15.880000
7.724000,154467.000000,0.000000,1900.000000,1947.000000,704.000000,1982.000000,1278.000000,0.000000,0.000000,0.000000,0.000000,0.000000,0.000000,0.000000,0.000000,0.000000,-0.200000,9.580000,2.310000,0.050000,0.000000,0.010000,40.750000,-16.560000,-15.880000
7.726000,154468.000000,0.000000,1867.000000,1946.000000,559.000000,1951.000000,1421.000000,0.000000,0.000000,0.000000,0.000000,0.000000,0.000000,0.000000,0.000000,0.000000,-0.200000,9.580000,2.310000,0.050000,0.000000,0.010000,40.750000,-16.560000,-15.880000
7.728000,154469.000000,0.000000,1840.000000,1885.000000,607.000000,1917.000000,1612.000000,0.000000,0.000000,0.000000,0.000000,0.000000,0.000000,0.000000,0.000000,0.000000,-0.200000,9.580000,2.310000,0.050000,0.000000,0.010000,40.750000,-16.560000,-15.880000
7.730000,154470.000000,29.000000,1840.000000,1906.000000,670.000000,1904.000000,1705.000000,0.000000,0.000000,0.000000,0.000000,0.000000,0.000000,0.000000,0.000000,0.000000,-0.200000,9.550000,2.370000,0.060000,-0.010000,0.010000,40.750000,-16.560000,-15.880000
7.732000,154471.000000,0.000000,1819.000000,1886.000000,741.000000,1904.000000,1807.000000,0.000000,0.000000,0.000000,0.000000,0.000000,0.000000,0.000000,0.000000,0.000000,-0.200000,9.550000,2.370000,0.060000,-0.010000,0.010000,40.750000,-16.560000,-15.880000
7.734000,154472.000000,10.000000,1811.000000,1882.000000,816.000000,1895.000000,1999.000000,0.000000,0.000000,0.000000,0.000000,0.000000,0.000000,0.000000,0.000000,0.000000,-0.200000,9.550000,2.370000,0.060000,-0.010000,0.010000,40.750000,-16.560000,-15.880000
7.736000,154473.000000,57.000000,1794.000000,1854.000000,1127.000000,1874.000000,2611.000000,0.000000,0.000000,0.000000,0.000000,0.000000,0.000000,0.000000,0.000000,0.000000,-0.200000,9.550000,2.370000,0.060000,-0.010000,0.010000,40.750000,-16.560000,-15.880000
7.738000,154474.000000,49.000000,1866.000000,1877.000000,1323.000000,1909.000000,2397.000000,0.000000,0.000000,0.000000,0.000000,0.000000,0.000000,0.000000,0.000000,0.000000,-0.200000,9.550000,2.370000,0.060000,-0.010000,0.010000,40.750000,-16.560000,-15.880000
7.740000,154475.000000,74.000000,1865.000000,1903.000000,1213.000000,1931.000000,2037.000000,0.000000,0.000000,0.000000,0.000000,0.000000,0.000000,0.000000,0.000000,0.000000,-0.230000,9.500000,2.410000,0.060000,-0.020000,0.020000,41.190000,-17.250000,-15.500000
7.742000,154476.000000,0.000000,1902.000000,1938.000000,861.000000,1945.000000,1375.000000,0.000000,0.000000,0.000000,0.000000,0.000000,0.000000,0.000000,0.000000,0.000000,-0.230000,9.500000,2.410000,0.060000,-0.020000,0.020000,41.190000,-17.250000,-15.500000
7.744000,154477.000000,3.000000,1876.000000,1938.000000,628.000000,1932.000000,1245.000000,0.000000,0.000000,0.000000,0.000000,0.000000,0.000000,0.000000,0.000000,0.000000,-0.230000,9.500000,2.410000,0.060000,-0.020000,0.020000,41.190000,-17.250000,-15.500000
7.746000,154478.000000,0.000000,1837.000000,1906.000000,566.000000,1904.000000,1393.000000,0.000000,0.000000,0.000000,0.000000,0.000000,0.000000,0.000000,0.000000,0.000000,-0.230000,9.500000,2.410000,0.060000,-0.020000,0.020000,41.190000,-17.250000,-15.500000
7.748000,154479.000000,0.000000,1813.000000,1891.000000,613.000000,1873.000000,1616.000000,0.000000,0.000000,0.000000,0.000000,0.000000,0.000000,0.000000,0.000000,0.000000,-0.230000,9.500000,2.410000,0.060000,-0.020000,0.020000,41.190000,-17.250000,-15.500000
7.750000,154480.000000,554.000000,1803.000000,1881.000000,697.000000,1856.000000,1680.000000,0.000000,0.000000,0.000000,0.000000,0.000000,0.000000,0.000000,0.000000,0.000000,-0.250000,9.480000,2.370000,0.060000,-0.020000,0.020000,41.190000,-17.250000,-15.500000
7.752000,154481.000000,6.000000,1787.000000,1872.000000,752.000000,1871.000000,1795.000000,0.000000,0.000000,0.000000,0.000000,0.000000,0.000000,0.000000,0.000000,0.000000,-0.250000,9.480000,2.370000,0.060000,-0.020000,0.020000,41.190000,-17.250000,-15.500000
7.754000,154482.000000,5.000000,1791.000000,1866.000000,827.000000,1843.000000,2014.000000,0.000000,0.000000,0.000000,0.000000,0.000000,0.000000,0.000000,0.000000,0.000000,-0.250000,9.480000,2.370000,0.060000,-0.020000,0.020000,41.190000,-17.250000,-15.500000
7.756000,154483.000000,54.000000,1797.000000,1846.000000,1130.000000,1835.000000,2621.000000,0.000000,0.000000,0.000000,0.000000,0.000000,0.000000,0.000000,0.000000,0.000000,-0.250000,9.480000,2.370000,0.060000,-0.020000,0.020000,41.190000,-17.250000,-15.500000
7.758000,154484.000000,50.000000,1850.000000,1919.000000,1311.000000,1873.000000,2411.000000,0.000000,0.000000,0.000000,0.000000,0.000000,0.000000,0.000000,0.000000,0.000000,-0.250000,9.480000,2.370000,0.060000,-0.020000,0.020000,41.190000,-17.250000,-15.500000
7.760000,154485.000000,50.000000,1872.000000,1921.000000,1209.000000,1891.000000,2039.000000,0.000000,0.000000,0.000000,0.000000,0.000000,0.000000,0.000000,0.000000,0.000000,-0.220000,9.430000,2.350000,0.070000,-0.020000,0.020000,41.190000,-17.250000,-15.500000
7.762000,154486.000000,0.000000,1910.000000,1963.000000,881.000000,1901.000000,1369.000000,0.000000,0.000000,0.000000,0.000000,0.000000,0.000000,0.000000,0.000000,0.000000,-0.220000,9.430000,2.350000,0.070000,-0.020000,0.020000,41.190000,-17.250000,-15.500000
7.764000,154487.000000,0.000000,1891.000000,1927.000000,616.000000,1886.000000,1253.000000,0.000000,0.000000,0.000000,0.000000,0.000000,0.000000,0.000000,0.000000,0.000000,-0.220000,9.430000,2.350000,0.070000,-0.020000,0.020000,41.190000,-17.250000,-15.500000
7.766000,154488.000000,0.000000,1850.000000,1939.000000,547.000000,1862.000000,1403.000000,0.000000,0.000000,0.000000,0.000000,0.000000,0.000000,0.000000,0.000000,0.000000,-0.220000,9.430000,2.350000,0.070000,-0.020000,0.020000,41.190000,-17.250000,-15.500000
7.768000,154489.000000,0.000000,1829.000000,1885.000000,592.000000,1856.000000,1629.000000,0.000000,0.000000,0.000000,0.000000,0.000000,0.000000,0.000000,0.000000,0.000000,-0.220000,9.430000,2.350000,0.070000,-0.020000,0.020000,41.190000,-17.250000,-15.500000
7.770000,154490.000000,486.000000,1777.000000,1898.000000,693.000000,1825.000000,1691.000000,0.000000,0.000000,0.000000,0.000000,0.000000,0.000000,0.000000,0.000000,0.000000,-0.200000,9.440000,2.420000,0.060000,-0.010000,0.020000,41.190000,-17.250000,-15.500000
7.772000,154491.000000,6.000000,1762.000000,1878.000000,749.000000,1850.000000,1793.000000,0.000000,0.000000,0.000000,0.000000,0.000000,0.000000,0.000000,0.000000,0.000000,-0.200000,9.440000,2.420000,0.060000,-0.010000,0.020000,41.190000,-17.250000,-15.500000
7.774000,154492.000000,0.000000,1763.000000,1851.000000,845.000000,1831.000000,1998.000000,0.000000,0.000000,0.000000,0.000000,0.000000,0.000000,0.000000,0.000000,0.000000,-0.200000,9.440000,2.420000,0.060000,-0.010000,0.020000,41.190000,-17.250000,-15.500000
7.776000,154493.000000,55.000000,1793.000000,1872.000000,1149.000000,1791.000000,2577.000000,0.000000,0.000000,0.000000,0.000000,0.000000,0.000000,0.000000,0.000000,0.000000,-0.200000,9.440000,2.420000,0.060000,-0.010000,0.020000,41.190000,-17.250000,-15.500000
7.778000,154494.000000,54.000000,1809.000000,1922.000000,1299.000000,1861.000000,2415.000000,0.000000,0.000000,0.000000,0.000000,0.000000,0.000000,0.000000,0.000000,0.000000,-0.200000,9.440000,2.420000,0.060000,-0.010000,0.020000,41.190000,-17.250000,-15.500000
7.780000,154495.000000,90.000000,1846.000000,1889.000000,1202.000000,1883.000000,2059.000000,0.000000,0.000000,0.000000,0.000000,0.000000,0.000000,0.000000,0.000000,0.000000,-0.200000,9.400000,2.470000,0.050000,0.010000,0.020000,41.190000,-17.250000,-15.500000
7.782000,154496.000000,0.000000,1882.000000,1931.000000,889.000000,1894.000000,1368.000000,0.000000,0.000000,0.000000,0.000000,0.000000,0.000000,0.000000,0.000000,0.000000,-0.200000,9.400000,2.470000,0.050000,0.010000,0.020000,41.190000,-17.250000,-15.500000
7.784000,154497.000000,0.000000,1877.000000,1890.000000,622.000000,1867.000000,1226.000000,0.000000,0.000000,0.000000,0.000000,0.000000,0.000000,0.000000,0.000000,0.000000,-0.200000,9.400000,2.470000,0.050000,0.010000,0.020000,41.190000,-17.250000,-15.500000
7.786000,154498.000000,0.000000,1811.000000,1887.000000,498.000000,1833.000000,1395.000000,0.000000,0.000000,0.000000,0.000000,0.000000,0.000000,0.000000,0.000000,0.000000,-0.200000,9.400000,2.470000,0.050000,0.010000,0.020000,41.190000,-17.250000,-15.500000
7.788000,154499.000000,0.000000,1793.000000,1872.000000,575.000000,1806.000000,1604.000000,0.000000,0.000000,0.000000,0.000000,0.000000,0.000000,0.000000,0.000000,0.000000,-0.200000,9.400000,2.470000,0.050000,0.010000,0.020000,41.190000,-17.250000,-15.500000
7.790000,154500.000000,1.000000,1729.000000,1857.000000,681.000000,1902.000000,1709.000000,0.000000,0.000000,0.000000,0.000000,0.000000,0.000000,0.000000,0.000000,0.000000,-0.150000,9.410000,2.520000,0.050000,0.020000,0.010000,41.190000,-16.560000,-14.690000
7.792000,154501.000000,1.000000,1743.000000,1850.000000,759.000000,1776.000000,1798.000000,0.000000,0.000000,0.000000,0.000000,0.000000,0.000000,0.000000,0.000000,0.000000,-0.150000,9.410000,2.520000,0.050000,0.020000,0.010000,41.190000,-16.560000,-14.690000
7.794000,154502.000000,32.000000,1756.000000,1813.000000,851.000000,1785.000000,2000.000000,0.000000,0.000000,0.000000,0.000000,0.000000,0.000000,0.000000,0.000000,0.000000,-0.150000,9.410000,2.520000,0.050000,0.020000,0.010000,41.190000,-16.560000,-14.690000
7.796000,154503.000000,59.000000,1761.000000,1825.000000,1149.000000,1799.000000,2594.000000,0.000000,0.000000,0.000000,0.000000,0.000000,0.000000,0.000000,0.000000,0.000000,-0.150000,9.410000,2.520000,0.050000,0.020000,0.010000,41.190000,-16.560000,-14.690000
7.798000,154504.000000,53.000000,1808.000000,1823.000000,1309.000000,1818.000000,2396.000000,0.000000,0.000000,0.000000,0.000000,0.000000,0.000000,0.000000,0.000000,0.000000,-0.150000,9.410000,2.520000,0.050000,0.020000,0.010000,41.190000,-16.560000,-14.690000
7.800000,154505.000000,162.000000,1840.000000,1840.000000,1203.000000,1822.000000,2071.000000,0.000000,0.000000,0.000000,0.000000,0.000000,0.000000,0.000000,0.000000,0.000000,-0.140000,9.420000,2.500000,0.040000,0.030000,0.010000,41.190000,-16.560000,-14.690000
7.802000,154506.000000,0.000000,1840.000000,1894.000000,880.000000,1840.000000,1341.000000,0.000000,0.000000,0.000000,0.000000,0.000000,0.000000,0.000000,0.000000,0.000000,-0.140000,9.420000,2.500000,0.040000,0.030000,0.010000,41.190000,-16.560000,-14.690000
7.804000,154507.000000,0.000000,1840.000000,1871.000000,621.000000,1812.000000,1258.000000,0.000000,0.000000,0.000000,0.000000,0.000000,0.000000,0.000000,0.000000,0.000000,-0.140000,9.420000,2.500000,0.040000,0.030000,0.010000,41.190000,-16.560000,-14.690000
7.806000,154508.000000,0.000000,1798.000000,1837.000000,493.000000,1798.000000,1421.000000,0.000000,0.000000,0.000000,0.000000,0.000000,0.000000,0.000000,0.000000,0.000000,-0.140000,9.420000,2.500000,0.040000,0.030000,0.010000,41.190000,-16.560000,-14.690000
7.808000,154509.000000,0.000000,1774.000000,1840.000000,594.000000,1759.000000,1609.000000,0.000000,0.000000,0.000000,0.000000,0.000000,0.000000,0.000000,0.000000,0.000000,-0.140000,9.420000,2.500000,0.040000,0.030000,0.010000,41.190000,-16.560000,-14.690000
7.810000,154510.000000,76.000000,1755.000000,1783.000000,688.000000,1747.000000,1681.000000,0.000000,0.000000,0.000000,0.000000,0.000000,0.000000,0.000000,0.000000,0.000000,-0.120000,9.440000,2.370000,0.030000,0.030000,0.000000,41.190000,-16.560000,-14.690000
7.812000,154511.000000,0.000000,1747.000000,1771.000000,755.000000,1727.000000,1786.000000,0.000000,0.000000,0.000000,0.000000,0.000000,0.000000,0.000000,0.000000,0.000000,-0.120000,9.440000,2.370000,0.030000,0.030000,0.000000,41.190000,-16.560000,-14.690000
7.814000,154512.000000,0.000000,1739.000000,1777.000000,825.000000,1738.000000,1988.000000,0.000000,0.000000,0.000000,0.000000,0.000000,0.000000,0.000000,0.000000,0.000000,-0.120000,9.440000,2.370000,0.030000,0.030000,0.000000,41.190000,-16.560000,-14.690000
7.816000,154513.000000,59.000000,1760.000000,1776.000000,1168.000000,1731.000000,2582.000000,0.000000,0.000000,0.000000,0.000000,0.000000,0.000000,0.000000,0.000000,0.000000,-0.120000,9.440000,2.370000,0.030000,0.030000,0.000000,41.190000,-16.560000,-14.690000
7.818000,154514.000000,53.000000,1791.000000,1766.000000,1321.000000,1775.000000,2394.000000,0.000000,0.000000,0.000000,0.000000,0.000000,0.000000,0.000000,0.000000,0.000000,-0.120000,9.440000,2.370000,0.030000,0.030000,0.000000,41.190000,-16.560000,-14.690000
7.820000,154515.000000,436.000000,1856.000000,1811.000000,1200.000000,1790.000000,2082.000000,0.000000,0.000000,0.000000,0.000000,0.000000,0.000000,0.000000,0.000000,0.000000,-0.110000,9.440000,2.420000,0.030000,0.010000,0.000000,41.190000,-16.560000,-14.690000
7.822000,154516.000000,0.000000,1882.000000,1845.000000,880.000000,1795.000000,1351.000000,0.000000,0.000000,0.000000,0.000000,0.000000,0.000000,0.000000,0.000000,0.000000,-0.110000,9.440000,2.420000,0.030000,0.010000,0.000000,41.190000,-16.560000,-14.690000
7.824000,154517.000000,0.000000,1862.000000,1829.000000,598.000000,1789.000000,1261.000000,0.000000,0.000000,0.000000,0.000000,0.000000,0.000000,0.000000,0.000000,0.000000,-0.110000,9.440000,2.420000,0.030000,0.010000,0.000000,41.190000,-16.560000,-14.690000
7.826000,154518.000000,0.000000,1799.000000,1758.000000,490.000000,1775.000000,1396.000000,0.000000,0.000000,0.000000,0.000000,0.000000,0.000000,0.000000,0.000000,0.000000,-0.110000,9.440000,2.420000,0.030000,0.010000,0.000000,41.190000,-16.560000,-14.690000
7.828000,154519.000000,0.000000,1790.000000,1747.000000,579.000000,1729.000000,1595.000000,0.000000,0.000000,0.000000,0.000000,0.000000,0.000000,0.000000,0.000000,0.000000,-0.110000,9.440000,2.420000,0.030000,0.010000,0.000000,41.190000,-16.560000,-14.690000
7.830000,154520.000000,8.000000,1767.000000,1759.000000,675.000000,1734.000000,1669.000000,0.000000,0.000000,0.000000,0.000000,0.000000,0.000000,0.000000,0.000000,0.000000,-0.030000,9.460000,2.500000,0.030000,-0.010000,0.000000,41.190000,-16.560000,-14.690000
7.832000,154521.000000,0.000000,1751.000000,1756.000000,751.000000,1726.000000,1791.000000,0.000000,0.000000,0.000000,0.000000,0.000000,0.000000,0.000000,0.000000,0.000000,-0.030000,9.460000,2.500000,0.030000,-0.010000,0.000000,41.190000,-16.560000,-14.690000
7.834000,154522.000000,3.000000,1721.000000,1755.000000,839.000000,1727.000000,1963.000000,0.000000,0.000000,0.000000,0.000000,0.000000,0.000000,0.000000,0.000000,0.000000,-0.030000,9.460000,2.500000,0.030000,-0.010000,0.000000,41.190000,-16.560000,-14.690000
7.836000,154523.000000,55.000000,1730.000000,1745.000000,1152.000000,1743.000000,2582.000000,0.000000,0.000000,0.000000,0.000000,0.000000,0.000000,0.000000,0.000000,0.000000,-0.030000,9.460000,2.500000,0.030000,-0.010000,0.000000,41.190000,-16.560000,-14.690000
7.838000,154524.000000,48.000000,1785.000000,1791.000000,1319.000000,1761.000000,2394.000000,0.000000,0.000000,0.000000,0.000000,0.000000,0.000000,0.000000,0.000000,0.000000,-0.030000,9.460000,2.500000,0.030000,-0.010000,0.000000,41.190000,-16.560000,-14.690000
7.840000,154525.000000,55.000000,1822.000000,1795.000000,1217.000000,1779.000000,2055.000000,0.000000,0.000000,0.000000,0.000000,0.000000,0.000000,0.000000,0.000000,0.000000,-0.020000,9.440000,2.450000,0.020000,-0.030000,0.000000,40.500000,-17.690000,-14.250000
7.842000,154526.000000,0.000000,1838.000000,1803.000000,871.000000,1794.000000,1365.000000,0.000000,0.000000,0.000000,0.000000,0.000000,0.000000,0.000000,0.000000,0.000000,-0.020000,9.440000,2.450000,0.020000,-0.030000,0.000000,40.500000,-17.690000,-14.250000
7.844000,154527.000000,0.000000,1806.000000,1820.000000,611.000000,1799.000000,1230.000000,0.000000,0.000000,0.000000,0.000000,0.000000,0.000000,0.000000,0.000000,0.000000,-0.020000,9.440000,2.450000,0.020000,-0.030000,0.000000,40.500000,-17.690000,-14.250000
7.846000,154528.000000,0.000000,1751.000000,1790.000000,486.000000,1741.000000,1387.000000,0.000000,0.000000,0.000000,0.000000,0.000000,0.000000,0.000000,0.000000,0.000000,-0.020000,9.440000,2.450000,0.020000,-0.030000,0.000000,40.500000,-17.690000,-14.250000
7.848000,154529.000000,0.000000,1712.000000,1773.000000,592.000000,1735.000000,1573.000000,0.000000,0.000000,0.000000,0.000000,0.000000,0.000000,0.000000,0.000000,0.000000,-0.020000,9.440000,2.450000,0.020000,-0.030000,0.000000,40.500000,-17.690000,-14.250000
7.850000,154530.000000,39.000000,1890.000000,1781.000000,645.000000,1712.000000,1680.000000,0.000000,0.000000,0.000000,0.000000,0.000000,0.000000,0.000000,0.000000,0.000000,0.010000,9.440000,2.450000,0.010000,-0.040000,-0.010000,40.500000,-17.690000,-14.250000
7.852000,154531.000000,0.000000,1694.000000,1751.000000,746.000000,1719.000000,1793.000000,0.000000,0.000000,0.000000,0.000000,0.000000,0.000000,0.000000,0.000000,0.000000,0.010000,9.440000,2.450000,0.010000,-0.040000,-0.010000,40.500000,-17.690000,-14.250000
7.854000,154532.000000,0.000000,1687.000000,1731.000000,848.000000,1708.000000,1955.000000,0.000000,0.000000,0.000000,0.000000,0.000000,0.000000,0.000000,0.000000,0.000000,0.010000,9.440000,2.450000,0.010000,-0.040000,-0.010000,40.500000,-17.690000,-14.250000
7.856000,154533.000000,60.000000,1712.000000,1744.000000,1139.000000,1689.000000,2559.000000,0.000000,0.000000,0.000000,0.000000,0.000000,0.000000,0.000000,0.000000,0.000000,0.010000,9.440000,2.450000,0.010000,-0.040000,-0.010000,40.500000,-17.690000,-14.250000
7.858000,154534.000000,49.000000,1744.000000,1791.000000,1317.000000,1743.000000,2391.000000,0.000000,0.000000,0.000000,0.000000,0.000000,0.000000,0.000000,0.000000,0.000000,0.010000,9.440000,2.450000,0.010000,-0.040000,-0.010000,40.500000,-17.690000,-14.250000
7.860000,154535.000000,580.000000,1791.000000,1795.000000,1222.000000,1757.000000,2064.000000,0.000000,0.000000,0.000000,0.000000,0.000000,0.000000,0.000000,0.000000,0.000000,0.020000,9.430000,2.340000,0.010000,-0.040000,-0.010000,40.500000,-17.690000,-14.250000
7.862000,154536.000000,0.000000,1822.000000,1823.000000,866.000000,1775.000000,1350.000000,0.000000,0.000000,0.000000,0.000000,0.000000,0.000000,0.000000,0.000000,0.000000,0.020000,9.430000,2.340000,0.010000,-0.040000,-0.010000,40.500000,-17.690000,-14.250000
7.864000,154537.000000,0.000000,1808.000000,1814.000000,607.000000,1749.000000,1249.000000,0.000000,0.000000,0.000000,0.000000,0.000000,0.000000,0.000000,0.000000,0.000000,0.020000,9.430000,2.340000,0.010000,-0.040000,-0.010000,40.500000,-17.690000,-14.250000
7.866000,154538.000000,0.000000,1771.000000,1780.000000,463.000000,1723.000000,1408.000000,0.000000,0.000000,0.000000,0.000000,0.000000,0.000000,0.000000,0.000000,0.000000,0.020000,9.430000,2.340000,0.010000,-0.040000,-0.010000,40.500000,-17.690000,-14.250000
7.868000,154539.000000,0.000000,1740.000000,1776.000000,576.000000,1701.000000,1584.000000,0.000000,0.000000,0.000000,0.000000,0.000000,0.000000,0.000000,0.000000,0.000000,0.020000,9.430000,2.340000,0.010000,-0.040000,-0.010000,40.500000,-17.690000,-14.250000
7.870000,154540.000000,281.000000,1722.000000,1783.000000,658.000000,1690.000000,1667.000000,0.000000,0.000000,0.000000,0.000000,0.000000,0.000000,0.000000,0.000000,0.000000,0.020000,9.430000,2.420000,0.000000,-0.040000,-0.010000,40.500000,-17.690000,-14.250000
7.872000,154541.000000,3.000000,1706.000000,1751.000000,752.000000,1696.000000,1782.000000,0.000000,0.000000,0.000000,0.000000,0.000000,0.000000,0.000000,0.000000,0.000000,0.020000,9.430000,2.420000,0.000000,-0.040000,-0.010000,40.500000,-17.690000,-14.250000
7.874000,154542.000000,5.000000,1718.000000,1759.000000,819.000000,1685.000000,1951.000000,0.000000,0.000000,0.000000,0.000000,0.000000,0.000000,0.000000,0.000000,0.000000,0.020000,9.430000,2.420000,0.000000,-0.040000,-0.010000,40.500000,-17.690000,-14.250000
7.876000,154543.000000,55.000000,1750.000000,1744.000000,1169.000000,1651.000000,2598.000000,0.000000,0.000000,0.000000,0.000000,0.000000,0.000000,0.000000,0.000000,0.000000,0.020000,9.430000,2.420000,0.000000,-0.040000,-0.010000,40.500000,-17.690000,-14.250000
7.878000,154544.000000,54.000000,1775.000000,1781.000000,1322.000000,1713.000000,2414.000000,0.000000,0.000000,0.000000,0.000000,0.000000,0.000000,0.000000,0.000000,0.000000,0.020000,9.430000,2.420000,0.000000,-0.040000,-0.010000,40.500000,-17.690000,-14.250000
7.880000,154545.000000,78.000000,1823.000000,1808.000000,1213.000000,1741.000000,2039.000000,0.000000,0.000000,0.000000,0.000000,0.000000,0.000000,0.000000,0.000000,0.000000,0.000000,9.450000,2.450000,-0.010000,-0.030000,-0.010000,40.500000,-17.690000,-14.250000
7.882000,154546.000000,0.000000,1841.000000,1824.000000,890.000000,1759.000000,1378.000000,0.000000,0.000000,0.000000,0.000000,0.000000,0.000000,0.000000,0.000000,0.000000,0.000000,9.450000,2.450000,-0.010000,-0.030000,-0.010000,40.500000,-17.690000,-14.250000
7.884000,154547.000000,0.000000,1835.000000,1808.000000,618.000000,1740.000000,1259.000000,0.000000,0.000000,0.000000,0.000000,0.000000,0.000000,0.000000,0.000000,0.000000,0.000000,9.450000,2.450000,-0.010000,-0.030000,-0.010000,40.500000,-17.690000,-14.250000
7.886000,154548.000000,0.000000,1813.000000,1828.000000,491.000000,1710.000000,1399.000000,0.000000,0.000000,0.000000,0.000000,0.000000,0.000000,0.000000,0.000000,0.000000,0.000000,9.450000,2.450000,-0.010000,-0.030000,-0.010000,40.500000,-17.690000,-14.250000
7.888000,154549.000000,0.000000,1777.000000,1776.000000,576.000000,1676.000000,1581.000000,0.000000,0.000000,0.000000,0.000000,0.000000,0.000000,0.000000,0.000000,0.000000,0.000000,9.450000,2.450000,-0.010000,-0.030000,-0.010000,40.500000,-17.690000,-14.250000
7.890000,154550.000000,259.000000,1755.000000,1795.000000,676.000000,1668.000000,1683.000000,0.000000,0.000000,0.000000,0.000000,0.000000,0.000000,0.000000,0.000000,0.000000,-0.040000,9.470000,2.480000,-0.010000,-0.020000,-0.010000,40.750000,-17.000000,-14.690000
7.892000,154551.000000,0.000000,1743.000000,1774.000000,736.000000,1668.000000,1763.000000,0.000000,0.000000,0.000000,0.000000,0.000000,0.000000,0.000000,0.000000,0.000000,-0.040000,9.470000,2.480000,-0.010000,-0.020000,-0.010000,40.750000,-17.000000,-14.690000
7.894000,154552.000000,4.000000,1766.000000,1766.000000,832.000000,1666.000000,1973.000000,0.000000,0.000000,0.000000,0.000000,0.000000,0.000000,0.000000,0.000000,0.000000,-0.040000,9.470000,2.480000,-0.010000,-0.020000,-0.010000,40.750000,-17.000000,-14.690000
7.896000,154553.000000,57.000000,1759.000000,1767.000000,1182.000000,1657.000000,2598.000000,0.000000,0.000000,0.000000,0.000000,0.000000,0.000000,0.000000,0.000000,0.000000,-0.040000,9.470000,2.480000,-0.010000,-0.020000,-0.010000,40.750000,-17.000000,-14.690000
7.898000,154554.000000,48.000000,1821.000000,1780.000000,1306.000000,1694.000000,2393.000000,0.000000,0.000000,0.000000,0.000000,0.000000,0.000000,0.000000,0.000000,0.000000,-0.040000,9.470000,2.480000,-0.010000,-0.020000,-0.010000,40.750000,-17.000000,-14.690000
7.900000,154555.000000,617.000000,1847.000000,1794.000000,1222.000000,1721.000000,2085.000000,0.000000,0.000000,0.000000,0.000000,0.000000,0.000000,0.000000,0.000000,0.000000,-0.100000,9.510000,2.370000,-0.010000,-0.020000,-0.010000,40.750000,-17.000000,-14.690000
7.902000,154556.000000,0.000000,1889.000000,1840.000000,897.000000,1732.000000,1362.000000,0.000000,0.000000,0.000000,0.000000,0.000000,0.000000,0.000000,0.000000,0.000000,-0.100000,9.510000,2.370000,-0.010000,-0.020000,-0.010000,40.750000,-17.000000,-14.690000
7.904000,154557.000000,0.000000,1841.000000,1823.000000,602.000000,1711.000000,1248.000000,0.000000,0.000000,0.000000,0.000000,0.000000,0.000000,0.000000,0.000000,0.000000,-0.100000,9.510000,2.370000,-0.010000,-0.020000,-0.010000,40.750000,-17.000000,-14.690000
7.906000,154558.000000,0.000000,1838.000000,1806.000000,496.000000,1703.000000,1363.000000,0.000000,0.000000,0.000000,0.000000,0.000000,0.000000,0.000000,0.000000,0.000000,-0.100000,9.510000,2.370000,-0.010000,-0.020000,-0.010000,40.750000,-17.000000,-14.690000
7.908000,154559.000000,0.000000,1785.000000,1759.000000,579.000000,1694.000000,1586.000000,0.000000,0.000000,0.000000,0.000000,0.000000,0.000000,0.000000,0.000000,0.000000,-0.100000,9.510000,2.370000,-0.010000,-0.020000,-0.010000,40.750000,-17.000000,-14.690000
7.910000,154560.000000,77.000000,1765.000000,1789.000000,676.000000,1697.000000,1699.000000,0.000000,0.000000,0.000000,0.000000,0.000000,0.000000,0.000000,0.000000,0.000000,-0.100000,9.520000,2.290000,-0.010000,-0.020000,-0.010000,40.750000,-17.000000,-14.690000
7.912000,154561.000000,0.000000,1759.000000,1759.000000,760.000000,1679.000000,1760.000000,0.000000,0.000000,0.000000,0.000000,0.000000,0.000000,0.000000,0.000000,0.000000,-0.100000,9.520000,2.290000,-0.010000,-0.020000,-0.010000,40.750000,-17.000000,-14.690000
7.914000,154562.000000,3.000000,1763.000000,1747.000000,839.000000,1658.000000,1961.000000,0.000000,0.000000,0.000000,0.000000,0.000000,0.000000,0.000000,0.000000,0.000000,-0.100000,9.520000,2.290000,-0.010000,-0.020000,-0.010000,40.750000,-17.000000,-14.690000
7.916000,154563.000000,59.000000,1780.000000,1757.000000,1160.000000,1680.000000,2559.000000,0.000000,0.000000,0.000000,0.000000,0.000000,0.000000,0.000000,0.000000,0.000000,-0.100000,9.520000,2.290000,-0.010000,-0.020000,-0.010000,40.750000,-17.000000,-14.690000
7.918000,154564.000000,49.000000,1827.000000,1776.000000,1311.000000,1713.000000,2395.000000,0.000000,0.000000,0.000000,0.000000,0.000000,0.000000,0.000000,0.000000,0.000000,-0.100000,9.520000,2.290000,-0.010000,-0.020000,-0.010000,40.750000,-17.000000,-14.690000
7.920000,154565.000000,618.000000,1840.000000,1713.000000,1203.000000,1733.000000,2099.000000,0.000000,0.000000,0.000000,0.000000,0.000000,0.000000,0.000000,0.000000,0.000000,-0.100000,9.530000,2.340000,-0.010000,-0.030000,0.000000,40.750000,-17.000000,-14.690000
7.922000,154566.000000,0.000000,1875.000000,1834.000000,882.000000,1750.000000,1323.000000,0.000000,0.000000,0.000000,0.000000,0.000000,0.000000,0.000000,0.000000,0.000000,-0.100000,9.530000,2.340000,-0.010000,-0.030000,0.000000,40.750000,-17.000000,-14.690000
7.924000,154567.000000,0.000000,1849.000000,1846.000000,614.000000,1722.000000,1235.000000,0.000000,0.000000,0.000000,0.000000,0.000000,0.000000,0.000000,0.000000,0.000000,-0.100000,9.530000,2.340000,-0.010000,-0.030000,0.000000,40.750000,-17.000000,-14.690000
7.926000,154568.000000,0.000000,1817.000000,1815.000000,499.000000,1698.000000,1401.000000,0.000000,0.000000,0.000000,0.000000,0.000000,0.000000,0.000000,0.000000,0.000000,-0.100000,9.530000,2.340000,-0.010000,-0.030000,0.000000,40.750000,-17.000000,-14.690000
7.928000,154569.000000,0.000000,1767.000000,1767.000000,596.000000,1683.000000,1595.000000,0.000000,0.000000,0.000000,0.000000,0.000000,0.000000,0.000000,0.000000,0.000000,-0.100000,9.530000,2.340000,-0.010000,-0.030000,0.000000,40.750000,-17.000000,-14.690000
7.930000,154570.000000,29.000000,1764.000000,1749.000000,693.000000,1683.000000,1707.000000,0.000000,0.000000,0.000000,0.000000,0.000000,0.000000,0.000000,0.000000,0.000000,-0.110000,9.550000,2.320000,0.000000,-0.030000,-0.010000,40.750000,-17.000000,-14.690000
7.932000,154571.000000,0.000000,1745.000000,1753.000000,767.000000,1683.000000,1803.000000,0.000000,0.000000,0.000000,0.000000,0.000000,0.000000,0.000000,0.000000,0.000000,-0.110000,9.550000,2.320000,0.000000,-0.030000,-0.010000,40.750000,-17.000000,-14.690000
7.934000,154572.000000,0.000000,1744.000000,1757.000000,847.000000,1657.000000,1947.000000,0.000000,0.000000,0.000000,0.000000,0.000000,0.000000,0.000000,0.000000,0.000000,-0.110000,9.550000,2.320000,0.000000,-0.030000,-0.010000,40.750000,-17.000000,-14.690000
7.936000,154573.000000,57.000000,1723.000000,1771.000000,1136.000000,1671.000000,2559.000000,0.000000,0.000000,0.000000,0.000000,0.000000,0.000000,0.000000,0.000000,0.000000,-0.110000,9.550000,2.320000,0.000000,-0.030000,-0.010000,40.750000,-17.000000,-14.690000
7.938000,154574.000000,55.000000,1770.000000,1776.000000,1315.000000,1721.000000,2391.000000,0.000000,0.000000,0.000000,0.000000,0.000000,0.000000,0.000000,0.000000,0.000000,-0.110000,9.550000,2.320000,0.000000,-0.030000,-0.010000,40.750000,-17.000000,-14.690000
7.940000,154575.000000,37.000000,1819.000000,1828.000000,1199.000000,1712.000000,2013.000000,0.000000,0.000000,0.000000,0.000000,0.000000,0.000000,0.000000,0.000000,0.000000,-0.090000,9.530000,2.350000,0.000000,-0.030000,-0.010000,41.500000,-17.250000,-15.880000
7.942000,154576.000000,59.000000,1862.000000,1819.000000,881.000000,1725.000000,1328.000000,0.000000,0.000000,0.000000,0.000000,0.000000,0.000000,0.000000,0.000000,0.000000,-0.090000,9.530000,2.350000,0.000000,-0.030000,-0.010000,41.500000,-17.250000,-15.880000
7.944000,154577.000000,0.000000,1843.000000,1808.000000,617.000000,1738.000000,1245.000000,0.000000,0.000000,0.000000,0.000000,0.000000,0.000000,0.000000,0.000000,0.000000,-0.090000,9.530000,2.350000,0.000000,-0.030000,-0.010000,41.500000,-17.250000,-15.880000
7.946000,154578.000000,0.000000,1811.000000,1807.000000,485.000000,1714.000000,1398.000000,0.000000,0.000000,0.000000,0.000000,0.000000,0.000000,0.000000,0.000000,0.000000,-0.090000,9.530000,2.350000,0.000000,-0.030000,-0.010000,41.500000,-17.250000,-15.880000
7.948000,154579.000000,0.000000,1762.000000,1791.000000,582.000000,1693.000000,1600.000000,0.000000,0.000000,0.000000,0.000000,0.000000,0.000000,0.000000,0.000000,0.000000,-0.090000,9.530000,2.350000,0.000000,-0.030000,-0.010000,41.500000,-17.250000,-15.880000
7.950000,154580.000000,529.000000,1751.000000,1771.000000,678.000000,1689.000000,1663.000000,0.000000,0.000000,0.000000,0.000000,0.000000,0.000000,0.000000,0.000000,0.000000,-0.090000,9.500000,2.350000,0.000000,-0.030000,-0.010000,41.500000,-17.250000,-15.880000
7.952000,154581.000000,17.000000,1744.000000,1749.000000,767.000000,1677.000000,1780.000000,0.000000,0.000000,0.000000,0.000000,0.000000,0.000000,0.000000,0.000000,0.000000,-0.090000,9.500000,2.350000,0.000000,-0.030000,-0.010000,41.500000,-17.250000,-15.880000
7.954000,154582.000000,0.000000,1728.000000,1774.000000,843.000000,1698.000000,1954.000000,0.000000,0.000000,0.000000,0.000000,0.000000,0.000000,0.000000,0.000000,0.000000,-0.090000,9.500000,2.350000,0.000000,-0.030000,-0.010000,41.500000,-17.250000,-15.880000
7.956000,154583.000000,55.000000,1747.000000,1757.000000,1157.000000,1669.000000,2559.000000,0.000000,0.000000,0.000000,0.000000,0.000000,0.000000,0.000000,0.000000,0.000000,-0.090000,9.500000,2.350000,0.000000,-0.030000,-0.010000,41.500000,-17.250000,-15.880000
7.958000,154584.000000,48.000000,1778.000000,1781.000000,1328.000000,1712.000000,2395.000000,0.000000,0.000000,0.000000,0.000000,0.000000,0.000000,0.000000,0.000000,0.000000,-0.090000,9.500000,2.350000,0.000000,-0.030000,-0.010000,41.500000,-17.250000,-15.880000
7.960000,154585.000000,509.000000,1809.000000,1825.000000,1251.000000,1766.000000,2095.000000,0.000000,0.000000,0.000000,0.000000,0.000000,0.000000,0.000000,0.000000,0.000000,-0.060000,9.520000,2.260000,0.000000,-0.020000,-0.010000,41.500000,-17.250000,-15.880000
7.962000,154586.000000,0.000000,1842.000000,1830.000000,903.000000,1771.000000,1377.000000,0.000000,0.000000,0.000000,0.000000,0.000000,0.000000,0.000000,0.000000,0.000000,-0.060000,9.520000,2.260000,0.000000,-0.020000,-0.010000,41.500000,-17.250000,-15.880000
7.964000,154587.000000,0.000000,1826.000000,1824.000000,617.000000,1776.000000,1264.000000,0.000000,0.000000,0.000000,0.000000,0.000000,0.000000,0.000000,0.000000,0.000000,-0.060000,9.520000,2.260000,0.000000,-0.020000,-0.010000,41.500000,-17.250000,-15.880000
7.966000,154588.000000,0.000000,1795.000000,1802.000000,466.000000,1744.000000,1401.000000,0.000000,0.000000,0.000000,0.000000,0.000000,0.000000,0.000000,0.000000,0.000000,-0.060000,9.520000,2.260000,0.000000,-0.020000,-0.010000,41.500000,-17.250000,-15.880000
7.968000,154589.000000,0.000000,1745.000000,1776.000000,592.000000,1714.000000,1586.000000,0.000000,0.000000,0.000000,0.000000,0.000000,0.000000,0.000000,0.000000,0.000000,-0.060000,9.520000,2.260000,0.000000,-0.020000,-0.010000,41.500000,-17.250000,-15.880000
7.970000,154590.000000,349.000000,1731.000000,1770.000000,664.000000,1690.000000,1669.000000,0.000000,0.000000,0.000000,0.000000,0.000000,0.000000,0.000000,0.000000,0.000000,-0.030000,9.550000,2.260000,0.010000,-0.020000,0.000000,41.500000,-17.250000,-15.880000
7.972000,154591.000000,13.000000,1730.000000,1776.000000,737.000000,1718.000000,1776.000000,0.000000,0.000000,0.000000,0.000000,0.000000,0.000000,0.000000,0.000000,0.000000,-0.030000,9.550000,2.260000,0.010000,-0.020000,0.000000,41.500000,-17.250000,-15.880000
7.974000,154592.000000,5.000000,1712.000000,1770.000000,816.000000,1680.000000,1953.000000,0.000000,0.000000,0.000000,0.000000,0.000000,0.000000,0.000000,0.000000,0.000000,-0.030000,9.550000,2.260000,0.010000,-0.020000,0.000000,41.500000,-17.250000,-15.880000
7.976000,154593.000000,55.000000,1721.000000,1755.000000,1123.000000,1707.000000,2579.000000,0.000000,0.000000,0.000000,0.000000,0.000000,0.000000,0.000000,0.000000,0.000000,-0.030000,9.550000,2.260000,0.010000,-0.020000,0.000000,41.500000,-17.250000,-15.880000
7.978000,154594.000000,48.000000,1789.000000,1787.000000,1307.000000,1741.000000,2416.000000,0.000000,0.000000,0.000000,0.000000,0.000000,0.000000,0.000000,0.000000,0.000000,-0.030000,9.550000,2.260000,0.010000,-0.020000,0.000000,41.500000,-17.250000,-15.880000
7.980000,154595.000000,67.000000,1802.000000,1788.000000,1216.000000,1787.000000,2046.000000,0.000000,0.000000,0.000000,0.000000,0.000000,0.000000,0.000000,0.000000,0.000000,-0.020000,9.530000,2.400000,0.010000,-0.010000,0.000000,41.500000,-17.250000,-15.880000
7.982000,154596.000000,0.000000,1831.000000,1787.000000,887.000000,1794.000000,1376.000000,0.000000,0.000000,0.000000,0.000000,0.000000,0.000000,0.000000,0.000000,0.000000,-0.020000,9.530000,2.400000,0.010000,-0.010000,0.000000,41.500000,-17.250000,-15.880000
7.984000,154597.000000,0.000000,1826.000000,1808.000000,626.000000,1779.000000,1270.000000,0.000000,0.000000,0.000000,0.000000,0.000000,0.000000,0.000000,0.000000,0.000000,-0.020000,9.530000,2.400000,0.010000,-0.010000,0.000000,41.500000,-17.250000,-15.880000
7.986000,154598.000000,0.000000,1790.000000,1765.000000,465.000000,1755.000000,1376.000000,0.000000,0.000000,0.000000,0.000000,0.000000,0.000000,0.000000,0.000000,0.000000,-0.020000,9.530000,2.400000,0.010000,-0.010000,0.000000,41.500000,-17.250000,-15.880000
7.988000,154599.000000,0.000000,1742.000000,1757.000000,577.000000,1717.000000,1575.000000,0.000000,0.000000,0.000000,0.000000,0.000000,0.000000,0.000000,0.000000,0.000000,-0.020000,9.530000,2.400000,0.010000,-0.010000,0.000000,41.500000,-17.250000,-15.880000
7.990000,154600.000000,0.000000,1749.000000,1828.000000,655.000000,1725.000000,1682.000000,0.000000,0.000000,0.000000,0.000000,0.000000,0.000000,0.000000,0.000000,0.000000,-0.020000,9.540000,2.430000,0.010000,-0.010000,0.000000,40.500000,-16.560000,-14.690000
7.992000,154601.000000,0.000000,1731.000000,1750.000000,752.000000,1728.000000,1785.000000,0.000000,0.000000,0.000000,0.000000,0.000000,0.000000,0.000000,0.000000,0.000000,-0.020000,9.540000,2.430000,0.010000,-0.010000,0.000000,40.500000,-16.560000,-14.690000
7.994000,154602.000000,0.000000,1723.000000,1741.000000,806.000000,1729.000000,1955.000000,0.000000,0.000000,0.000000,0.000000,0.000000,0.000000,0.000000,0.000000,0.000000,-0.020000,9.540000,2.430000,0.010000,-0.010000,0.000000,40.500000,-16.560000,-14.690000
7.996000,154603.000000,53.000000,1727.000000,1756.000000,1152.000000,1707.000000,2588.000000,0.000000,0.000000,0.000000,0.000000,0.000000,0.000000,0.000000,0.000000,0.000000,-0.020000,9.540000,2.430000,0.010000,-0.010000,0.000000,40.500000,-16.560000,-14.690000
7.998000,154604.000000,53.000000,1792.000000,1763.000000,1334.000000,1744.000000,2413.000000,0.000000,0.000000,0.000000,0.000000,0.000000,0.000000,0.000000,0.000000,0.000000,-0.020000,9.540000,2.430000,0.010000,-0.010000,0.000000,40.500000,-16.560000,-14.690000
8.000000,154605.000000,620.000000,1845.000000,1822.000000,1246.000000,1811.000000,2086.000000,0.000000,0.000000,0.000000,0.000000,0.000000,0.000000,0.000000,0.000000,0.000000,-0.020000,9.550000,2.430000,0.010000,-0.010000,0.000000,40.500000,-16.560000,-14.690000
8.002000,154606.000000,0.000000,1856.000000,1821.000000,880.000000,1826.000000,1361.000000,0.000000,0.000000,0.000000,0.000000,0.000000,0.000000,0.000000,0.000000,0.000000,-0.020000,9.550000,2.430000,0.010000,-0.010000,0.000000,40.500000,-16.560000,-14.690000
8.004000,154607.000000,0.000000,1822.000000,1834.000000,613.000000,1822.000000,1263.000000,0.000000,0.000000,0.000000,0.000000,0.000000,0.000000,0.000000,0.000000,0.000000,-0.020000,9.550000,2.430000,0.010000,-0.010000,0.000000,40.500000,-16.560000,-14.690000
8.006000,154608.000000,0.000000,1806.000000,1773.000000,483.000000,1785.000000,1376.000000,0.000000,0.000000,0.000000,0.000000,0.000000,0.000000,0.000000,0.000000,0.000000,-0.020000,9.550000,2.430000,0.010000,-0.010000,0.000000,40.500000,-16.560000,-14.690000
8.008000,154609.000000,0.000000,1729.000000,1781.000000,583.000000,1750.000000,1610.000000,0.000000,0.000000,0.000000,0.000000,0.000000,0.000000,0.000000,0.000000,0.000000,-0.020000,9.550000,2.430000,0.010000,-0.010000,0.000000,40.500000,-16.560000,-14.690000
8.010000,154610.000000,545.000000,1751.000000,1776.000000,651.000000,1746.000000,1674.000000,0.000000,0.000000,0.000000,0.000000,0.000000,0.000000,0.000000,0.000000,0.000000,-0.030000,9.530000,2.350000,0.010000,-0.020000,0.000000,40.500000,-16.560000,-14.690000
8.012000,154611.000000,11.000000,1723.000000,1743.000000,743.000000,1762.000000,1773.000000,0.000000,0.000000,0.000000,0.000000,0.000000,0.000000,0.000000,0.000000,0.000000,-0.030000,9.530000,2.350000,0.010000,-0.020000,0.000000,40.500000,-16.560000,-14.690000
8.014000,154612.000000,14.000000,1730.000000,1742.000000,807.000000,1743.000000,1946.000000,0.000000,0.000000,0.000000,0.000000,0.000000,0.000000,0.000000,0.000000,0.000000,-0.030000,9.530000,2.350000,0.010000,-0.020000,0.000000,40.500000,-16.560000,-14.690000
8.016000,154613.000000,53.000000,1745.000000,1751.000000,1114.000000,1765.000000,2559.000000,0.000000,0.000000,0.000000,0.000000,0.000000,0.000000,0.000000,0.000000,0.000000,-0.030000,9.530000,2.350000,0.010000,-0.020000,0.000000,40.500000,-16.560000,-14.690000
8.018000,154614.000000,55.000000,1767.000000,1782.000000,1299.000000,1773.000000,2427.000000,0.000000,0.000000,0.000000,0.000000,0.000000,0.000000,0.000000,0.000000,0.000000,-0.030000,9.530000,2.350000,0.010000,-0.020000,0.000000,40.500000,-16.560000,-14.690000
8.020000,154615.000000,254.000000,1821.000000,1803.000000,1200.000000,1831.000000,2078.000000,0.000000,0.000000,0.000000,0.000000,0.000000,0.000000,0.000000,0.000000,0.000000,-0.020000,9.500000,2.350000,0.010000,-0.030000,0.000000,40.500000,-16.560000,-14.690000
8.022000,154616.000000,0.000000,1847.000000,1797.000000,862.000000,1825.000000,1383.000000,0.000000,0.000000,0.000000,0.000000,0.000000,0.000000,0.000000,0.000000,0.000000,-0.020000,9.500000,2.350000,0.010000,-0.030000,0.000000,40.500000,-16.560000,-14.690000
8.024000,154617.000000,0.000000,1837.000000,1811.000000,590.000000,1781.000000,1273.000000,0.000000,0.000000,0.000000,0.000000,0.000000,0.000000,0.000000,0.000000,0.000000,-0.020000,9.500000,2.350000,0.010000,-0.030000,0.000000,40.500000,-16.560000,-14.690000
8.026000,154618.000000,0.000000,1786.000000,1781.000000,453.000000,1799.000000,1371.000000,0.000000,0.000000,0.000000,0.000000,0.000000,0.000000,0.000000,0.000000,0.000000,-0.020000,9.500000,2.350000,0.010000,-0.030000,0.000000,40.500000,-16.560000,-14.690000
8.028000,154619.000000,0.000000,1756.000000,1778.000000,569.000000,1789.000000,1603.000000,0.000000,0.000000,0.000000,0.000000,0.000000,0.000000,0.000000,0.000000,0.000000,-0.020000,9.500000,2.350000,0.010000,-0.030000,0.000000,40.500000,-16.560000,-14.690000
8.030000,154620.000000,0.000000,1742.000000,1745.000000,663.000000,1776.000000,1680.000000,0.000000,0.000000,0.000000,0.000000,0.000000,0.000000,0.000000,0.000000,0.000000,-0.030000,9.520000,2.370000,0.010000,-0.020000,0.000000,40.500000,-16.560000,-14.690000
8.032000,154621.000000,23.000000,1725.000000,1763.000000,741.000000,1746.000000,1778.000000,0.000000,0.000000,0.000000,0.000000,0.000000,0.000000,0.000000,0.000000,0.000000,-0.030000,9.520000,2.370000,0.010000,-0.020000,0.000000,40.500000,-16.560000,-14.690000
8.034000,154622.000000,5.000000,1715.000000,1744.000000,832.000000,1744.000000,1934.000000,0.000000,0.000000,0.000000,0.000000,0.000000,0.000000,0.000000,0.000000,0.000000,-0.030000,9.520000,2.370000,0.010000,-0.020000,0.000000,40.500000,-16.560000,-14.690000
8.036000,154623.000000,55.000000,1739.000000,1755.000000,1127.000000,1744.000000,2559.000000,0.000000,0.000000,0.000000,0.000000,0.000000,0.000000,0.000000,0.000000,0.000000,-0.030000,9.520000,2.370000,0.010000,-0.020000,0.000000,40.500000,-16.560000,-14.690000
8.038000,154624.000000,48.000000,1744.000000,1776.000000,1318.000000,1786.000000,2395.000000,0.000000,0.000000,0.000000,0.000000,0.000000,0.000000,0.000000,0.000000,0.000000,-0.030000,9.520000,2.370000,0.010000,-0.020000,0.000000,40.500000,-16.560000,-14.690000
8.040000,154625.000000,613.000000,1809.000000,1783.000000,1190.000000,1773.000000,2103.000000,0.000000,0.000000,0.000000,0.000000,0.000000,0.000000,0.000000,0.000000,0.000000,-0.020000,9.530000,2.370000,0.010000,-0.020000,0.000000,40.500000,-17.250000,-15.060000
8.042000,154626.000000,0.000000,1842.000000,1839.000000,889.000000,1814.000000,1356.000000,0.000000,0.000000,0.000000,0.000000,0.000000,0.000000,0.000000,0.000000,0.000000,-0.020000,9.530000,2.370000,0.010000,-0.020000,0.000000,40.500000,-17.250000,-15.060000
8.044000,154627.000000,0.000000,1819.000000,1809.000000,583.000000,1785.000000,1241.000000,0.000000,0.000000,0.000000,0.000000,0.000000,0.000000,0.000000,0.000000,0.000000,-0.020000,9.530000,2.370000,0.010000,-0.020000,0.000000,40.500000,-17.250000,-15.060000
8.046000,154628.000000,0.000000,1776.000000,1776.000000,448.000000,1783.000000,1400.000000,0.000000,0.000000,0.000000,0.000000,0.000000,0.000000,0.000000,0.000000,0.000000,-0.020000,9.530000,2.370000,0.010000,-0.020000,0.000000,40.500000,-17.250000,-15.060000
8.048000,154629.000000,0.000000,1744.000000,1746.000000,567.000000,1741.000000,1594.000000,0.000000,0.000000,0.000000,0.000000,0.000000,0.000000,0.000000,0.000000,0.000000,-0.020000,9.530000,2.370000,0.010000,-0.020000,0.000000,40.500000,-17.250000,-15.060000
8.050000,154630.000000,531.000000,1739.000000,1762.000000,641.000000,1759.000000,1680.000000,0.000000,0.000000,0.000000,0.000000,0.000000,0.000000,0.000000,0.000000,0.000000,-0.030000,9.530000,2.340000,0.020000,-0.010000,0.000000,40.500000,-17.250000,-15.060000
8.052000,154631.000000,11.000000,1742.000000,1789.000000,729.000000,1734.000000,1773.000000,0.000000,0.000000,0.000000,0.000000,0.000000,0.000000,0.000000,0.000000,0.000000,-0.030000,9.530000,2.340000,0.020000,-0.010000,0.000000,40.500000,-17.250000,-15.060000
8.054000,154632.000000,10.000000,1713.000000,1763.000000,807.000000,1728.000000,1956.000000,0.000000,0.000000,0.000000,0.000000,0.000000,0.000000,0.000000,0.000000,0.000000,-0.030000,9.530000,2.340000,0.020000,-0.010000,0.000000,40.500000,-17.250000,-15.060000
8.056000,154633.000000,58.000000,1728.000000,1759.000000,1139.000000,1752.000000,2559.000000,0.000000,0.000000,0.000000,0.000000,0.000000,0.000000,0.000000,0.000000,0.000000,-0.030000,9.530000,2.340000,0.020000,-0.010000,0.000000,40.500000,-17.250000,-15.060000
8.058000,154634.000000,50.000000,1766.000000,1763.000000,1303.000000,1777.000000,2394.000000,0.000000,0.000000,0.000000,0.000000,0.000000,0.000000,0.000000,0.000000,0.000000,-0.030000,9.530000,2.340000,0.020000,-0.010000,0.000000,40.500000,-17.250000,-15.060000
8.060000,154635.000000,57.000000,1819.000000,1808.000000,1216.000000,1809.000000,2058.000000,0.000000,0.000000,0.000000,0.000000,0.000000,0.000000,0.000000,0.000000,0.000000,-0.040000,9.520000,2.310000,0.020000,-0.020000,0.000000,40.500000,-17.250000,-15.060000
8.062000,154636.000000,0.000000,1839.000000,1814.000000,893.000000,1825.000000,1377.000000,0.000000,0.000000,0.000000,0.000000,0.000000,0.000000,0.000000,0.000000,0.000000,-0.040000,9.520000,2.310000,0.020000,-0.020000,0.000000,40.500000,-17.250000,-15.060000
8.064000,154637.000000,0.000000,1839.000000,1798.000000,585.000000,1811.000000,1268.000000,0.000000,0.000000,0.000000,0.000000,0.000000,0.000000,0.000000,0.000000,0.000000,-0.040000,9.520000,2.310000,0.020000,-0.020000,0.000000,40.500000,-17.250000,-15.060000
8.066000,154638.000000,0.000000,1785.000000,1767.000000,465.000000,1772.000000,1391.000000,0.000000,0.000000,0.000000,0.000000,0.000000,0.000000,0.000000,0.000000,0.000000,-0.040000,9.520000,2.310000,0.020000,-0.020000,0.000000,40.500000,-17.250000,-15.060000
8.068000,154639.000000,0.000000,1776.000000,1762.000000,560.000000,1754.000000,1587.000000,0.000000,0.000000,0.000000,0.000000,0.000000,0.000000,0.000000,0.000000,0.000000,-0.040000,9.520000,2.310000,0.020000,-0.020000,0.000000,40.500000,-17.250000,-15.060000
8.070000,154640.000000,414.000000,1745.000000,1744.000000,656.000000,1742.000000,1681.000000,0.000000,0.000000,0.000000,0.000000,0.000000,0.000000,0.000000,0.000000,0.000000,-0.040000,9.530000,2.340000,0.020000,-0.030000,0.000000,40.500000,-17.250000,-15.060000
8.072000,154641.000000,6.000000,1750.000000,1735.000000,709.000000,1738.000000,1775.000000,0.000000,0.000000,0.000000,0.000000,0.000000,0.000000,0.000000,0.000000,0.000000,-0.040000,9.530000,2.340000,0.020000,-0.030000,0.000000,40.500000,-17.250000,-15.060000
8.074000,154642.000000,6.000000,1737.000000,1743.000000,804.000000,1748.000000,1950.000000,0.000000,0.000000,0.000000,0.000000,0.000000,0.000000,0.000000,0.000000,0.000000,-0.040000,9.530000,2.340000,0.020000,-0.030000,0.000000,40.500000,-17.250000,-15.060000
8.076000,154643.000000,58.000000,1753.000000,1740.000000,1117.000000,1762.000000,2587.000000,0.000000,0.000000,0.000000,0.000000,0.000000,0.000000,0.000000,0.000000,0.000000,-0.040000,9.530000,2.340000,0.020000,-0.030000,0.000000,40.500000,-17.250000,-15.060000
8.078000,154644.000000,48.000000,1828.000000,1775.000000,1296.000000,1794.000000,2407.000000,0.000000,0.000000,0.000000,0.000000,0.000000,0.000000,0.000000,0.000000,0.000000,-0.040000,9.530000,2.340000,0.020000,-0.030000,0.000000,40.500000,-17.250000,-15.060000
8.080000,154645.000000,26.000000,1824.000000,1795.000000,1179.000000,1804.000000,2035.000000,0.000000,0.000000,0.000000,0.000000,0.000000,0.000000,0.000000,0.000000,0.000000,-0.060000,9.540000,2.390000,0.030000,-0.030000,0.000000,40.500000,-17.250000,-15.060000
8.082000,154646.000000,27.000000,1873.000000,1823.000000,895.000000,1831.000000,1376.000000,0.000000,0.000000,0.000000,0.000000,0.000000,0.000000,0.000000,0.000000,0.000000,-0.060000,9.540000,2.390000,0.030000,-0.030000,0.000000,40.500000,-17.250000,-15.060000
8.084000,154647.000000,0.000000,1854.000000,1802.000000,586.000000,1849.000000,1275.000000,0.000000,0.000000,0.000000,0.000000,0.000000,0.000000,0.000000,0.000000,0.000000,-0.060000,9.540000,2.390000,0.030000,-0.030000,0.000000,40.500000,-17.250000,-15.060000
8.086000,154648.000000,0.000000,1802.000000,1806.000000,438.000000,1830.000000,1362.000000,0.000000,0.000000,0.000000,0.000000,0.000000,0.000000,0.000000,0.000000,0.000000,-0.060000,9.540000,2.390000,0.030000,-0.030000,0.000000,40.500000,-17.250000,-15.060000
8.088000,154649.000000,0.000000,1763.000000,1750.000000,541.000000,1808.000000,1588.000000,0.000000,0.000000,0.000000,0.000000,0.000000,0.000000,0.000000,0.000000,0.000000,-0.060000,9.540000,2.390000,0.030000,-0.030000,0.000000,40.500000,-17.250000,-15.060000
8.090000,154650.000000,21.000000,1765.000000,1776.000000,657.000000,1798.000000,1727.000000,0.000000,0.000000,0.000000,0.000000,0.000000,0.000000,0.000000,0.000000,0.000000,-0.060000,9.560000,2.370000,0.020000,-0.040000,0.000000,40.750000,-17.250000,-15.500000
8.092000,154651.000000,0.000000,1762.000000,1751.000000,747.000000,1798.000000,1796.000000,0.000000,0.000000,0.000000,0.000000,0.000000,0.000000,0.000000,0.000000,0.000000,-0.060000,9.560000,2.370000,0.020000,-0.040000,0.000000,40.750000,-17.250000,-15.500000
8.094000,154652.000000,16.000000,1739.000000,1774.000000,831.000000,1798.000000,1910.000000,0.000000,0.000000,0.000000,0.000000,0.000000,0.000000,0.000000,0.000000,0.000000,-0.060000,9.560000,2.370000,0.020000,-0.040000,0.000000,40.750000,-17.250000,-15.500000
8.096000,154653.000000,60.000000,1771.000000,1744.000000,1133.000000,1791.000000,2542.000000,0.000000,0.000000,0.000000,0.000000,0.000000,0.000000,0.000000,0.000000,0.000000,-0.060000,9.560000,2.370000,0.020000,-0.040000,0.000000,40.750000,-17.250000,-15.500000
8.098000,154654.000000,54.000000,1760.000000,1753.000000,1294.000000,1820.000000,2422.000000,0.000000,0.000000,0.000000,0.000000,0.000000,0.000000,0.000000,0.000000,0.000000,-0.060000,9.560000,2.370000,0.020000,-0.040000,0.000000,40.750000,-17.250000,-15.500000
8.100000,154655.000000,169.000000,1849.000000,1815.000000,1211.000000,1872.000000,2067.000000,0.000000,0.000000,0.000000,0.000000,0.000000,0.000000,0.000000,0.000000,0.000000,-0.090000,9.550000,2.360000,0.030000,-0.040000,0.010000,40.750000,-17.250000,-15.500000
8.102000,154656.000000,0.000000,1851.000000,1819.000000,883.000000,1870.000000,1378.000000,0.000000,0.000000,0.000000,0.000000,0.000000,0.000000,0.000000,0.000000,0.000000,-0.090000,9.550000,2.360000,0.030000,-0.040000,0.010000,40.750000,-17.250000,-15.500000
8.104000,154657.000000,0.000000,1840.000000,1808.000000,617.000000,1873.000000,1285.000000,0.000000,0.000000,0.000000,0.000000,0.000000,0.000000,0.000000,0.000000,0.000000,-0.090000,9.550000,2.360000,0.030000,-0.040000,0.010000,40.750000,-17.250000,-15.500000
8.106000,154658.000000,0.000000,1829.000000,1825.000000,457.000000,1857.000000,1392.000000,0.000000,0.000000,0.000000,0.000000,0.000000,0.000000,0.000000,0.000000,0.000000,-0.090000,9.550000,2.360000,0.030000,-0.040000,0.010000,40.750000,-17.250000,-15.500000
8.108000,154659.000000,0.000000,1776.000000,1783.000000,558.000000,1819.000000,1575.000000,0.000000,0.000000,0.000000,0.000000,0.000000,0.000000,0.000000,0.000000,0.000000,-0.090000,9.550000,2.360000,0.030000,-0.040000,0.010000,40.750000,-17.250000,-15.500000
8.110000,154660.000000,423.000000,1773.000000,1790.000000,659.000000,1825.000000,1665.000000,0.000000,0.000000,0.000000,0.000000,0.000000,0.000000,0.000000,0.000000,0.000000,-0.070000,9.520000,2.270000,0.030000,-0.030000,0.010000,40.750000,-17.250000,-15.500000
8.112000,154661.000000,1.000000,1766.000000,1788.000000,733.000000,1808.000000,1783.000000,0.000000,0.000000,0.000000,0.000000,0.000000,0.000000,0.000000,0.000000,0.000000,-0.070000,9.520000,2.270000,0.030000,-0.030000,0.010000,40.750000,-17.250000,-15.500000
8.114000,154662.000000,6.000000,1742.000000,1791.000000,818.000000,1811.000000,1945.000000,0.000000,0.000000,0.000000,0.000000,0.000000,0.000000,0.000000,0.000000,0.000000,-0.070000,9.520000,2.270000,0.030000,-0.030000,0.010000,40.750000,-17.250000,-15.500000
8.116000,154663.000000,57.000000,1761.000000,1763.000000,1120.000000,1813.000000,2599.000000,0.000000,0.000000,0.000000,0.000000,0.000000,0.000000,0.000000,0.000000,0.000000,-0.070000,9.520000,2.270000,0.030000,-0.030000,0.010000,40.750000,-17.250000,-15.500000
8.118000,154664.000000,50.000000,1777.000000,1809.000000,1301.000000,1862.000000,2441.000000,0.000000,0.000000,0.000000,0.000000,0.000000,0.000000,0.000000,0.000000,0.000000,-0.070000,9.520000,2.270000,0.030000,-0.030000,0.010000,40.750000,-17.250000,-15.500000
8.120000,154665.000000,32.000000,1850.000000,1834.000000,1216.000000,1872.000000,2037.000000,0.000000,0.000000,0.000000,0.000000,0.000000,0.000000,0.000000,0.000000,0.000000,-0.070000,9.540000,2.300000,0.030000,-0.020000,0.010000,40.750000,-17.250000,-15.500000
8.122000,154666.000000,0.000000,1858.000000,1870.000000,881.000000,1914.000000,1360.000000,0.000000,0.000000,0.000000,0.000000,0.000000,0.000000,0.000000,0.000000,0.000000,-0.070000,9.540000,2.300000,0.030000,-0.020000,0.010000,40.750000,-17.250000,-15.500000
8.124000,154667.000000,0.000000,1858.000000,1855.000000,577.000000,1892.000000,1299.000000,0.000000,0.000000,0.000000,0.000000,0.000000,0.000000,0.000000,0.000000,0.000000,-0.070000,9.540000,2.300000,0.030000,-0.020000,0.010000,40.750000,-17.250000,-15.500000
8.126000,154668.000000,0.000000,1805.000000,1821.000000,467.000000,1869.000000,1402.000000,0.000000,0.000000,0.000000,0.000000,0.000000,0.000000,0.000000,0.000000,0.000000,-0.070000,9.540000,2.300000,0.030000,-0.020000,0.010000,40.750000,-17.250000,-15.500000
8.128000,154669.000000,0.000000,1798.000000,1808.000000,557.000000,1808.000000,1595.000000,0.000000,0.000000,0.000000,0.000000,0.000000,0.000000,0.000000,0.000000,0.000000,-0.070000,9.540000,2.300000,0.030000,-0.020000,0.010000,40.750000,-17.250000,-15.500000
8.130000,154670.000000,7.000000,1758.000000,1809.000000,663.000000,1808.000000,1696.000000,0.000000,0.000000,0.000000,0.000000,0.000000,0.000000,0.000000,0.000000,0.000000,-0.090000,9.510000,2.370000,0.030000,-0.020000,0.010000,40.750000,-17.250000,-15.500000
8.132000,154671.000000,5.000000,1775.000000,1808.000000,749.000000,1806.000000,1790.000000,0.000000,0.000000,0.000000,0.000000,0.000000,0.000000,0.000000,0.000000,0.000000,-0.090000,9.510000,2.370000,0.030000,-0.020000,0.010000,40.750000,-17.250000,-15.500000
8.134000,154672.000000,0.000000,1774.000000,1778.000000,811.000000,1818.000000,1931.000000,0.000000,0.000000,0.000000,0.000000,0.000000,0.000000,0.000000,0.000000,0.000000,-0.090000,9.510000,2.370000,0.030000,-0.020000,0.010000,40.750000,-17.250000,-15.500000
8.136000,154673.000000,50.000000,1776.000000,1774.000000,1104.000000,1805.000000,2557.000000,0.000000,0.000000,0.000000,0.000000,0.000000,0.000000,0.000000,0.000000,0.000000,-0.090000,9.510000,2.370000,0.030000,-0.020000,0.010000,40.750000,-17.250000,-15.500000
8.138000,154674.000000,55.000000,1840.000000,1829.000000,1276.000000,1855.000000,2433.000000,0.000000,0.000000,0.000000,0.000000,0.000000,0.000000,0.000000,0.000000,0.000000,-0.090000,9.510000,2.370000,0.030000,-0.020000,0.010000,40.750000,-17.250000,-15.500000
8.140000,154675.000000,95.000000,1875.000000,1851.000000,1205.000000,1874.000000,2096.000000,0.000000,0.000000,0.000000,0.000000,0.000000,0.000000,0.000000,0.000000,0.000000,-0.060000,9.460000,2.370000,0.040000,-0.020000,0.010000,40.750000,-17.250000,-14.690000
8.142000,154676.000000,0.000000,1895.000000,1840.000000,862.000000,1898.000000,1399.000000,0.000000,0.000000,0.000000,0.000000,0.000000,0.000000,0.000000,0.000000,0.000000,-0.060000,9.460000,2.370000,0.040000,-0.020000,0.010000,40.750000,-17.250000,-14.690000
8.144000,154677.000000,0.000000,1858.000000,1842.000000,608.000000,1902.000000,1269.000000,0.000000,0.000000,0.000000,0.000000,0.000000,0.000000,0.000000,0.000000,0.000000,-0.060000,9.460000,2.370000,0.040000,-0.020000,0.010000,40.750000,-17.250000,-14.690000
8.146000,154678.000000,0.000000,1851.000000,1823.000000,483.000000,1874.000000,1392.000000,0.000000,0.000000,0.000000,0.000000,0.000000,0.000000,0.000000,0.000000,0.000000,-0.060000,9.460000,2.370000,0.040000,-0.020000,0.010000,40.750000,-17.250000,-14.690000
8.148000,154679.000000,0.000000,1819.000000,1813.000000,555.000000,1840.000000,1585.000000,0.000000,0.000000,0.000000,0.000000,0.000000,0.000000,0.000000,0.000000,0.000000,-0.060000,9.460000,2.370000,0.040000,-0.020000,0.010000,40.750000,-17.250000,-14.690000
8.150000,154680.000000,554.000000,1798.000000,1776.000000,653.000000,1840.000000,1679.000000,0.000000,0.000000,0.000000,0.000000,0.000000,0.000000,0.000000,0.000000,0.000000,-0.060000,9.450000,2.390000,0.040000,-0.020000,0.010000,40.750000,-17.250000,-14.690000
8.152000,154681.000000,14.000000,1805.000000,1791.000000,734.000000,1836.000000,1791.000000,0.000000,0.000000,0.000000,0.000000,0.000000,0.000000,0.000000,0.000000,0.000000,-0.060000,9.450000,2.390000,0.040000,-0.020000,0.010000,40.750000,-17.250000,-14.690000
8.154000,154682.000000,5.000000,1776.000000,1776.000000,834.000000,1823.000000,1924.000000,0.000000,0.000000,0.000000,0.000000,0.000000,0.000000,0.000000,0.000000,0.000000,-0.060000,9.450000,2.390000,0.040000,-0.020000,0.010000,40.750000,-17.250000,-14.690000
8.156000,154683.000000,58.000000,1783.000000,1778.000000,1104.000000,1827.000000,2558.000000,0.000000,0.000000,0.000000,0.000000,0.000000,0.000000,0.000000,0.000000,0.000000,-0.060000,9.450000,2.390000,0.040000,-0.020000,0.010000,40.750000,-17.250000,-14.690000
8.158000,154684.000000,54.000000,1845.000000,1801.000000,1295.000000,1877.000000,2429.000000,0.000000,0.000000,0.000000,0.000000,0.000000,0.000000,0.000000,0.000000,0.000000,-0.060000,9.450000,2.390000,0.040000,-0.020000,0.010000,40.750000,-17.250000,-14.690000
8.160000,154685.000000,47.000000,1867.000000,1840.000000,1197.000000,1901.000000,2080.000000,0.000000,0.000000,0.000000,0.000000,0.000000,0.000000,0.000000,0.000000,0.000000,-0.080000,9.480000,2.280000,0.040000,-0.020000,0.010000,40.750000,-17.250000,-14.690000
8.162000,154686.000000,0.000000,1891.000000,1841.000000,885.000000,1885.000000,1408.000000,0.000000,0.000000,0.000000,0.000000,0.000000,0.000000,0.000000,0.000000,0.000000,-0.080000,9.480000,2.280000,0.040000,-0.020000,0.010000,40.750000,-17.250000,-14.690000
8.164000,154687.000000,0.000000,1872.000000,1807.000000,601.000000,1924.000000,1287.000000,0.000000,0.000000,0.000000,0.000000,0.000000,0.000000,0.000000,0.000000,0.000000,-0.080000,9.480000,2.280000,0.040000,-0.020000,0.010000,40.750000,-17.250000,-14.690000
8.166000,154688.000000,0.000000,1823.000000,1807.000000,449.000000,1901.000000,1386.000000,0.000000,0.000000,0.000000,0.000000,0.000000,0.000000,0.000000,0.000000,0.000000,-0.080000,9.480000,2.280000,0.040000,-0.020000,0.010000,40.750000,-17.250000,-14.690000
8.168000,154689.000000,0.000000,1810.000000,1789.000000,560.000000,1855.000000,1601.000000,0.000000,0.000000,0.000000,0.000000,0.000000,0.000000,0.000000,0.000000,0.000000,-0.080000,9.480000,2.280000,0.040000,-0.020000,0.010000,40.750000,-17.250000,-14.690000
8.170000,154690.000000,14.000000,1774.000000,1759.000000,642.000000,1857.000000,1686.000000,0.000000,0.000000,0.000000,0.000000,0.000000,0.000000,0.000000,0.000000,0.000000,-0.080000,9.520000,2.340000,0.040000,-0.020000,0.010000,40.750000,-17.250000,-14.690000
8.172000,154691.000000,0.000000,1779.000000,1782.000000,733.000000,1843.000000,1781.000000,0.000000,0.000000,0.000000,0.000000,0.000000,0.000000,0.000000,0.000000,0.000000,-0.080000,9.520000,2.340000,0.040000,-0.020000,0.010000,40.750000,-17.250000,-14.690000
8.174000,154692.000000,14.000000,1765.000000,1797.000000,805.000000,1826.000000,1923.000000,0.000000,0.000000,0.000000,0.000000,0.000000,0.000000,0.000000,0.000000,0.000000,-0.080000,9.520000,2.340000,0.040000,-0.020000,0.010000,40.750000,-17.250000,-14.690000
8.176000,154693.000000,50.000000,1765.000000,1750.000000,1104.000000,1821.000000,2581.000000,0.000000,0.000000,0.000000,0.000000,0.000000,0.000000,0.000000,0.000000,0.000000,-0.080000,9.520000,2.340000,0.040000,-0.020000,0.010000,40.750000,-17.250000,-14.690000
8.178000,154694.000000,48.000000,1799.000000,1805.000000,1281.000000,1871.000000,2433.000000,0.000000,0.000000,0.000000,0.000000,0.000000,0.000000,0.000000,0.000000,0.000000,-0.080000,9.520000,2.340000,0.040000,-0.020000,0.010000,40.750000,-17.250000,-14.690000
8.180000,154695.000000,45.000000,1859.000000,1840.000000,1172.000000,1903.000000,2081.000000,0.000000,0.000000,0.000000,0.000000,0.000000,0.000000,0.000000,0.000000,0.000000,-0.080000,9.510000,2.410000,0.040000,-0.020000,0.010000,40.750000,-17.250000,-14.690000
8.182000,154696.000000,0.000000,1875.000000,1835.000000,897.000000,1926.000000,1435.000000,0.000000,0.000000,0.000000,0.000000,0.000000,0.000000,0.000000,0.000000,0.000000,-0.080000,9.510000,2.410000,0.040000,-0.020000,0.010000,40.750000,-17.250000,-14.690000
8.184000,154697.000000,0.000000,1846.000000,1850.000000,614.000000,1906.000000,1296.000000,0.000000,0.000000,0.000000,0.000000,0.000000,0.000000,0.000000,0.000000,0.000000,-0.080000,9.510000,2.410000,0.040000,-0.020000,0.010000,40.750000,-17.250000,-14.690000
8.186000,154698.000000,0.000000,1817.000000,1824.000000,459.000000,1875.000000,1392.000000,0.000000,0.000000,0.000000,0.000000,0.000000,0.000000,0.000000,0.000000,0.000000,-0.080000,9.510000,2.410000,0.040000,-0.020000,0.010000,40.750000,-17.250000,-14.690000
8.188000,154699.000000,0.000000,1790.000000,1808.000000,579.000000,1846.000000,1589.000000,0.000000,0.000000,0.000000,0.000000,0.000000,0.000000,0.000000,0.000000,0.000000,-0.080000,9.510000,2.410000,0.040000,-0.020000,0.010000,40.750000,-17.250000,-14.690000
8.190000,154700.000000,35.000000,1760.000000,1774.000000,662.000000,1840.000000,1711.000000,0.000000,0.000000,0.000000,0.000000,0.000000,0.000000,0.000000,0.000000,0.000000,-0.070000,9.530000,2.420000,0.040000,-0.030000,0.010000,40.750000,-18.060000,-15.060000
8.192000,154701.000000,0.000000,1745.000000,1803.000000,752.000000,1824.000000,1791.000000,0.000000,0.000000,0.000000,0.000000,0.000000,0.000000,0.000000,0.000000,0.000000,-0.070000,9.530000,2.420000,0.040000,-0.030000,0.010000,40.750000,-18.060000,-15.060000
8.194000,154702.000000,23.000000,1760.000000,1799.000000,815.000000,1845.000000,1936.000000,0.000000,0.000000,0.000000,0.000000,0.000000,0.000000,0.000000,0.000000,0.000000,-0.070000,9.530000,2.420000,0.040000,-0.030000,0.010000,40.750000,-18.060000,-15.060000
8.196000,154703.000000,55.000000,1739.000000,1762.000000,1104.000000,1844.000000,2582.000000,0.000000,0.000000,0.000000,0.000000,0.000000,0.000000,0.000000,0.000000,0.000000,-0.070000,9.530000,2.420000,0.040000,-0.030000,0.010000,40.750000,-18.060000,-15.060000
8.198000,154704.000000,57.000000,1794.000000,1811.000000,1303.000000,1879.000000,2413.000000,0.000000,0.000000,0.000000,0.000000,0.000000,0.000000,0.000000,0.000000,0.000000,-0.070000,9.530000,2.420000,0.040000,-0.030000,0.010000,40.750000,-18.060000,-15.060000
8.200000,154705.000000,144.000000,1837.000000,1837.000000,1215.000000,1889.000000,2093.000000,0.000000,0.000000,0.000000,0.000000,0.000000,0.000000,0.000000,0.000000,0.000000,-0.020000,9.500000,2.410000,0.040000,-0.050000,0.000000,40.750000,-18.060000,-15.060000
8.202000,154706.000000,0.000000,1863.000000,1853.000000,895.000000,1919.000000,1423.000000,0.000000,0.000000,0.000000,0.000000,0.000000,0.000000,0.000000,0.000000,0.000000,-0.020000,9.500000,2.410000,0.040000,-0.050000,0.000000,40.750000,-18.060000,-15.060000
8.204000,154707.000000,0.000000,1846.000000,1856.000000,621.000000,1904.000000,1299.000000,0.000000,0.000000,0.000000,0.000000,0.000000,0.000000,0.000000,0.000000,0.000000,-0.020000,9.500000,2.410000,0.040000,-0.050000,0.000000,40.750000,-18.060000,-15.060000
8.206000,154708.000000,0.000000,1810.000000,1835.000000,475.000000,1856.000000,1365.000000,0.000000,0.000000,0.000000,0.000000,0.000000,0.000000,0.000000,0.000000,0.000000,-0.020000,9.500000,2.410000,0.040000,-0.050000,0.000000,40.750000,-18.060000,-15.060000
8.208000,154709.000000,0.000000,1797.000000,1839.000000,579.000000,1866.000000,1602.000000,0.000000,0.000000,0.000000,0.000000,0.000000,0.000000,0.000000,0.000000,0.000000,-0.020000,9.500000,2.410000,0.040000,-0.050000,0.000000,40.750000,-18.060000,-15.060000
8.210000,154710.000000,10.000000,1776.000000,1792.000000,669.000000,1834.000000,1664.000000,0.000000,0.000000,0.000000,0.000000,0.000000,0.000000,0.000000,0.000000,0.000000,-0.020000,9.460000,2.360000,0.030000,-0.060000,0.000000,40.750000,-18.060000,-15.060000
8.212000,154711.000000,0.000000,1742.000000,1808.000000,739.000000,1841.000000,1762.000000,0.000000,0.000000,0.000000,0.000000,0.000000,0.000000,0.000000,0.000000,0.000000,-0.020000,9.460000,2.360000,0.030000,-0.060000,0.000000,40.750000,-18.060000,-15.060000
8.214000,154712.000000,5.000000,1745.000000,1813.000000,813.000000,1849.000000,1936.000000,0.000000,0.000000,0.000000,0.000000,0.000000,0.000000,0.000000,0.000000,0.000000,-0.020000,9.460000,2.360000,0.030000,-0.060000,0.000000,40.750000,-18.060000,-15.060000
8.216000,154713.000000,64.000000,1780.000000,1798.000000,1119.000000,1825.000000,2593.000000,0.000000,0.000000,0.000000,0.000000,0.000000,0.000000,0.000000,0.000000,0.000000,-0.020000,9.460000,2.360000,0.030000,-0.060000,0.000000,40.750000,-18.060000,-15.060000
8.218000,154714.000000,53.000000,1808.000000,1837.000000,1280.000000,1879.000000,2434.000000,0.000000,0.000000,0.000000,0.000000,0.000000,0.000000,0.000000,0.000000,0.000000,-0.020000,9.460000,2.360000,0.030000,-0.060000,0.000000,40.750000,-18.060000,-15.060000
8.220000,154715.000000,625.000000,1848.000000,1845.000000,1225.000000,1903.000000,2121.000000,0.000000,0.000000,0.000000,0.000000,0.000000,0.000000,0.000000,0.000000,0.000000,-0.020000,9.460000,2.420000,0.030000,-0.060000,0.010000,40.750000,-18.060000,-15.060000
8.222000,154716.000000,0.000000,1878.000000,1876.000000,905.000000,1902.000000,1397.000000,0.000000,0.000000,0.000000,0.000000,0.000000,0.000000,0.000000,0.000000,0.000000,-0.020000,9.460000,2.420000,0.030000,-0.060000,0.010000,40.750000,-18.060000,-15.060000
8.224000,154717.000000,0.000000,1853.000000,1866.000000,610.000000,1919.000000,1323.000000,0.000000,0.000000,0.000000,0.000000,0.000000,0.000000,0.000000,0.000000,0.000000,-0.020000,9.460000,2.420000,0.030000,-0.060000,0.010000,40.750000,-18.060000,-15.060000
8.226000,154718.000000,0.000000,1821.000000,1853.000000,464.000000,1894.000000,1392.000000,0.000000,0.000000,0.000000,0.000000,0.000000,0.000000,0.000000,0.000000,0.000000,-0.020000,9.460000,2.420000,0.030000,-0.060000,0.010000,40.750000,-18.060000,-15.060000
8.228000,154719.000000,0.000000,1808.000000,1802.000000,561.000000,1865.000000,1607.000000,0.000000,0.000000,0.000000,0.000000,0.000000,0.000000,0.000000,0.000000,0.000000,-0.020000,9.460000,2.420000,0.030000,-0.060000,0.010000,40.750000,-18.060000,-15.060000
8.230000,154720.000000,22.000000,1767.000000,1810.000000,649.000000,1869.000000,1683.000000,0.000000,0.000000,0.000000,0.000000,0.000000,0.000000,0.000000,0.000000,0.000000,-0.050000,9.440000,2.480000,0.030000,-0.050000,0.010000,40.750000,-18.060000,-15.060000
8.232000,154721.000000,0.000000,1759.000000,1804.000000,753.000000,1846.000000,1782.000000,0.000000,0.000000,0.000000,0.000000,0.000000,0.000000,0.000000,0.000000,0.000000,-0.050000,9.440000,2.480000,0.030000,-0.050000,0.010000,40.750000,-18.060000,-15.060000
8.234000,154722.000000,0.000000,1761.000000,1787.000000,816.000000,1861.000000,1918.000000,0.000000,0.000000,0.000000,0.000000,0.000000,0.000000,0.000000,0.000000,0.000000,-0.050000,9.440000,2.480000,0.030000,-0.050000,0.010000,40.750000,-18.060000,-15.060000
8.236000,154723.000000,49.000000,1790.000000,1802.000000,1120.000000,1861.000000,2559.000000,0.000000,0.000000,0.000000,0.000000,0.000000,0.000000,0.000000,0.000000,0.000000,-0.050000,9.440000,2.480000,0.030000,-0.050000,0.010000,40.750000,-18.060000,-15.060000
8.238000,154724.000000,55.000000,1826.000000,1808.000000,1302.000000,1906.000000,2419.000000,0.000000,0.000000,0.000000,0.000000,0.000000,0.000000,0.000000,0.000000,0.000000,-0.050000,9.440000,2.480000,0.030000,-0.050000,0.010000,40.750000,-18.060000,-15.060000
8.240000,154725.000000,97.000000,1876.000000,1845.000000,1209.000000,1906.000000,2094.000000,0.000000,0.000000,0.000000,0.000000,0.000000,0.000000,0.000000,0.000000,0.000000,-0.110000,9.420000,2.490000,0.020000,-0.040000,0.010000,41.880000,-17.690000,-15.880000
8.242000,154726.000000,0.000000,1905.000000,1869.000000,875.000000,1938.000000,1407.000000,0.000000,0.000000,0.000000,0.000000,0.000000,0.000000,0.000000,0.000000,0.000000,-0.110000,9.420000,2.490000,0.020000,-0.040000,0.010000,41.880000,-17.690000,-15.880000
8.244000,154727.000000,0.000000,1859.000000,1859.000000,624.000000,1934.000000,1290.000000,0.000000,0.000000,0.000000,0.000000,0.000000,0.000000,0.000000,0.000000,0.000000,-0.110000,9.420000,2.490000,0.020000,-0.040000,0.010000,41.880000,-17.690000,-15.880000
8.246000,154728.000000,0.000000,1839.000000,1840.000000,453.000000,1951.000000,1358.000000,0.000000,0.000000,0.000000,0.000000,0.000000,0.000000,0.000000,0.000000,0.000000,-0.110000,9.420000,2.490000,0.020000,-0.040000,0.010000,41.880000,-17.690000,-15.880000
8.248000,154729.000000,0.000000,1799.000000,1811.000000,572.000000,1887.000000,1606.000000,0.000000,0.000000,0.000000,0.000000,0.000000,0.000000,0.000000,0.000000,0.000000,-0.110000,9.420000,2.490000,0.020000,-0.040000,0.010000,41.880000,-17.690000,-15.880000
8.250000,154730.000000,223.000000,2224.000000,1795.000000,656.000000,1878.000000,1666.000000,0.000000,0.000000,0.000000,0.000000,0.000000,0.000000,0.000000,0.000000,0.000000,-0.120000,9.440000,2.420000,0.020000,-0.030000,0.000000,41.880000,-17.690000,-15.880000
8.252000,154731.000000,0.000000,1776.000000,1791.000000,737.000000,1854.000000,1801.000000,0.000000,0.000000,0.000000,0.000000,0.000000,0.000000,0.000000,0.000000,0.000000,-0.120000,9.440000,2.420000,0.020000,-0.030000,0.000000,41.880000,-17.690000,-15.880000
8.254000,154732.000000,1.000000,1769.000000,1775.000000,806.000000,1872.000000,1935.000000,0.000000,0.000000,0.000000,0.000000,0.000000,0.000000,0.000000,0.000000,0.000000,-0.120000,9.440000,2.420000,0.020000,-0.030000,0.000000,41.880000,-17.690000,-15.880000
8.256000,154733.000000,55.000000,1771.000000,1744.000000,1133.000000,1835.000000,2559.000000,0.000000,0.000000,0.000000,0.000000,0.000000,0.000000,0.000000,0.000000,0.000000,-0.120000,9.440000,2.420000,0.020000,-0.030000,0.000000,41.880000,-17.690000,-15.880000
8.258000,154734.000000,50.000000,1811.000000,1787.000000,1327.000000,1879.000000,2432.000000,0.000000,0.000000,0.000000,0.000000,0.000000,0.000000,0.000000,0.000000,0.000000,-0.120000,9.440000,2.420000,0.020000,-0.030000,0.000000,41.880000,-17.690000,-15.880000
8.260000,154735.000000,23.000000,1856.000000,1802.000000,1204.000000,1889.000000,2096.000000,0.000000,0.000000,0.000000,0.000000,0.000000,0.000000,0.000000,0.000000,0.000000,-0.080000,9.470000,2.330000,0.020000,-0.040000,0.000000,41.880000,-17.690000,-15.880000
8.262000,154736.000000,0.000000,1869.000000,1815.000000,916.000000,1937.000000,1391.000000,0.000000,0.000000,0.000000,0.000000,0.000000,0.000000,0.000000,0.000000,0.000000,-0.080000,9.470000,2.330000,0.020000,-0.040000,0.000000,41.880000,-17.690000,-15.880000
8.264000,154737.000000,0.000000,1856.000000,1839.000000,622.000000,1918.000000,1312.000000,0.000000,0.000000,0.000000,0.000000,0.000000,0.000000,0.000000,0.000000,0.000000,-0.080000,9.470000,2.330000,0.020000,-0.040000,0.000000,41.880000,-17.690000,-15.880000
8.266000,154738.000000,0.000000,1835.000000,1797.000000,496.000000,1897.000000,1382.000000,0.000000,0.000000,0.000000,0.000000,0.000000,0.000000,0.000000,0.000000,0.000000,-0.080000,9.470000,2.330000,0.020000,-0.040000,0.000000,41.880000,-17.690000,-15.880000
8.268000,154739.000000,0.000000,1805.000000,1792.000000,589.000000,1845.000000,1600.000000,0.000000,0.000000,0.000000,0.000000,0.000000,0.000000,0.000000,0.000000,0.000000,-0.080000,9.470000,2.330000,0.020000,-0.040000,0.000000,41.880000,-17.690000,-15.880000
8.270000,154740.000000,555.000000,1776.000000,1777.000000,659.000000,1850.000000,1679.000000,0.000000,0.000000,0.000000,0.000000,0.000000,0.000000,0.000000,0.000000,0.000000,-0.080000,9.490000,2.340000,0.010000,-0.040000,0.000000,41.880000,-17.690000,-15.880000
8.272000,154741.000000,16.000000,1771.000000,1776.000000,754.000000,1852.000000,1793.000000,0.000000,0.000000,0.000000,0.000000,0.000000,0.000000,0.000000,0.000000,0.000000,-0.080000,9.490000,2.340000,0.010000,-0.040000,0.000000,41.880000,-17.690000,-15.880000
8.274000,154742.000000,1.000000,1742.000000,1764.000000,832.000000,1826.000000,1925.000000,0.000000,0.000000,0.000000,0.000000,0.000000,0.000000,0.000000,0.000000,0.000000,-0.080000,9.490000,2.340000,0.010000,-0.040000,0.000000,41.880000,-17.690000,-15.880000
8.276000,154743.000000,55.000000,1770.000000,1735.000000,1115.000000,1840.000000,2582.000000,0.000000,0.000000,0.000000,0.000000,0.000000,0.000000,0.000000,0.000000,0.000000,-0.080000,9.490000,2.340000,0.010000,-0.040000,0.000000,41.880000,-17.690000,-15.880000
8.278000,154744.000000,62.000000,1808.000000,1808.000000,1296.000000,1845.000000,2434.000000,0.000000,0.000000,0.000000,0.000000,0.000000,0.000000,0.000000,0.000000,0.000000,-0.080000,9.490000,2.340000,0.010000,-0.040000,0.000000,41.880000,-17.690000,-15.880000
8.280000,154745.000000,59.000000,1840.000000,1819.000000,1209.000000,1888.000000,2103.000000,0.000000,0.000000,0.000000,0.000000,0.000000,0.000000,0.000000,0.000000,0.000000,-0.080000,9.480000,2.350000,0.010000,-0.050000,0.000000,41.880000,-17.690000,-15.880000
8.282000,154746.000000,0.000000,1861.000000,1839.000000,934.000000,1917.000000,1380.000000,0.000000,0.000000,0.000000,0.000000,0.000000,0.000000,0.000000,0.000000,0.000000,-0.080000,9.480000,2.350000,0.010000,-0.050000,0.000000,41.880000,-17.690000,-15.880000
8.284000,154747.000000,0.000000,1842.000000,1840.000000,640.000000,1903.000000,1296.000000,0.000000,0.000000,0.000000,0.000000,0.000000,0.000000,0.000000,0.000000,0.000000,-0.080000,9.480000,2.350000,0.010000,-0.050000,0.000000,41.880000,-17.690000,-15.880000
8.286000,154748.000000,0.000000,1823.000000,1821.000000,487.000000,1863.000000,1367.000000,0.000000,0.000000,0.000000,0.000000,0.000000,0.000000,0.000000,0.000000,0.000000,-0.080000,9.480000,2.350000,0.010000,-0.050000,0.000000,41.880000,-17.690000,-15.880000
8.288000,154749.000000,0.000000,1777.000000,1790.000000,579.000000,1861.000000,1590.000000,0.000000,0.000000,0.000000,0.000000,0.000000,0.000000,0.000000,0.000000,0.000000,-0.080000,9.480000,2.350000,0.010000,-0.050000,0.000000,41.880000,-17.690000,-15.880000
8.290000,154750.000000,19.000000,1763.000000,1791.000000,663.000000,1826.000000,1670.000000,0.000000,0.000000,0.000000,0.000000,0.000000,0.000000,0.000000,0.000000,0.000000,-0.080000,9.460000,2.350000,0.020000,-0.050000,-0.010000,42.250000,-16.560000,-15.060000
8.292000,154751.000000,0.000000,1764.000000,1767.000000,755.000000,1862.000000,1799.000000,0.000000,0.000000,0.000000,0.000000,0.000000,0.000000,0.000000,0.000000,0.000000,-0.080000,9.460000,2.350000,0.020000,-0.050000,-0.010000,42.250000,-16.560000,-15.060000
8.294000,154752.000000,15.000000,1765.000000,1777.000000,816.000000,1805.000000,1901.000000,0.000000,0.000000,0.000000,0.000000,0.000000,0.000000,0.000000,0.000000,0.000000,-0.080000,9.460000,2.350000,0.020000,-0.050000,-0.010000,42.250000,-16.560000,-15.060000
8.296000,154753.000000,52.000000,1746.000000,1762.000000,1117.000000,1831.000000,2559.000000,0.000000,0.000000,0.000000,0.000000,0.000000,0.000000,0.000000,0.000000,0.000000,-0.080000,9.460000,2.350000,0.020000,-0.050000,-0.010000,42.250000,-16.560000,-15.060000
8.298000,154754.000000,51.000000,1804.000000,1767.000000,1295.000000,1878.000000,2448.000000,0.000000,0.000000,0.000000,0.000000,0.000000,0.000000,0.000000,0.000000,0.000000,-0.080000,9.460000,2.350000,0.020000,-0.050000,-0.010000,42.250000,-16.560000,-15.060000
8.300000,154755.000000,174.000000,1833.000000,1829.000000,1202.000000,1904.000000,2090.000000,0.000000,0.000000,0.000000,0.000000,0.000000,0.000000,0.000000,0.000000,0.000000,-0.090000,9.500000,2.430000,0.010000,-0.040000,0.000000,42.250000,-16.560000,-15.060000
8.302000,154756.000000,0.000000,1851.000000,1808.000000,935.000000,1918.000000,1417.000000,0.000000,0.000000,0.000000,0.000000,0.000000,0.000000,0.000000,0.000000,0.000000,-0.090000,9.500000,2.430000,0.010000,-0.040000,0.000000,42.250000,-16.560000,-15.060000
8.304000,154757.000000,0.000000,1854.000000,1808.000000,645.000000,1904.000000,1296.000000,0.000000,0.000000,0.000000,0.000000,0.000000,0.000000,0.000000,0.000000,0.000000,-0.090000,9.500000,2.430000,0.010000,-0.040000,0.000000,42.250000,-16.560000,-15.060000
8.306000,154758.000000,0.000000,1825.000000,1792.000000,495.000000,1898.000000,1353.000000,0.000000,0.000000,0.000000,0.000000,0.000000,0.000000,0.000000,0.000000,0.000000,-0.090000,9.500000,2.430000,0.010000,-0.040000,0.000000,42.250000,-16.560000,-15.060000
8.308000,154759.000000,0.000000,1783.000000,1760.000000,579.000000,1882.000000,1568.000000,0.000000,0.000000,0.000000,0.000000,0.000000,0.000000,0.000000,0.000000,0.000000,-0.090000,9.500000,2.430000,0.010000,-0.040000,0.000000,42.250000,-16.560000,-15.060000
8.310000,154760.000000,103.000000,1783.000000,1772.000000,656.000000,1853.000000,1655.000000,0.000000,0.000000,0.000000,0.000000,0.000000,0.000000,0.000000,0.000000,0.000000,-0.080000,9.500000,2.290000,0.010000,-0.030000,0.000000,42.250000,-16.560000,-15.060000
8.312000,154761.000000,0.000000,1733.000000,1755.000000,752.000000,1868.000000,1749.000000,0.000000,0.000000,0.000000,0.000000,0.000000,0.000000,0.000000,0.000000,0.000000,-0.080000,9.500000,2.290000,0.010000,-0.030000,0.000000,42.250000,-16.560000,-15.060000
8.314000,154762.000000,0.000000,1767.000000,1729.000000,819.000000,1825.000000,1921.000000,0.000000,0.000000,0.000000,0.000000,0.000000,0.000000,0.000000,0.000000,0.000000,-0.080000,9.500000,2.290000,0.010000,-0.030000,0.000000,42.250000,-16.560000,-15.060000
8.316000,154763.000000,59.000000,1770.000000,1740.000000,1123.000000,1874.000000,2557.000000,0.000000,0.000000,0.000000,0.000000,0.000000,0.000000,0.000000,0.000000,0.000000,-0.080000,9.500000,2.290000,0.010000,-0.030000,0.000000,42.250000,-16.560000,-15.060000
8.318000,154764.000000,57.000000,1808.000000,1776.000000,1320.000000,1889.000000,2454.000000,0.000000,0.000000,0.000000,0.000000,0.000000,0.000000,0.000000,0.000000,0.000000,-0.080000,9.500000,2.290000,0.010000,-0.030000,0.000000,42.250000,-16.560000,-15.060000
8.320000,154765.000000,623.000000,1827.000000,1789.000000,1235.000000,1926.000000,2123.000000,0.000000,0.000000,0.000000,0.000000,0.000000,0.000000,0.000000,0.000000,0.000000,-0.080000,9.510000,2.380000,0.010000,-0.020000,0.000000,42.250000,-16.560000,-15.060000
8.322000,154766.000000,0.000000,1872.000000,1792.000000,911.000000,1926.000000,1389.000000,0.000000,0.000000,0.000000,0.000000,0.000000,0.000000,0.000000,0.000000,0.000000,-0.080000,9.510000,2.380000,0.010000,-0.020000,0.000000,42.250000,-16.560000,-15.060000
8.324000,154767.000000,0.000000,1840.000000,1786.000000,635.000000,1951.000000,1326.000000,0.000000,0.000000,0.000000,0.000000,0.000000,0.000000,0.000000,0.000000,0.000000,-0.080000,9.510000,2.380000,0.010000,-0.020000,0.000000,42.250000,-16.560000,-15.060000
8.326000,154768.000000,0.000000,1821.000000,1790.000000,474.000000,1907.000000,1374.000000,0.000000,0.000000,0.000000,0.000000,0.000000,0.000000,0.000000,0.000000,0.000000,-0.080000,9.510000,2.380000,0.010000,-0.020000,0.000000,42.250000,-16.560000,-15.060000
8.328000,154769.000000,0.000000,1765.000000,1769.000000,565.000000,1868.000000,1569.000000,0.000000,0.000000,0.000000,0.000000,0.000000,0.000000,0.000000,0.000000,0.000000,-0.080000,9.510000,2.380000,0.010000,-0.020000,0.000000,42.250000,-16.560000,-15.060000
8.330000,154770.000000,25.000000,1769.000000,1691.000000,674.000000,1850.000000,1689.000000,0.000000,0.000000,0.000000,0.000000,0.000000,0.000000,0.000000,0.000000,0.000000,-0.050000,9.520000,2.420000,0.010000,-0.020000,0.000000,42.250000,-16.560000,-15.060000
8.332000,154771.000000,0.000000,1754.000000,1732.000000,751.000000,1850.000000,1782.000000,0.000000,0.000000,0.000000,0.000000,0.000000,0.000000,0.000000,0.000000,0.000000,-0.050000,9.520000,2.420000,0.010000,-0.020000,0.000000,42.250000,-16.560000,-15.060000
8.334000,154772.000000,4.000000,1731.000000,1715.000000,816.000000,1846.000000,1914.000000,0.000000,0.000000,0.000000,0.000000,0.000000,0.000000,0.000000,0.000000,0.000000,-0.050000,9.520000,2.420000,0.010000,-0.020000,0.000000,42.250000,-16.560000,-15.060000
8.336000,154773.000000,49.000000,1757.000000,1737.000000,1114.000000,1843.000000,2557.000000,0.000000,0.000000,0.000000,0.000000,0.000000,0.000000,0.000000,0.000000,0.000000,-0.050000,9.520000,2.420000,0.010000,-0.020000,0.000000,42.250000,-16.560000,-15.060000
8.338000,154774.000000,51.000000,1769.000000,1745.000000,1311.000000,1870.000000,2454.000000,0.000000,0.000000,0.000000,0.000000,0.000000,0.000000,0.000000,0.000000,0.000000,-0.050000,9.520000,2.420000,0.010000,-0.020000,0.000000,42.250000,-16.560000,-15.060000
8.340000,154775.000000,457.000000,1809.000000,1745.000000,1234.000000,1912.000000,2102.000000,0.000000,0.000000,0.000000,0.000000,0.000000,0.000000,0.000000,0.000000,0.000000,-0.050000,9.530000,2.420000,0.010000,-0.020000,0.000000,40.750000,-17.250000,-15.880000
8.342000,154776.000000,0.000000,1845.000000,1797.000000,919.000000,1903.000000,1405.000000,0.000000,0.000000,0.000000,0.000000,0.000000,0.000000,0.000000,0.000000,0.000000,-0.050000,9.530000,2.420000,0.010000,-0.020000,0.000000,40.750000,-17.250000,-15.880000
8.344000,154777.000000,0.000000,1835.000000,1789.000000,646.000000,1904.000000,1298.000000,0.000000,0.000000,0.000000,0.000000,0.000000,0.000000,0.000000,0.000000,0.000000,-0.050000,9.530000,2.420000,0.010000,-0.020000,0.000000,40.750000,-17.250000,-15.880000
8.346000,154778.000000,0.000000,1802.000000,1762.000000,485.000000,1863.000000,1360.000000,0.000000,0.000000,0.000000,0.000000,0.000000,0.000000,0.000000,0.000000,0.000000,-0.050000,9.530000,2.420000,0.010000,-0.020000,0.000000,40.750000,-17.250000,-15.880000
8.348000,154779.000000,0.000000,1762.000000,1727.000000,590.000000,1839.000000,1584.000000,0.000000,0.000000,0.000000,0.000000,0.000000,0.000000,0.000000,0.000000,0.000000,-0.050000,9.530000,2.420000,0.010000,-0.020000,0.000000,40.750000,-17.250000,-15.880000
8.350000,154780.000000,80.000000,1747.000000,1742.000000,656.000000,1838.000000,1665.000000,0.000000,0.000000,0.000000,0.000000,0.000000,0.000000,0.000000,0.000000,0.000000,-0.040000,9.520000,2.410000,0.010000,-0.020000,-0.010000,40.750000,-17.250000,-15.880000
8.352000,154781.000000,0.000000,1747.000000,1744.000000,751.000000,1817.000000,1765.000000,0.000000,0.000000,0.000000,0.000000,0.000000,0.000000,0.000000,0.000000,0.000000,-0.040000,9.520000,2.410000,0.010000,-0.020000,-0.010000,40.750000,-17.250000,-15.880000
8.354000,154782.000000,7.000000,1734.000000,1738.000000,826.000000,1808.000000,1915.000000,0.000000,0.000000,0.000000,0.000000,0.000000,0.000000,0.000000,0.000000,0.000000,-0.040000,9.520000,2.410000,0.010000,-0.020000,-0.010000,40.750000,-17.250000,-15.880000
8.356000,154783.000000,53.000000,1744.000000,1744.000000,1120.000000,1803.000000,2549.000000,0.000000,0.000000,0.000000,0.000000,0.000000,0.000000,0.000000,0.000000,0.000000,-0.040000,9.520000,2.410000,0.010000,-0.020000,-0.010000,40.750000,-17.250000,-15.880000
8.358000,154784.000000,60.000000,1770.000000,1712.000000,1296.000000,1842.000000,2448.000000,0.000000,0.000000,0.000000,0.000000,0.000000,0.000000,0.000000,0.000000,0.000000,-0.040000,9.520000,2.410000,0.010000,-0.020000,-0.010000,40.750000,-17.250000,-15.880000
8.360000,154785.000000,37.000000,1822.000000,1791.000000,1221.000000,1866.000000,2064.000000,0.000000,0.000000,0.000000,0.000000,0.000000,0.000000,0.000000,0.000000,0.000000,-0.010000,9.490000,2.310000,0.010000,-0.030000,-0.010000,40.750000,-17.250000,-15.880000
8.362000,154786.000000,0.000000,1855.000000,1789.000000,913.000000,1872.000000,1431.000000,0.000000,0.000000,0.000000,0.000000,0.000000,0.000000,0.000000,0.000000,0.000000,-0.010000,9.490000,2.310000,0.010000,-0.030000,-0.010000,40.750000,-17.250000,-15.880000
8.364000,154787.000000,0.000000,1840.000000,1789.000000,629.000000,1856.000000,1325.000000,0.000000,0.000000,0.000000,0.000000,0.000000,0.000000,0.000000,0.000000,0.000000,-0.010000,9.490000,2.310000,0.010000,-0.030000,-0.010000,40.750000,-17.250000,-15.880000
8.366000,154788.000000,0.000000,1825.000000,1791.000000,479.000000,1832.000000,1367.000000,0.000000,0.000000,0.000000,0.000000,0.000000,0.000000,0.000000,0.000000,0.000000,-0.010000,9.490000,2.310000,0.010000,-0.030000,-0.010000,40.750000,-17.250000,-15.880000
8.368000,154789.000000,0.000000,1796.000000,1712.000000,543.000000,1808.000000,1563.000000,0.000000,0.000000,0.000000,0.000000,0.000000,0.000000,0.000000,0.000000,0.000000,-0.010000,9.490000,2.310000,0.010000,-0.030000,-0.010000,40.750000,-17.250000,-15.880000
8.370000,154790.000000,237.000000,1783.000000,1707.000000,646.000000,1805.000000,1662.000000,0.000000,0.000000,0.000000,0.000000,0.000000,0.000000,0.000000,0.000000,0.000000,-0.010000,9.460000,2.380000,0.010000,-0.020000,0.000000,40.750000,-17.250000,-15.880000
8.372000,154791.000000,0.000000,1761.000000,1712.000000,747.000000,1805.000000,1775.000000,0.000000,0.000000,0.000000,0.000000,0.000000,0.000000,0.000000,0.000000,0.000000,-0.010000,9.460000,2.380000,0.010000,-0.020000,0.000000,40.750000,-17.250000,-15.880000
8.374000,154792.000000,9.000000,1775.000000,1701.000000,821.000000,1787.000000,1916.000000,0.000000,0.000000,0.000000,0.000000,0.000000,0.000000,0.000000,0.000000,0.000000,-0.010000,9.460000,2.380000,0.010000,-0.020000,0.000000,40.750000,-17.250000,-15.880000
8.376000,154793.000000,57.000000,1776.000000,1744.000000,1119.000000,1776.000000,2559.000000,0.000000,0.000000,0.000000,0.000000,0.000000,0.000000,0.000000,0.000000,0.000000,-0.010000,9.460000,2.380000,0.010000,-0.020000,0.000000,40.750000,-17.250000,-15.880000
8.378000,154794.000000,57.000000,1824.000000,1753.000000,1303.000000,1792.000000,2448.000000,0.000000,0.000000,0.000000,0.000000,0.000000,0.000000,0.000000,0.000000,0.000000,-0.010000,9.460000,2.380000,0.010000,-0.020000,0.000000,40.750000,-17.250000,-15.880000
8.380000,154795.000000,87.000000,1862.000000,1769.000000,1218.000000,1831.000000,2089.000000,0.000000,0.000000,0.000000,0.000000,0.000000,0.000000,0.000000,0.000000,0.000000,0.000000,9.460000,2.410000,0.000000,-0.010000,0.000000,40.750000,-17.250000,-15.880000
8.382000,154796.000000,0.000000,1886.000000,1810.000000,925.000000,1854.000000,1430.000000,0.000000,0.000000,0.000000,0.000000,0.000000,0.000000,0.000000,0.000000,0.000000,0.000000,9.460000,2.410000,0.000000,-0.010000,0.000000,40.750000,-17.250000,-15.880000
8.384000,154797.000000,0.000000,1901.000000,1783.000000,620.000000,1835.000000,1310.000000,0.000000,0.000000,0.000000,0.000000,0.000000,0.000000,0.000000,0.000000,0.000000,0.000000,9.460000,2.410000,0.000000,-0.010000,0.000000,40.750000,-17.250000,-15.880000
8.386000,154798.000000,0.000000,1856.000000,1769.000000,467.000000,1822.000000,1366.000000,0.000000,0.000000,0.000000,0.000000,0.000000,0.000000,0.000000,0.000000,0.000000,0.000000,9.460000,2.410000,0.000000,-0.010000,0.000000,40.750000,-17.250000,-15.880000
8.388000,154799.000000,0.000000,1808.000000,1692.000000,554.000000,1807.000000,1586.000000,0.000000,0.000000,0.000000,0.000000,0.000000,0.000000,0.000000,0.000000,0.000000,0.000000,9.460000,2.410000,0.000000,-0.010000,0.000000,40.750000,-17.250000,-15.880000
8.390000,154800.000000,560.000000,1821.000000,1743.000000,642.000000,1786.000000,1677.000000,0.000000,0.000000,0.000000,0.000000,0.000000,0.000000,0.000000,0.000000,0.000000,-0.030000,9.510000,2.370000,0.000000,0.000000,0.000000,40.060000,-17.250000,-14.250000
8.392000,154801.000000,15.000000,1778.000000,1723.000000,763.000000,1772.000000,1765.000000,0.000000,0.000000,0.000000,0.000000,0.000000,0.000000,0.000000,0.000000,0.000000,-0.030000,9.510000,2.370000,0.000000,0.000000,0.000000,40.060000,-17.250000,-14.250000
8.394000,154802.000000,2.000000,1790.000000,1705.000000,836.000000,1770.000000,1921.000000,0.000000,0.000000,0.000000,0.000000,0.000000,0.000000,0.000000,0.000000,0.000000,-0.030000,9.510000,2.370000,0.000000,0.000000,0.000000,40.060000,-17.250000,-14.250000
8.396000,154803.000000,54.000000,1788.000000,1722.000000,1106.000000,1777.000000,2559.000000,0.000000,0.000000,0.000000,0.000000,0.000000,0.000000,0.000000,0.000000,0.000000,-0.030000,9.510000,2.370000,0.000000,0.000000,0.000000,40.060000,-17.250000,-14.250000
8.398000,154804.000000,54.000000,1808.000000,1731.000000,1342.000000,1811.000000,2447.000000,0.000000,0.000000,0.000000,0.000000,0.000000,0.000000,0.000000,0.000000,0.000000,-0.030000,9.510000,2.370000,0.000000,0.000000,0.000000,40.060000,-17.250000,-14.250000
8.400000,154805.000000,626.000000,1861.000000,1772.000000,1251.000000,1817.000000,2143.000000,0.000000,0.000000,0.000000,0.000000,0.000000,0.000000,0.000000,0.000000,0.000000,-0.020000,9.520000,2.370000,0.000000,0.020000,0.000000,40.060000,-17.250000,-14.250000
8.402000,154806.000000,0.000000,1859.000000,1791.000000,942.000000,1833.000000,1408.000000,0.000000,0.000000,0.000000,0.000000,0.000000,0.000000,0.000000,0.000000,0.000000,-0.020000,9.520000,2.370000,0.000000,0.020000,0.000000,40.060000,-17.250000,-14.250000
8.404000,154807.000000,0.000000,1862.000000,1777.000000,610.000000,1840.000000,1297.000000,0.000000,0.000000,0.000000,0.000000,0.000000,0.000000,0.000000,0.000000,0.000000,-0.020000,9.520000,2.370000,0.000000,0.020000,0.000000,40.060000,-17.250000,-14.250000
8.406000,154808.000000,0.000000,1844.000000,1748.000000,463.000000,1798.000000,1357.000000,0.000000,0.000000,0.000000,0.000000,0.000000,0.000000,0.000000,0.000000,0.000000,-0.020000,9.520000,2.370000,0.000000,0.020000,0.000000,40.060000,-17.250000,-14.250000
8.408000,154809.000000,0.000000,1791.000000,1754.000000,576.000000,1776.000000,1574.000000,0.000000,0.000000,0.000000,0.000000,0.000000,0.000000,0.000000,0.000000,0.000000,-0.020000,9.520000,2.370000,0.000000,0.020000,0.000000,40.060000,-17.250000,-14.250000
8.410000,154810.000000,549.000000,1776.000000,1717.000000,666.000000,1751.000000,1668.000000,0.000000,0.000000,0.000000,0.000000,0.000000,0.000000,0.000000,0.000000,0.000000,-0.020000,9.540000,2.240000,0.000000,0.020000,-0.010000,40.060000,-17.250000,-14.250000
8.412000,154811.000000,11.000000,1757.000000,1744.000000,751.000000,1749.000000,1779.000000,0.000000,0.000000,0.000000,0.000000,0.000000,0.000000,0.000000,0.000000,0.000000,-0.020000,9.540000,2.240000,0.000000,0.020000,-0.010000,40.060000,-17.250000,-14.250000
8.414000,154812.000000,9.000000,1762.000000,1738.000000,816.000000,1749.000000,1895.000000,0.000000,0.000000,0.000000,0.000000,0.000000,0.000000,0.000000,0.000000,0.000000,-0.020000,9.540000,2.240000,0.000000,0.020000,-0.010000,40.060000,-17.250000,-14.250000
8.416000,154813.000000,50.000000,1757.000000,1731.000000,1115.000000,1717.000000,2559.000000,0.000000,0.000000,0.000000,0.000000,0.000000,0.000000,0.000000,0.000000,0.000000,-0.020000,9.540000,2.240000,0.000000,0.020000,-0.010000,40.060000,-17.250000,-14.250000
8.418000,154814.000000,51.000000,1788.000000,1719.000000,1322.000000,1778.000000,2442.000000,0.000000,0.000000,0.000000,0.000000,0.000000,0.000000,0.000000,0.000000,0.000000,-0.020000,9.540000,2.240000,0.000000,0.020000,-0.010000,40.060000,-17.250000,-14.250000
8.420000,154815.000000,562.000000,1834.000000,1794.000000,1246.000000,1807.000000,2096.000000,0.000000,0.000000,0.000000,0.000000,0.000000,0.000000,0.000000,0.000000,0.000000,-0.030000,9.530000,2.260000,0.000000,0.020000,-0.010000,40.060000,-17.250000,-14.250000
8.422000,154816.000000,0.000000,1872.000000,1808.000000,937.000000,1795.000000,1413.000000,0.000000,0.000000,0.000000,0.000000,0.000000,0.000000,0.000000,0.000000,0.000000,-0.030000,9.530000,2.260000,0.000000,0.020000,-0.010000,40.060000,-17.250000,-14.250000
8.424000,154817.000000,0.000000,1836.000000,1804.000000,606.000000,1806.000000,1313.000000,0.000000,0.000000,0.000000,0.000000,0.000000,0.000000,0.000000,0.000000,0.000000,-0.030000,9.530000,2.260000,0.000000,0.020000,-0.010000,40.060000,-17.250000,-14.250000
8.426000,154818.000000,0.000000,1808.000000,1770.000000,479.000000,1794.000000,1374.000000,0.000000,0.000000,0.000000,0.000000,0.000000,0.000000,0.000000,0.000000,0.000000,-0.030000,9.530000,2.260000,0.000000,0.020000,-0.010000,40.060000,-17.250000,-14.250000
8.428000,154819.000000,0.000000,1792.000000,1759.000000,574.000000,1754.000000,1557.000000,0.000000,0.000000,0.000000,0.000000,0.000000,0.000000,0.000000,0.000000,0.000000,-0.030000,9.530000,2.260000,0.000000,0.020000,-0.010000,40.060000,-17.250000,-14.250000
8.430000,154820.000000,19.000000,1755.000000,1759.000000,657.000000,1769.000000,1695.000000,0.000000,0.000000,0.000000,0.000000,0.000000,0.000000,0.000000,0.000000,0.000000,-0.010000,9.540000,2.300000,0.000000,0.010000,-0.010000,40.060000,-17.250000,-14.250000
8.432000,154821.000000,0.000000,1744.000000,1760.000000,760.000000,1739.000000,1794.000000,0.000000,0.000000,0.000000,0.000000,0.000000,0.000000,0.000000,0.000000,0.000000,-0.010000,9.540000,2.300000,0.000000,0.010000,-0.010000,40.060000,-17.250000,-14.250000
8.434000,154822.000000,3.000000,1735.000000,1742.000000,816.000000,1727.000000,1886.000000,0.000000,0.000000,0.000000,0.000000,0.000000,0.000000,0.000000,0.000000,0.000000,-0.010000,9.540000,2.300000,0.000000,0.010000,-0.010000,40.060000,-17.250000,-14.250000
8.436000,154823.000000,48.000000,1751.000000,1732.000000,1124.000000,1730.000000,2541.000000,0.000000,0.000000,0.000000,0.000000,0.000000,0.000000,0.000000,0.000000,0.000000,-0.010000,9.540000,2.300000,0.000000,0.010000,-0.010000,40.060000,-17.250000,-14.250000
8.438000,154824.000000,54.000000,1808.000000,1789.000000,1344.000000,1759.000000,2454.000000,0.000000,0.000000,0.000000,0.000000,0.000000,0.000000,0.000000,0.000000,0.000000,-0.010000,9.540000,2.300000,0.000000,0.010000,-0.010000,40.060000,-17.250000,-14.250000
8.440000,154825.000000,34.000000,1842.000000,1811.000000,1248.000000,1798.000000,2113.000000,0.000000,0.000000,0.000000,0.000000,0.000000,0.000000,0.000000,0.000000,0.000000,-0.030000,9.530000,2.330000,0.000000,0.000000,-0.010000,40.750000,-17.250000,-15.060000
8.442000,154826.000000,0.000000,1854.000000,1823.000000,919.000000,1821.000000,1410.000000,0.000000,0.000000,0.000000,0.000000,0.000000,0.000000,0.000000,0.000000,0.000000,-0.030000,9.530000,2.330000,0.000000,0.000000,-0.010000,40.750000,-17.250000,-15.060000
8.444000,154827.000000,0.000000,1847.000000,1801.000000,640.000000,1773.000000,1333.000000,0.000000,0.000000,0.000000,0.000000,0.000000,0.000000,0.000000,0.000000,0.000000,-0.030000,9.530000,2.330000,0.000000,0.000000,-0.010000,40.750000,-17.250000,-15.060000
8.446000,154828.000000,0.000000,1825.000000,1792.000000,489.000000,1767.000000,1331.000000,0.000000,0.000000,0.000000,0.000000,0.000000,0.000000,0.000000,0.000000,0.000000,-0.030000,9.530000,2.330000,0.000000,0.000000,-0.010000,40.750000,-17.250000,-15.060000
8.448000,154829.000000,0.000000,1813.000000,1777.000000,555.000000,1739.000000,1583.000000,0.000000,0.000000,0.000000,0.000000,0.000000,0.000000,0.000000,0.000000,0.000000,-0.030000,9.530000,2.330000,0.000000,0.000000,-0.010000,40.750000,-17.250000,-15.060000
8.450000,154830.000000,558.000000,1808.000000,1776.000000,656.000000,1747.000000,1664.000000,0.000000,0.000000,0.000000,0.000000,0.000000,0.000000,0.000000,0.000000,0.000000,-0.050000,9.510000,2.330000,0.000000,-0.010000,-0.010000,40.750000,-17.250000,-15.060000
8.452000,154831.000000,10.000000,1790.000000,1735.000000,754.000000,1719.000000,1759.000000,0.000000,0.000000,0.000000,0.000000,0.000000,0.000000,0.000000,0.000000,0.000000,-0.050000,9.510000,2.330000,0.000000,-0.010000,-0.010000,40.750000,-17.250000,-15.060000
8.454000,154832.000000,0.000000,1781.000000,1777.000000,830.000000,1731.000000,1905.000000,0.000000,0.000000,0.000000,0.000000,0.000000,0.000000,0.000000,0.000000,0.000000,-0.050000,9.510000,2.330000,0.000000,-0.010000,-0.010000,40.750000,-17.250000,-15.060000
8.456000,154833.000000,48.000000,1794.000000,1776.000000,1095.000000,1717.000000,2544.000000,0.000000,0.000000,0.000000,0.000000,0.000000,0.000000,0.000000,0.000000,0.000000,-0.050000,9.510000,2.330000,0.000000,-0.010000,-0.010000,40.750000,-17.250000,-15.060000
8.458000,154834.000000,54.000000,1840.000000,1782.000000,1328.000000,1739.000000,2448.000000,0.000000,0.000000,0.000000,0.000000,0.000000,0.000000,0.000000,0.000000,0.000000,-0.050000,9.510000,2.330000,0.000000,-0.010000,-0.010000,40.750000,-17.250000,-15.060000
